time,price,signal,label
2019-04-10 10:30:00,95.347,buy,2.0
2019-04-11 11:30:00,90.043,sell,4.0
2019-04-15 11:30:00,91.514,buy,2.0
2019-04-16 11:30:00,89.268,sell,4.0
2019-04-17 10:30:00,90.329,buy,2.0
2019-04-18 14:00:00,91.621,sell,4.0
2019-04-22 11:30:00,89.972,buy,2.0
2019-04-22 14:00:00,90.213,sell,4.0
2019-04-23 11:30:00,91.363,buy,2.0
2019-04-24 11:30:00,90.391,sell,4.0
2019-04-26 14:00:00,91.113,buy,2.0
2019-04-30 14:00:00,91.363,sell,4.0
2019-05-08 10:30:00,86.184,buy,2.0
2019-05-09 11:30:00,81.031,sell,4.0
2019-05-10 11:30:00,85.979,buy,1.0
2019-05-15 10:30:00,92.522,sell,3.0
2019-05-15 15:00:00,97.968,buy,2.0
2019-05-16 14:00:00,97.933,sell,4.0
2019-05-21 14:00:00,92.887,buy,2.0
2019-05-23 11:30:00,89.589,sell,4.0
2019-05-24 15:00:00,90.052,buy,2.0
2019-05-27 14:00:00,90.971,sell,4.0
2019-05-27 15:00:00,90.926,buy,2.0
2019-05-30 11:30:00,91.47,sell,4.0
2019-06-04 10:30:00,88.519,buy,2.0
2019-06-04 11:30:00,88.546,sell,4.0
2019-06-05 14:00:00,88.974,buy,1.0
2019-06-12 15:00:00,97.602,sell,3.0
2019-06-18 14:00:00,94.056,buy,1.0
2019-06-24 14:00:00,103.579,sell,3.0
2019-06-27 11:30:00,106.808,buy,1.0
2019-07-02 15:00:00,116.096,sell,3.0
2019-07-03 10:30:00,115.905,buy,2.0
2019-07-03 15:00:00,112.386,sell,4.0
2019-07-05 14:00:00,117.991,buy,2.0
2019-07-08 15:00:00,115.216,sell,4.0
2019-07-11 10:30:00,114.481,buy,2.0
2019-07-11 11:30:00,114.019,sell,4.0
2019-07-12 14:00:00,114.109,buy,2.0
2019-07-16 14:00:00,112.286,sell,4.0
2019-07-19 11:30:00,111.307,buy,2.0
2019-07-23 11:30:00,108.613,sell,4.0
2019-07-25 14:00:00,109.493,buy,2.0
2019-07-30 11:30:00,112.041,sell,4.0
2019-08-02 14:00:00,106.69,buy,2.0
2019-08-08 10:30:00,109.538,sell,4.0
2019-08-08 11:30:00,109.72,buy,2.0
2019-08-08 15:00:00,109.311,sell,4.0
2019-08-12 11:30:00,109.438,buy,2.0
2019-08-15 11:30:00,114.109,sell,4.0
2019-08-16 11:30:00,115.679,buy,2.0
2019-08-19 10:30:00,114.354,sell,4.0
2019-08-20 11:30:00,117.801,buy,2.0
2019-08-21 11:30:00,116.096,sell,4.0
2019-08-22 15:00:00,118.363,buy,2.0
2019-08-26 10:30:00,116.159,sell,4.0
2019-08-27 11:30:00,120.268,buy,1.0
2019-09-02 11:30:00,128.041,sell,3.0
2019-09-06 14:00:00,126.381,buy,2.0
2019-09-10 11:30:00,124.422,sell,4.0
2019-09-12 14:00:00,118.944,buy,2.0
2019-09-18 10:30:00,122.608,sell,4.0
2019-09-18 11:30:00,122.608,buy,2.0
2019-09-19 15:00:00,122.372,sell,4.0
2019-09-20 14:00:00,124.077,buy,2.0
2019-09-23 11:30:00,121.374,sell,4.0
2019-09-24 11:30:00,124.44,buy,2.0
2019-09-25 14:00:00,123.715,sell,4.0
2019-10-08 11:30:00,121.066,buy,2.0
2019-10-09 14:00:00,119.08,sell,4.0
2019-10-10 15:00:00,118.808,buy,2.0
2019-10-14 14:00:00,118.871,sell,4.0
2019-10-15 11:30:00,120.676,buy,2.0
2019-10-16 11:30:00,118.155,sell,4.0
2019-10-21 14:00:00,115.824,buy,2.0
2019-10-23 15:00:00,115.479,sell,4.0
2019-10-25 14:00:00,115.905,buy,2.0
2019-10-30 11:30:00,118.146,sell,4.0
2019-11-01 15:00:00,121.266,buy,2.0
2019-11-05 11:30:00,122.418,sell,4.0
2019-11-05 14:00:00,122.227,buy,2.0
2019-11-06 10:30:00,120.458,sell,4.0
2019-11-08 10:30:00,123.515,buy,2.0
2019-11-11 14:00:00,120.232,sell,4.0
2019-11-13 10:30:00,121.102,buy,2.0
2019-11-15 11:30:00,121.628,sell,4.0
2019-11-20 10:30:00,121.592,buy,2.0
2019-11-21 11:30:00,120.812,sell,4.0
2019-11-25 15:00:00,116.731,buy,2.0
2019-11-28 14:00:00,118.617,sell,4.0
2019-12-03 10:30:00,113.874,buy,2.0
2019-12-03 11:30:00,114.118,sell,4.0
2019-12-04 11:30:00,116.168,buy,2.0
2019-12-09 14:00:00,118.517,sell,4.0
2019-12-13 11:30:00,117.366,buy,2.0
2019-12-16 15:00:00,116.849,sell,4.0
2019-12-17 11:30:00,117.792,buy,2.0
2019-12-18 15:00:00,118.762,sell,4.0
2019-12-23 11:30:00,116.64,buy,2.0
2019-12-25 14:00:00,115.914,sell,4.0
2019-12-26 15:00:00,116.232,buy,2.0
2019-12-31 15:00:00,120.64,sell,4.0
2020-01-07 11:30:00,118.091,buy,2.0
2020-01-08 11:30:00,116.903,sell,4.0
2020-01-09 14:00:00,118.835,buy,1.0
2020-01-14 14:00:00,125.782,sell,3.0
2020-01-22 14:00:00,119.452,buy,2.0
2020-01-23 11:30:00,115.624,sell,4.0
2020-02-04 11:30:00,101.91,buy,1.0
2020-02-10 14:00:00,109.856,sell,3.0
2020-02-11 14:00:00,113.384,buy,2.0
2020-02-12 11:30:00,112.332,sell,4.0
2020-02-18 10:30:00,112.187,buy,1.0
2020-02-21 15:00:00,117.91,sell,3.0
2020-02-26 11:30:00,113.42,buy,2.0
2020-02-27 10:30:00,115.107,sell,4.0
2020-02-27 11:30:00,114.899,buy,2.0
2020-02-28 11:30:00,108.749,sell,4.0
2020-03-02 14:00:00,111.289,buy,1.0
2020-03-06 11:30:00,119.479,sell,3.0
2020-03-10 15:00:00,118.563,buy,2.0
2020-03-12 11:30:00,115.098,sell,4.0
2020-03-16 10:30:00,108.513,buy,2.0
2020-03-16 11:30:00,108.495,sell,4.0
2020-03-17 14:00:00,101.466,buy,2.0
2020-03-19 10:30:00,92.559,sell,4.0
2020-03-20 11:30:00,95.144,buy,1.0
2020-03-27 10:30:00,106.246,sell,3.0
2020-03-27 11:30:00,106.128,buy,2.0
2020-03-27 15:00:00,105.039,sell,4.0
2020-03-31 14:00:00,104.94,buy,2.0
2020-04-02 10:30:00,104.486,sell,4.0
2020-04-02 15:00:00,106.291,buy,2.0
2020-04-07 10:30:00,111.534,sell,4.0
2020-04-07 11:30:00,111.742,buy,2.0
2020-04-09 11:30:00,112.912,sell,4.0
2020-04-10 14:00:00,114.699,buy,2.0
2020-04-10 15:00:00,114.753,sell,4.0
2020-04-14 14:00:00,116.821,buy,2.0
2020-04-15 15:00:00,116.014,sell,4.0
2020-04-17 11:30:00,117.003,buy,2.0
2020-04-21 11:30:00,114.255,sell,4.0
2020-04-22 14:00:00,118.309,buy,2.0
2020-04-27 10:30:00,120.395,sell,4.0
2020-04-27 14:00:00,120.268,buy,2.0
2020-04-29 14:00:00,121.61,sell,4.0
2020-05-06 14:00:00,125.256,buy,2.0
2020-05-08 15:00:00,129.61,sell,4.0
2020-05-13 11:30:00,131.451,buy,2.0
2020-05-15 11:30:00,132.131,sell,4.0
2020-05-18 11:30:00,135.034,buy,2.0
2020-05-20 14:00:00,137.011,sell,4.0
2020-05-21 14:00:00,138.426,buy,2.0
2020-05-22 10:30:00,132.911,sell,4.0
2020-05-25 14:00:00,132.131,buy,2.0
2020-05-27 15:00:00,132.567,sell,4.0
2020-05-29 11:30:00,133.574,buy,1.0
2020-06-02 14:00:00,144.675,sell,3.0
2020-06-05 10:30:00,144.303,buy,2.0
2020-06-08 14:00:00,145.21,sell,4.0
2020-06-09 14:00:00,147.106,buy,2.0
2020-06-11 11:30:00,145.999,sell,4.0
2020-06-12 14:00:00,145.936,buy,2.0
2020-06-15 14:00:00,142.027,sell,4.0
2020-06-17 14:00:00,141.274,buy,1.0
2020-06-22 15:00:00,149.832,sell,3.0
2020-06-23 11:30:00,154.179,buy,2.0
2020-06-24 11:30:00,153.968,sell,4.0
2020-06-30 11:30:00,157.194,buy,1.0
2020-07-03 11:30:00,172.15,sell,3.0
2020-07-07 10:30:00,184.274,buy,2.0
2020-07-08 14:00:00,184.762,sell,4.0
2020-07-10 11:30:00,191.582,buy,2.0
2020-07-10 15:00:00,190.277,sell,4.0
2020-07-13 11:30:00,204.791,buy,2.0
2020-07-14 14:00:00,197.906,sell,4.0
2020-07-15 11:30:00,204.221,buy,2.0
2020-07-16 11:30:00,194.919,sell,4.0
2020-07-20 15:00:00,185.387,buy,2.0
2020-07-23 11:30:00,192.143,sell,4.0
2020-07-27 15:00:00,187.611,buy,1.0
2020-07-31 14:00:00,198.973,sell,3.0
2020-08-05 14:00:00,198.375,buy,2.0
2020-08-06 11:30:00,194.551,sell,4.0
2020-08-10 10:30:00,189.817,buy,2.0
2020-08-10 14:00:00,190.185,sell,4.0
2020-08-10 15:00:00,189.303,buy,2.0
2020-08-12 11:30:00,187.216,sell,4.0
2020-08-13 14:00:00,190.203,buy,1.0
2020-08-19 11:30:00,205.15,sell,3.0
2020-08-24 11:30:00,206.253,buy,2.0
2020-08-26 14:00:00,216.272,sell,4.0
2020-08-28 10:30:00,218.157,buy,2.0
2020-09-01 10:30:00,216.263,sell,4.0
2020-09-03 11:30:00,220.822,buy,2.0
2020-09-04 11:30:00,208.845,sell,4.0
2020-09-08 15:00:00,204.001,buy,2.0
2020-09-09 11:30:00,200.885,sell,4.0
2020-09-10 11:30:00,205.315,buy,2.0
2020-09-15 14:00:00,211.226,sell,4.0
2020-09-18 14:00:00,208.799,buy,2.0
2020-09-22 10:30:00,207.402,sell,4.0
2020-09-23 15:00:00,201.602,buy,2.0
2020-09-24 14:00:00,198.982,sell,4.0
2020-09-25 11:30:00,199.883,buy,2.0
2020-09-25 14:00:00,199.432,sell,4.0
2020-09-28 11:30:00,201.675,buy,2.0
2020-09-30 15:00:00,203.146,sell,4.0
2020-10-09 11:30:00,210.959,buy,1.0
2020-10-14 10:30:00,222.348,sell,3.0
2020-10-19 10:30:00,218.864,buy,2.0
2020-10-19 15:00:00,217.099,sell,4.0
2020-10-20 11:30:00,219.921,buy,2.0
2020-10-22 11:30:00,220.629,sell,4.0
2020-10-22 15:00:00,222.21,buy,2.0
2020-10-23 15:00:00,217.513,sell,4.0
2020-10-27 11:30:00,214.002,buy,1.0
2020-10-30 11:30:00,226.668,sell,3.0
2020-11-03 14:00:00,228.516,buy,2.0
2020-11-06 14:00:00,236.228,sell,4.0
2020-11-09 11:30:00,247.737,buy,2.0
2020-11-10 14:00:00,248.996,sell,4.0
2020-11-13 14:00:00,241.293,buy,2.0
2020-11-18 10:30:00,245.135,sell,4.0
2020-11-19 15:00:00,243.315,buy,2.0
2020-11-24 10:30:00,247.121,sell,4.0
2020-11-26 15:00:00,239.528,buy,2.0
2020-11-30 15:00:00,233.48,sell,4.0
2020-12-01 15:00:00,237.148,buy,1.0
2020-12-07 14:00:00,249.41,sell,3.0
2020-12-08 15:00:00,250.026,buy,2.0
2020-12-09 10:30:00,249.336,sell,4.0
2020-12-14 10:30:00,250.274,buy,2.0
2020-12-18 10:30:00,255.192,sell,4.0
2020-12-21 11:30:00,258.289,buy,2.0
2020-12-23 10:30:00,263.262,sell,4.0
2020-12-28 10:30:00,261.075,buy,2.0
2020-12-29 14:00:00,259.466,sell,4.0
2020-12-30 11:30:00,262.784,buy,2.0
2020-12-31 14:00:00,267.941,sell,4.0
2020-12-31 15:00:00,268.272,buy,1.0
2021-01-06 11:30:00,294.019,sell,3.0
2021-01-12 14:00:00,283.108,buy,2.0
2021-01-14 11:30:00,269.734,sell,4.0
2021-01-18 10:30:00,258.905,buy,2.0
2021-01-19 15:00:00,258.758,sell,4.0
2021-01-20 11:30:00,258.28,buy,1.0
2021-01-22 15:00:00,271.682,sell,3.0
2021-01-25 11:30:00,287.171,buy,2.0
2021-01-26 11:30:00,282.943,sell,4.0
2021-01-29 11:30:00,270.303,buy,1.0
2021-02-05 10:30:00,295.931,sell,3.0
2021-02-05 11:30:00,301.97,buy,2.0
2021-02-05 15:00:00,293.927,sell,4.0
2021-02-09 14:00:00,301.18,buy,2.0
2021-02-18 11:30:00,307.017,sell,4.0
2021-02-22 10:30:00,301.685,buy,2.0
2021-02-22 11:30:00,292.493,sell,4.0
2021-02-24 10:30:00,276.499,buy,2.0
2021-02-24 11:30:00,270.083,sell,4.0
2021-02-25 14:00:00,264.494,buy,2.0
2021-02-25 15:00:00,265.56,sell,4.0
2021-02-26 11:30:00,257.839,buy,2.0
2021-03-02 14:00:00,255.762,sell,4.0
2021-03-04 10:30:00,249.713,buy,2.0
2021-03-04 11:30:00,245.2,sell,4.0
2021-03-05 14:00:00,249.07,buy,2.0
2021-03-08 14:00:00,230.814,sell,4.0
2021-03-09 11:30:00,227.799,buy,1.0
2021-03-12 11:30:00,241.753,sell,3.0
2021-03-16 14:00:00,238.719,buy,2.0
2021-03-19 11:30:00,239.749,sell,4.0
2021-03-23 11:30:00,238.885,buy,2.0
2021-03-24 15:00:00,239.73,sell,4.0
2021-03-26 14:00:00,244.988,buy,2.0
2021-03-30 15:00:00,251.368,sell,4.0
2021-04-02 10:30:00,257.462,buy,2.0
2021-04-07 11:30:00,249.364,sell,4.0
2021-04-09 10:30:00,244.464,buy,2.0
2021-04-09 11:30:00,244.896,sell,4.0
2021-04-13 11:30:00,244.713,buy,2.0
2021-04-15 11:30:00,229.435,sell,4.0
2021-04-16 11:30:00,238.811,buy,2.0
2021-04-21 10:30:00,247.277,sell,4.0
2021-04-22 14:00:00,250.173,buy,2.0
2021-04-23 10:30:00,253.39,sell,4.0
2021-04-26 10:30:00,261.148,buy,2.0
2021-04-26 14:00:00,253.886,sell,4.0
2021-04-28 10:30:00,259.346,buy,2.0
2021-04-29 14:00:00,264.724,sell,4.0
2021-04-29 15:00:00,266.112,buy,2.0
2021-04-30 11:30:00,264.715,sell,4.0
2021-05-11 11:30:00,248.178,buy,2.0
2021-05-13 14:00:00,252.195,sell,4.0
2021-05-14 11:30:00,263.005,buy,2.0
2021-05-18 10:30:00,271.011,sell,4.0
2021-05-19 11:30:00,279.624,buy,2.0
2021-05-19 14:00:00,278.54,sell,4.0
2021-05-24 14:00:00,277.878,buy,1.0
2021-05-26 15:00:00,293.229,sell,3.0
2021-06-01 10:30:00,287.53,buy,2.0
2021-06-02 14:00:00,285.599,sell,4.0
2021-06-03 11:30:00,292.217,buy,2.0
2021-06-04 11:30:00,288.936,sell,4.0
2021-06-04 15:00:00,289.828,buy,2.0
2021-06-07 11:30:00,284.064,sell,4.0
2021-06-09 14:00:00,271.655,buy,2.0
2021-06-09 15:00:00,272.546,sell,4.0
2021-06-10 10:30:00,278.42,buy,2.0
2021-06-15 11:30:00,274.366,sell,4.0
2021-06-16 10:30:00,269.862,buy,2.0
2021-06-16 11:30:00,266.176,sell,4.0
2021-06-17 11:30:00,271.627,buy,2.0
2021-06-18 11:30:00,264.705,sell,4.0
2021-06-21 10:30:00,271.535,buy,2.0
2021-06-23 11:30:00,269.375,sell,4.0
2021-06-24 15:00:00,269.053,buy,2.0
2021-06-29 11:30:00,274.274,sell,4.0
2021-07-02 10:30:00,264.733,buy,2.0
2021-07-02 11:30:00,263.814,sell,4.0
2021-07-06 14:00:00,252.737,buy,2.0
2021-07-08 14:00:00,248.454,sell,4.0
2021-07-12 11:30:00,251.483,buy,2.0
2021-07-14 11:30:00,255.4,sell,4.0
2021-07-15 14:00:00,260.783,buy,2.0
2021-07-16 14:00:00,258.769,sell,4.0
2021-07-20 10:30:00,261.535,buy,2.0
2021-07-21 15:00:00,260.996,sell,4.0
2021-07-28 14:00:00,220.049,buy,2.0
2021-07-30 11:30:00,204.884,sell,4.0
2021-08-02 14:00:00,217.293,buy,2.0
2021-08-04 15:00:00,217.636,sell,4.0
2021-08-09 11:30:00,217.831,buy,2.0
2021-08-12 11:30:00,224.495,sell,4.0
2021-08-16 14:00:00,223.576,buy,2.0
2021-08-17 14:00:00,214.601,sell,4.0
2021-08-19 10:30:00,211.232,buy,2.0
2021-08-19 11:30:00,207.863,sell,4.0
2021-08-23 15:00:00,191.223,buy,2.0
2021-08-24 10:30:00,193.441,sell,4.0
2021-08-24 11:30:00,196.448,buy,2.0
2021-08-26 11:30:00,193.153,sell,4.0
2021-08-30 14:00:00,189.515,buy,2.0
2021-08-31 14:00:00,186.963,sell,4.0
2021-09-01 11:30:00,194.703,buy,2.0
2021-09-02 14:00:00,187.464,sell,4.0
2021-09-03 14:00:00,190.638,buy,2.0
2021-09-07 14:00:00,195.817,sell,4.0
2021-09-10 11:30:00,195.993,buy,2.0
2021-09-13 14:00:00,192.791,sell,4.0
2021-09-16 14:00:00,183.065,buy,2.0
2021-09-22 11:30:00,180.049,sell,4.0
2021-09-24 11:30:00,187.297,buy,1.0
2021-09-28 15:00:00,201.339,sell,3.0
2021-09-30 11:30:00,205.116,buy,2.0
2021-10-08 10:30:00,212.457,sell,4.0
2021-10-08 11:30:00,216.912,buy,2.0
2021-10-08 15:00:00,211.808,sell,4.0
2021-10-13 11:30:00,220.504,buy,2.0
2021-10-14 15:00:00,222.741,sell,4.0
2021-10-19 15:00:00,203.223,buy,2.0
2021-10-21 15:00:00,205.098,sell,4.0
2021-10-22 10:30:00,206.397,buy,2.0
2021-10-25 11:30:00,204.216,sell,4.0
2021-10-28 11:30:00,202.156,buy,2.0
2021-11-01 15:00:00,190.202,sell,4.0
2021-11-04 11:30:00,189.497,buy,2.0
2021-11-08 15:00:00,195.817,sell,4.0
2021-11-12 10:30:00,189.265,buy,2.0
2021-11-12 14:00:00,189.45,sell,4.0
2021-11-15 11:30:00,191.78,buy,2.0
2021-11-18 11:30:00,193.71,sell,4.0
2021-11-19 11:30:00,197.487,buy,2.0
2021-11-23 14:00:00,200.281,sell,4.0
2021-11-24 11:30:00,208.262,buy,2.0
2021-11-25 14:00:00,206.824,sell,4.0
2021-11-29 14:00:00,207.78,buy,2.0
2021-11-30 11:30:00,202.972,sell,4.0
2021-12-02 10:30:00,205.877,buy,1.0
2021-12-07 14:00:00,219.168,sell,3.0
2021-12-08 11:30:00,225.469,buy,2.0
2021-12-10 10:30:00,231.557,sell,4.0
2021-12-17 10:30:00,221.135,buy,2.0
2021-12-17 11:30:00,219.372,sell,4.0
2021-12-20 15:00:00,219.028,buy,2.0
2021-12-21 11:30:00,214.527,sell,4.0
2021-12-21 14:00:00,214.416,buy,2.0
2021-12-23 11:30:00,213.72,sell,4.0
2021-12-23 15:00:00,219.966,buy,2.0
2021-12-27 11:30:00,218.973,sell,4.0
2022-01-04 10:30:00,203.084,buy,2.0
2022-01-06 11:30:00,204.745,sell,4.0
2022-01-10 11:30:00,200.513,buy,2.0
2022-01-13 11:30:00,197.924,sell,4.0
2022-01-17 14:00:00,193.292,buy,2.0
2022-01-19 15:00:00,195.641,sell,4.0
2022-01-20 11:30:00,198.091,buy,2.0
2022-01-24 11:30:00,200.606,sell,4.0
2022-01-27 11:30:00,191.492,buy,2.0
2022-01-28 10:30:00,186.545,sell,4.0
2022-02-08 15:00:00,176.336,buy,2.0
2022-02-14 10:30:00,181.905,sell,4.0
2022-02-14 14:00:00,183.742,buy,2.0
2022-02-16 15:00:00,185.07,sell,4.0
2022-02-18 15:00:00,184.689,buy,2.0
2022-02-21 15:00:00,184.875,sell,4.0
2022-02-23 15:00:00,182.09,buy,2.0
2022-02-24 11:30:00,176.986,sell,4.0
2022-02-25 11:30:00,176.522,buy,2.0
2022-02-28 14:00:00,174.044,sell,4.0
2022-03-01 10:30:00,179.445,buy,2.0
2022-03-02 14:00:00,175.343,sell,4.0
2022-03-08 11:30:00,154.09,buy,2.0
2022-03-09 14:00:00,148.123,sell,4.0
2022-03-09 15:00:00,151.167,buy,2.0
2022-03-14 11:30:00,156.15,sell,4.0
2022-03-16 15:00:00,152.949,buy,2.0
2022-03-21 10:30:00,154.925,sell,4.0
2022-03-23 14:00:00,154.554,buy,2.0
2022-03-24 11:30:00,149.877,sell,4.0
2022-03-28 14:00:00,140.781,buy,2.0
2022-03-28 15:00:00,140.327,sell,4.0
2022-03-30 11:30:00,142.461,buy,2.0
2022-04-06 10:30:00,147.983,sell,4.0
2022-04-12 11:30:00,144.948,buy,1.0
2022-04-15 14:00:00,158.016,sell,3.0
2022-04-20 11:30:00,155.408,buy,2.0
2022-04-21 14:00:00,151.928,sell,4.0
2022-04-22 14:00:00,153.988,buy,2.0
2022-04-25 11:30:00,149.654,sell,4.0
2022-04-26 11:30:00,149.895,buy,2.0
2022-04-29 11:30:00,147.844,sell,4.0
2022-05-05 14:00:00,150.498,buy,2.0
2022-05-05 15:00:00,149.923,sell,4.0
2022-05-10 10:30:00,144.884,buy,2.0
2022-05-13 10:30:00,146.628,sell,4.0
2022-05-17 15:00:00,144.921,buy,2.0
2022-05-18 11:30:00,143.259,sell,4.0
2022-05-18 15:00:00,143.464,buy,2.0
2022-05-19 11:30:00,141.793,sell,4.0
2022-05-20 11:30:00,147.798,buy,2.0
2022-05-23 15:00:00,147.965,sell,4.0
2022-05-26 10:30:00,144.271,buy,2.0
2022-05-26 11:30:00,147.018,sell,4.0
2022-05-26 14:00:00,145.737,buy,1.0
2022-06-01 14:00:00,157.264,sell,3.0
2022-06-06 11:30:00,160.095,buy,2.0
2022-06-07 15:00:00,161.598,sell,4.0
2022-06-08 11:30:00,164.262,buy,2.0
2022-06-09 11:30:00,164.197,sell,4.0
2022-06-13 10:30:00,161.088,buy,2.0
2022-06-13 11:30:00,159.918,sell,4.0
2022-06-15 10:30:00,162.591,buy,1.0
2022-06-20 11:30:00,170.907,sell,3.0
2022-06-23 15:00:00,167.427,buy,1.0
2022-06-29 11:30:00,181.985,sell,3.0
2022-06-30 14:00:00,191.22,buy,2.0
2022-07-01 11:30:00,189.09,sell,4.0
2022-07-04 10:30:00,189.947,buy,2.0
2022-07-04 11:30:00,188.986,sell,4.0
2022-07-07 14:00:00,179.893,buy,2.0
2022-07-11 11:30:00,175.841,sell,4.0
2022-07-12 11:30:00,177.198,buy,2.0
2022-07-14 11:30:00,180.76,sell,4.0
2022-07-15 11:30:00,181.674,buy,2.0
2022-07-15 15:00:00,178.95,sell,4.0
2022-07-19 15:00:00,178.008,buy,2.0
2022-07-21 11:30:00,177.848,sell,4.0
2022-07-25 11:30:00,176.491,buy,2.0
2022-07-27 14:00:00,178.046,sell,4.0
2022-08-01 14:00:00,168.377,buy,2.0
2022-08-04 10:30:00,165.795,sell,4.0
2022-08-04 11:30:00,164.721,buy,2.0
2022-08-04 14:00:00,166.794,sell,4.0
2022-08-04 15:00:00,166.587,buy,2.0
2022-08-08 15:00:00,167.652,sell,4.0
2022-08-11 11:30:00,166.7,buy,2.0
2022-08-15 11:30:00,165.852,sell,4.0
2022-08-17 14:00:00,166.172,buy,2.0
2022-08-18 11:30:00,162.441,sell,4.0
2022-08-19 11:30:00,164.24,buy,2.0
2022-08-22 11:30:00,162.252,sell,4.0
2022-08-22 14:00:00,161.564,buy,2.0
2022-08-22 15:00:00,161.611,sell,4.0
2022-08-24 14:00:00,157.917,buy,2.0
2022-08-29 10:30:00,155.533,sell,4.0
2022-08-31 11:30:00,155.439,buy,2.0
2022-09-01 15:00:00,154.129,sell,4.0
2022-09-06 10:30:00,149.832,buy,2.0
2022-09-07 15:00:00,149.776,sell,4.0
2022-09-08 11:30:00,150.416,buy,2.0
2022-09-09 10:30:00,151.406,sell,4.0
2022-09-09 11:30:00,151.726,buy,2.0
2022-09-14 11:30:00,152.537,sell,4.0
2022-09-15 14:00:00,155.015,buy,2.0
2022-09-16 11:30:00,152.81,sell,4.0
2022-09-19 14:00:00,153.507,buy,2.0
2022-09-21 14:00:00,154.534,sell,4.0
2022-09-26 11:30:00,153.724,buy,2.0
2022-09-29 10:30:00,159.189,sell,4.0
2022-10-11 15:00:00,149.446,buy,2.0
2022-10-12 11:30:00,143.971,sell,4.0
2022-10-13 10:30:00,145.723,buy,2.0
2022-10-17 14:00:00,148.55,sell,4.0
2022-10-18 11:30:00,150.096,buy,2.0
2022-10-18 15:00:00,149.549,sell,4.0
2022-10-21 10:30:00,143.763,buy,2.0
2022-10-21 11:30:00,144.018,sell,4.0
2022-10-25 11:30:00,136.639,buy,2.0
2022-10-27 14:00:00,130.231,sell,4.0
2022-11-01 11:30:00,130.589,buy,2.0
2022-11-03 11:30:00,131.739,sell,4.0
2022-11-04 11:30:00,139.353,buy,2.0
2022-11-08 11:30:00,139.476,sell,4.0
2022-11-10 15:00:00,137.355,buy,2.0
2022-11-15 10:30:00,142.689,sell,4.0
2022-11-15 14:00:00,145.365,buy,2.0
2022-11-17 11:30:00,142.821,sell,4.0
2022-11-18 14:00:00,145.375,buy,2.0
2022-11-21 11:30:00,140.098,sell,4.0
2022-11-22 14:00:00,141.492,buy,2.0
2022-11-23 15:00:00,141.134,sell,4.0
2022-11-25 15:00:00,138.882,buy,2.0
2022-11-28 11:30:00,137.582,sell,4.0
2022-11-28 14:00:00,137.233,buy,1.0
2022-12-01 10:30:00,155.251,sell,3.0
2022-12-05 14:00:00,158.973,buy,2.0
2022-12-07 11:30:00,164.938,sell,4.0
2022-12-09 14:00:00,171.789,buy,2.0
2022-12-12 14:00:00,168.83,sell,4.0
2022-12-14 11:30:00,172.439,buy,2.0
2022-12-15 15:00:00,171.468,sell,4.0
2022-12-21 11:30:00,164.08,buy,2.0
2022-12-26 11:30:00,169.329,sell,4.0
2022-12-27 14:00:00,170.168,buy,2.0
2022-12-28 11:30:00,169.621,sell,4.0
2022-12-30 11:30:00,169.894,buy,2.0
2023-01-03 11:30:00,167.539,sell,4.0
2023-01-05 11:30:00,177.15,buy,2.0
2023-01-09 15:00:00,184.586,sell,4.0
2023-01-13 11:30:00,186.414,buy,2.0
2023-01-17 11:30:00,191.672,sell,4.0
2023-01-20 11:30:00,198.033,buy,2.0
2023-01-31 11:30:00,198.749,sell,4.0
2023-02-02 10:30:00,200.596,buy,2.0
2023-02-03 14:00:00,196.94,sell,4.0
2023-02-07 11:30:00,191.418,buy,2.0
2023-02-08 11:30:00,187.62,sell,4.0
2023-02-09 11:30:00,194.122,buy,2.0
2023-02-13 10:30:00,198.692,sell,4.0
2023-02-13 11:30:00,200.558,buy,2.0
2023-02-14 11:30:00,197.618,sell,4.0
2023-02-16 11:30:00,201.274,buy,2.0
2023-02-17 10:30:00,201.171,sell,4.0
2023-02-17 11:30:00,199.305,buy,2.0
2023-02-17 14:00:00,199.013,sell,4.0
2023-02-21 10:30:00,197.449,buy,2.0
2023-02-21 15:00:00,197.967,sell,4.0
2023-02-27 11:30:00,193.396,buy,2.0
2023-02-28 15:00:00,192.633,sell,4.0
2023-03-01 10:30:00,194.452,buy,2.0
2023-03-02 15:00:00,194.348,sell,4.0
2023-03-09 15:00:00,186.583,buy,2.0
2023-03-13 10:30:00,186.894,sell,4.0
2023-03-13 11:30:00,187.79,buy,2.0
2023-03-14 15:00:00,184.02,sell,4.0
2023-03-17 14:00:00,178.677,buy,2.0
2023-03-17 15:00:00,177.631,sell,4.0
2023-03-21 11:30:00,178.969,buy,2.0
2023-03-24 15:00:00,181.89,sell,4.0
2023-03-28 15:00:00,181.4,buy,2.0
2023-03-31 14:00:00,186.499,sell,4.0
2023-04-06 10:30:00,181.759,buy,2.0
2023-04-06 11:30:00,180.081,sell,4.0
2023-04-07 11:30:00,178.621,buy,2.0
2023-04-07 15:00:00,178.159,sell,4.0
2023-04-10 14:00:00,174.144,buy,2.0
2023-04-11 15:00:00,170.121,sell,4.0
2023-04-13 11:30:00,167.859,buy,2.0
2023-04-14 11:30:00,165.522,sell,4.0
2023-04-17 11:30:00,167.397,buy,2.0
2023-04-19 11:30:00,166.125,sell,4.0
2023-04-21 11:30:00,163.722,buy,2.0
2023-04-21 15:00:00,162.082,sell,4.0
2023-04-25 14:00:00,159.133,buy,2.0
2023-04-27 14:00:00,159.727,sell,4.0
2023-04-27 15:00:00,159.416,buy,2.0
2023-04-28 15:00:00,159.255,sell,4.0
2023-05-04 11:30:00,158.473,buy,2.0
2023-05-04 14:00:00,158.153,sell,4.0
2023-05-05 11:30:00,160.009,buy,2.0
2023-05-08 15:00:00,161.517,sell,4.0
2023-05-09 11:30:00,165.437,buy,2.0
2023-05-10 11:30:00,163.477,sell,4.0
2023-05-15 14:00:00,161.508,buy,2.0
2023-05-17 14:00:00,159.529,sell,4.0
2023-05-19 11:30:00,161.046,buy,2.0
2023-05-23 14:00:00,164.91,sell,4.0
2023-05-26 14:00:00,160.217,buy,2.0
2023-05-29 15:00:00,158.558,sell,4.0
2023-05-31 15:00:00,151.886,buy,2.0
2023-06-05 14:00:00,155.241,sell,4.0
2023-06-06 14:00:00,157.06,buy,2.0
2023-06-06 15:00:00,156.07,sell,4.0
2023-06-09 10:30:00,155.901,buy,1.0
2023-06-15 10:30:00,169.555,sell,3.0
2023-06-15 11:30:00,169.847,buy,2.0
2023-06-16 11:30:00,172.184,sell,4.0
2023-06-26 14:00:00,157.06,buy,2.0
2023-06-29 14:00:00,157.928,sell,4.0
2023-07-03 11:30:00,160.3,buy,2.0
2023-07-05 11:30:00,159.297,sell,4.0
2023-07-10 11:30:00,158.67,buy,2.0
2023-07-14 14:00:00,165.005,sell,4.0
2023-07-19 15:00:00,162.296,buy,2.0
2023-07-24 11:30:00,162.18,sell,4.0
2023-07-25 11:30:00,173.452,buy,2.0
2023-07-27 14:00:00,172.401,sell,4.0
2023-07-28 14:00:00,175.534,buy,2.0
2023-07-31 11:30:00,176.026,sell,4.0
2023-08-03 14:00:00,172.622,buy,2.0
2023-08-07 14:00:00,170.684,sell,4.0
2023-08-09 10:30:00,170.655,buy,2.0
2023-08-10 14:00:00,169.585,sell,4.0
2023-08-11 10:30:00,168.467,buy,2.0
2023-08-11 11:30:00,167.58,sell,4.0
2023-08-15 10:30:00,160.907,buy,2.0
2023-08-15 11:30:00,160.541,sell,4.0
2023-08-16 11:30:00,161.052,buy,2.0
2023-08-18 11:30:00,158.42,sell,4.0
2023-08-23 10:30:00,155.286,buy,2.0
2023-08-23 14:00:00,155.382,sell,4.0
2023-08-24 11:30:00,156.481,buy,2.0
2023-08-28 11:30:00,152.306,sell,4.0
2023-08-30 10:30:00,153.531,buy,2.0
2023-08-31 14:00:00,150.947,sell,4.0
2023-09-01 11:30:00,153.84,buy,2.0
2023-09-05 14:00:00,159.962,sell,4.0
2023-09-11 10:30:00,156.385,buy,2.0
2023-09-13 14:00:00,157.465,sell,4.0
2023-09-18 11:30:00,156.202,buy,2.0
2023-09-20 11:30:00,154.129,sell,4.0
2023-09-22 11:30:00,153.454,buy,2.0
2023-09-26 11:30:00,151.689,sell,4.0
2023-10-09 11:30:00,148.585,buy,2.0
2023-10-11 14:00:00,148.295,sell,4.0
2023-10-12 11:30:00,149.944,buy,2.0
2023-10-13 11:30:00,146.917,sell,4.0
2023-10-17 11:30:00,145.586,buy,2.0
2023-10-19 10:30:00,140.967,sell,4.0
2023-10-23 14:00:00,138.055,buy,1.0
2023-10-30 11:30:00,151.284,sell,3.0
2023-11-03 15:00:00,153.955,buy,2.0
2023-11-07 11:30:00,152.731,sell,4.0
2023-11-08 14:00:00,152.422,buy,2.0
2023-11-08 15:00:00,152.972,sell,4.0
2023-11-09 15:00:00,152.904,buy,2.0
2023-11-10 11:30:00,151.275,sell,4.0
2023-11-14 11:30:00,149.79,buy,2.0
2023-11-16 15:00:00,150.918,sell,4.0
2023-11-20 14:00:00,148.922,buy,2.0
2023-11-21 10:30:00,150.195,sell,4.0
2023-11-21 11:30:00,150.031,buy,2.0
2023-11-22 11:30:00,148.777,sell,4.0
2023-11-24 10:30:00,147.804,buy,2.0
2023-11-27 11:30:00,143.667,sell,4.0
2023-11-29 11:30:00,142.896,buy,2.0
2023-12-01 11:30:00,141.228,sell,4.0
2023-12-06 11:30:00,138.644,buy,2.0
2023-12-07 14:00:00,137.593,sell,4.0
2023-12-07 15:00:00,137.419,buy,2.0
2023-12-08 10:30:00,138.914,sell,4.0
2023-12-08 11:30:00,138.374,buy,2.0
2023-12-11 11:30:00,132.694,sell,4.0
2023-12-12 14:00:00,133.861,buy,2.0
2023-12-13 11:30:00,130.506,sell,4.0
2023-12-15 11:30:00,129.889,buy,2.0
2023-12-19 14:00:00,128.192,sell,4.0
2023-12-20 10:30:00,128.317,buy,2.0
2023-12-20 14:00:00,127.931,sell,4.0
2023-12-21 14:00:00,129.291,buy,2.0
2023-12-26 11:30:00,129.204,sell,4.0
2023-12-27 10:30:00,128.732,buy,2.0
2023-12-27 11:30:00,129.513,sell,4.0
2023-12-28 11:30:00,133.88,buy,2.0
2024-01-02 11:30:00,131.624,sell,4.0
2024-01-05 11:30:00,127.603,buy,2.0
2024-01-08 11:30:00,123.968,sell,4.0
2024-01-09 11:30:00,123.795,buy,2.0
2024-01-09 15:00:00,123.236,sell,4.0
2024-01-10 11:30:00,124.132,buy,2.0
2024-01-12 14:00:00,124.441,sell,4.0
2024-01-18 15:00:00,123.322,buy,2.0
2024-01-23 10:30:00,122.165,sell,4.0
2024-01-25 10:30:00,124.836,buy,2.0
2024-01-29 11:30:00,127.632,sell,4.0
2024-02-01 11:30:00,122.464,buy,2.0
2024-02-02 15:00:00,119.388,sell,4.0
2024-02-05 14:00:00,122.763,buy,1.0
2024-02-08 11:30:00,129.493,sell,3.0
2024-02-21 11:30:00,134.681,buy,2.0
2024-02-23 15:00:00,136.638,sell,4.0
2024-02-28 10:30:00,136.233,buy,2.0
2024-03-04 10:30:00,135.201,sell,4.0
2024-03-06 10:30:00,134.044,buy,2.0
2024-03-06 11:30:00,134.767,sell,4.0
2024-03-08 15:00:00,133.466,buy,1.0
2024-03-13 14:00:00,142.732,sell,3.0
2024-03-18 11:30:00,148.141,buy,2.0
2024-03-20 11:30:00,151.766,sell,4.0
2024-03-25 15:00:00,146.29,buy,2.0
2024-03-27 15:00:00,147.196,sell,4.0
2024-03-28 11:30:00,148.961,buy,2.0
2024-03-28 15:00:00,147.62,sell,4.0
2024-04-01 11:30:00,151.863,buy,2.0
2024-04-02 15:00:00,149.934,sell,4.0
2024-04-11 10:30:00,137.043,buy,2.0
2024-04-17 11:30:00,139.54,sell,4.0
2024-04-18 11:30:00,140.697,buy,2.0
2024-04-19 11:30:00,137.689,sell,4.0
2024-04-22 11:30:00,139.733,buy,1.0
2024-04-29 14:00:00,147.669,sell,3.0
2024-05-06 14:00:00,148.652,buy,2.0
2024-05-08 11:30:00,149.076,sell,4.0
2024-05-10 15:00:00,148.903,buy,2.0
2024-05-13 11:30:00,145.046,sell,4.0
2024-05-14 15:00:00,145.923,buy,2.0
2024-05-20 14:00:00,151.458,sell,4.0
2024-05-28 10:30:00,145.692,buy,2.0
2024-05-28 15:00:00,144.66,sell,4.0
2024-05-29 14:00:00,143.841,buy,2.0
2024-05-29 15:00:00,143.87,sell,4.0
2024-05-31 11:30:00,142.182,buy,2.0
2024-06-03 15:00:00,140.755,sell,4.0
2024-06-04 10:30:00,141.546,buy,2.0
2024-06-05 14:00:00,140.871,sell,4.0
2024-06-14 14:00:00,129.879,buy,2.0
2024-06-18 15:00:00,129.098,sell,4.0
2024-06-24 10:30:00,125.521,buy,2.0
2024-06-26 14:00:00,126.196,sell,4.0
2024-07-01 15:00:00,123.708,buy,2.0
2024-07-04 11:30:00,125.665,sell,4.0
2024-07-09 15:00:00,122.522,buy,2.0
2024-07-15 14:00:00,127.82,sell,4.0
2024-07-17 14:00:00,130.8,buy,2.0
2024-07-18 15:00:00,131.1,sell,4.0
2024-07-19 11:30:00,132.41,buy,2.0
2024-07-22 11:30:00,132.01,sell,4.0
2024-07-25 14:00:00,125.46,buy,2.0
2024-07-25 15:00:00,125.78,sell,4.0
2024-07-26 10:30:00,125.46,buy,2.0
2024-07-29 14:00:00,125.07,sell,4.0
2024-07-31 10:30:00,126.0,buy,2.0
2024-08-01 14:00:00,124.74,sell,4.0
2024-08-05 11:30:00,127.29,buy,2.0
2024-08-07 10:30:00,125.69,sell,4.0
2024-08-07 15:00:00,127.0,buy,2.0
2024-08-12 10:30:00,128.3,sell,4.0
2024-08-15 11:30:00,125.26,buy,2.0
2024-08-19 11:30:00,124.55,sell,4.0
2024-08-21 14:00:00,122.19,buy,2.0
2024-08-21 15:00:00,122.2,sell,4.0
2024-08-23 10:30:00,120.98,buy,2.0
2024-08-26 11:30:00,118.94,sell,4.0
2024-08-27 14:00:00,117.51,buy,2.0
2024-08-28 11:30:00,113.41,sell,4.0
2024-08-29 11:30:00,118.94,buy,2.0
2024-09-02 11:30:00,120.0,sell,4.0
2024-09-05 14:00:00,119.19,buy,2.0
2024-09-06 14:00:00,118.06,sell,4.0
2024-09-10 11:30:00,116.39,buy,2.0
2024-09-12 11:30:00,114.79,sell,4.0
2024-09-18 15:00:00,107.69,buy,2.0
2024-09-20 15:00:00,110.28,sell,4.0
2024-09-23 10:30:00,112.9,buy,1.0
2024-09-25 15:00:00,122.1,sell,3.0
2024-09-26 11:30:00,126.91,buy,1.0
2024-09-27 15:00:00,147.74,sell,3.0
2024-09-30 10:30:00,160.4,buy,2.0
2024-09-30 14:00:00,162.49,sell,4.0
2024-09-30 15:00:00,162.51,buy,2.0
2024-10-08 11:30:00,170.03,sell,4.0
2024-10-11 14:00:00,149.52,buy,2.0
2024-10-14 11:30:00,149.81,sell,4.0
2024-10-14 14:00:00,149.54,buy,2.0
2024-10-15 14:00:00,146.36,sell,4.0
2024-10-18 14:00:00,142.61,buy,2.0
2024-10-24 11:30:00,147.06,sell,4.0
2024-10-28 11:30:00,152.4,buy,2.0
2024-10-29 14:00:00,151.1,sell,4.0
2024-11-01 11:30:00,149.01,buy,2.0
2024-11-04 11:30:00,149.01,sell,4.0
2024-11-04 14:00:00,148.23,buy,1.0
2024-11-07 10:30:00,156.49,sell,3.0
2024-11-07 11:30:00,157.3,buy,2.0
2024-11-08 11:30:00,156.9,sell,4.0
2024-11-12 14:00:00,155.0,buy,2.0
2024-11-13 11:30:00,153.9,sell,4.0
2024-11-14 14:00:00,154.25,buy,2.0
2024-11-18 10:30:00,152.69,sell,4.0
2024-11-18 11:30:00,151.95,buy,2.0
2024-11-18 14:00:00,150.01,sell,4.0
2024-11-20 10:30:00,148.8,buy,2.0
2024-11-22 11:30:00,147.39,sell,4.0
2024-11-26 11:30:00,145.18,buy,2.0
2024-11-28 14:00:00,144.53,sell,4.0
2024-11-29 14:00:00,147.66,buy,2.0
2024-12-03 11:30:00,147.43,sell,4.0
2024-12-06 14:00:00,146.36,buy,2.0
2024-12-09 14:00:00,145.38,sell,4.0
2024-12-10 11:30:00,150.42,buy,2.0
2024-12-11 10:30:00,150.15,sell,4.0
2024-12-11 11:30:00,149.86,buy,2.0
2024-12-11 15:00:00,149.4,sell,4.0
2024-12-12 14:00:00,150.9,buy,2.0
2024-12-13 11:30:00,148.98,sell,4.0
2024-12-17 14:00:00,145.87,buy,2.0
2024-12-19 11:30:00,143.43,sell,4.0
2024-12-20 14:00:00,143.22,buy,2.0
2024-12-20 15:00:00,143.21,sell,4.0
2024-12-23 14:00:00,143.15,buy,2.0
2024-12-24 10:30:00,143.01,sell,4.0
2024-12-24 11:30:00,142.52,buy,2.0
2024-12-26 14:00:00,142.37,sell,4.0
2024-12-27 15:00:00,142.52,buy,2.0
2024-12-30 11:30:00,142.0,sell,4.0
2024-12-31 11:30:00,141.61,buy,2.0
2024-12-31 15:00:00,140.04,sell,4.0
2025-01-06 11:30:00,132.0,buy,2.0
2025-01-06 15:00:00,130.83,sell,4.0
2025-01-08 10:30:00,130.39,buy,2.0
2025-01-08 14:00:00,129.68,sell,4.0
