time,price,signal,label
2019-04-09 11:30:00,15.77,buy,2.0
2019-04-11 11:30:00,15.348,sell,4.0
2019-04-12 15:00:00,15.265,buy,2.0
2019-04-18 14:00:00,15.185,sell,4.0
2019-04-19 14:00:00,15.302,buy,2.0
2019-04-22 15:00:00,15.302,sell,4.0
2019-04-23 11:30:00,15.552,buy,2.0
2019-04-24 11:30:00,15.328,sell,4.0
2019-04-26 14:00:00,15.041,buy,1.0
2019-04-30 15:00:00,16.021,sell,3.0
2019-05-08 10:30:00,17.225,buy,2.0
2019-05-09 11:30:00,16.79,sell,4.0
2019-05-14 11:30:00,18.124,buy,1.0
2019-05-16 15:00:00,19.104,sell,3.0
2019-05-20 15:00:00,19.773,buy,2.0
2019-05-22 14:00:00,18.813,sell,4.0
2019-05-24 11:30:00,18.512,buy,2.0
2019-05-29 10:30:00,18.7,sell,4.0
2019-05-29 15:00:00,19.252,buy,2.0
2019-06-03 11:30:00,19.08,sell,4.0
2019-06-06 11:30:00,17.486,buy,2.0
2019-06-12 14:00:00,18.131,sell,4.0
2019-06-18 14:00:00,17.358,buy,2.0
2019-06-20 10:30:00,17.718,sell,4.0
2019-06-20 11:30:00,17.995,buy,2.0
2019-06-25 11:30:00,17.885,sell,4.0
2019-06-26 11:30:00,18.839,buy,1.0
2019-07-02 11:30:00,21.317,sell,3.0
2019-07-05 15:00:00,21.374,buy,2.0
2019-07-08 11:30:00,20.486,sell,4.0
2019-07-09 15:00:00,21.057,buy,2.0
2019-07-12 15:00:00,21.215,sell,4.0
2019-07-15 11:30:00,22.072,buy,2.0
2019-07-15 15:00:00,21.721,sell,4.0
2019-07-19 11:30:00,20.833,buy,2.0
2019-07-22 11:30:00,20.455,sell,4.0
2019-07-24 14:00:00,20.315,buy,2.0
2019-07-29 11:30:00,20.412,sell,4.0
2019-07-31 11:30:00,21.075,buy,1.0
2019-08-02 10:30:00,22.178,sell,3.0
2019-08-02 11:30:00,22.138,buy,2.0
2019-08-05 15:00:00,22.736,sell,4.0
2019-08-07 15:00:00,23.122,buy,2.0
2019-08-09 14:00:00,23.021,sell,4.0
2019-08-13 11:30:00,23.368,buy,2.0
2019-08-14 15:00:00,23.632,sell,4.0
2019-08-15 10:30:00,23.649,buy,2.0
2019-08-15 14:00:00,23.627,sell,4.0
2019-08-16 10:30:00,23.851,buy,2.0
2019-08-16 15:00:00,23.417,sell,4.0
2019-08-20 14:00:00,23.715,buy,2.0
2019-08-21 14:00:00,22.925,sell,4.0
2019-08-22 15:00:00,23.091,buy,2.0
2019-08-23 11:30:00,23.531,sell,4.0
2019-08-23 14:00:00,23.285,buy,2.0
2019-08-27 15:00:00,23.746,sell,4.0
2019-08-29 11:30:00,25.495,buy,2.0
2019-09-02 14:00:00,25.433,sell,4.0
2019-09-04 11:30:00,25.648,buy,2.0
2019-09-04 15:00:00,25.745,sell,4.0
2019-09-05 10:30:00,25.565,buy,2.0
2019-09-05 11:30:00,25.833,sell,4.0
2019-09-05 14:00:00,25.763,buy,2.0
2019-09-06 11:30:00,25.934,sell,4.0
2019-09-06 14:00:00,25.877,buy,2.0
2019-09-09 11:30:00,25.42,sell,4.0
2019-09-11 10:30:00,25.394,buy,2.0
2019-09-11 11:30:00,24.959,sell,4.0
2019-09-12 11:30:00,24.778,buy,2.0
2019-09-17 10:30:00,24.634,sell,4.0
2019-09-18 11:30:00,26.096,buy,2.0
2019-09-19 15:00:00,25.534,sell,4.0
2019-09-23 15:00:00,25.596,buy,2.0
2019-09-25 10:30:00,25.293,sell,4.0
2019-09-26 11:30:00,25.314,buy,2.0
2019-09-30 10:30:00,25.222,sell,4.0
2019-09-30 15:00:00,25.117,buy,1.0
2019-10-08 10:30:00,26.531,sell,3.0
2019-10-08 11:30:00,26.536,buy,2.0
2019-10-09 14:00:00,26.198,sell,4.0
2019-10-10 15:00:00,26.975,buy,2.0
2019-10-11 11:30:00,26.426,sell,4.0
2019-10-15 11:30:00,26.193,buy,2.0
2019-10-17 11:30:00,26.369,sell,4.0
2019-10-22 11:30:00,25.89,buy,2.0
2019-10-24 10:30:00,25.407,sell,4.0
2019-10-25 15:00:00,25.78,buy,2.0
2019-10-30 11:30:00,25.042,sell,4.0
2019-11-01 11:30:00,24.809,buy,2.0
2019-11-05 14:00:00,25.385,sell,4.0
2019-11-11 11:30:00,23.012,buy,2.0
2019-11-12 14:00:00,22.85,sell,4.0
2019-11-12 15:00:00,22.894,buy,2.0
2019-11-14 15:00:00,23.179,sell,4.0
2019-11-18 11:30:00,23.061,buy,2.0
2019-11-20 14:00:00,23.544,sell,4.0
2019-11-25 10:30:00,22.353,buy,2.0
2019-11-25 11:30:00,22.309,sell,4.0
2019-11-26 10:30:00,21.857,buy,2.0
2019-11-26 11:30:00,21.822,sell,4.0
2019-11-27 10:30:00,22.292,buy,2.0
2019-11-28 11:30:00,21.624,sell,4.0
2019-11-29 11:30:00,22.468,buy,2.0
2019-12-02 14:00:00,22.055,sell,4.0
2019-12-04 11:30:00,22.525,buy,2.0
2019-12-06 14:00:00,22.938,sell,4.0
2019-12-11 14:00:00,22.274,buy,2.0
2019-12-13 10:30:00,22.252,sell,4.0
2019-12-13 11:30:00,22.125,buy,2.0
2019-12-16 11:30:00,22.063,sell,4.0
2019-12-17 15:00:00,22.406,buy,2.0
2019-12-19 11:30:00,22.059,sell,4.0
2019-12-23 10:30:00,22.046,buy,2.0
2019-12-24 15:00:00,21.703,sell,4.0
2019-12-26 10:30:00,21.822,buy,2.0
2019-12-31 14:00:00,22.762,sell,4.0
2020-01-02 10:30:00,23.131,buy,2.0
2020-01-03 11:30:00,22.635,sell,4.0
2020-01-07 14:00:00,22.801,buy,2.0
2020-01-10 11:30:00,23.46,sell,4.0
2020-01-15 11:30:00,23.28,buy,2.0
2020-01-16 14:00:00,22.876,sell,4.0
2020-01-17 11:30:00,23.272,buy,2.0
2020-01-20 10:30:00,23.122,sell,4.0
2020-01-20 14:00:00,23.548,buy,1.0
2020-01-23 11:30:00,24.972,sell,3.0
2020-02-05 15:00:00,25.24,buy,2.0
2020-02-10 11:30:00,25.635,sell,4.0
2020-02-13 10:30:00,24.598,buy,2.0
2020-02-13 11:30:00,24.528,sell,4.0
2020-02-14 11:30:00,24.519,buy,2.0
2020-02-18 15:00:00,24.713,sell,4.0
2020-02-19 10:30:00,24.51,buy,2.0
2020-02-19 11:30:00,24.33,sell,4.0
2020-02-21 10:30:00,23.834,buy,2.0
2020-02-25 10:30:00,24.098,sell,4.0
2020-02-25 11:30:00,23.746,buy,2.0
2020-02-25 14:00:00,23.671,sell,4.0
2020-02-27 11:30:00,23.891,buy,2.0
2020-02-28 15:00:00,23.57,sell,4.0
2020-03-02 11:30:00,24.651,buy,2.0
2020-03-04 11:30:00,24.642,sell,4.0
2020-03-05 10:30:00,25.987,buy,2.0
2020-03-05 14:00:00,26.066,sell,4.0
2020-03-06 11:30:00,26.202,buy,2.0
2020-03-09 11:30:00,26.162,sell,4.0
2020-03-12 14:00:00,24.691,buy,2.0
2020-03-13 11:30:00,23.777,sell,4.0
2020-03-16 10:30:00,23.627,buy,2.0
2020-03-16 11:30:00,23.636,sell,4.0
2020-03-17 14:00:00,22.793,buy,2.0
2020-03-19 15:00:00,23.223,sell,4.0
2020-03-20 11:30:00,24.796,buy,2.0
2020-03-24 11:30:00,25.899,sell,4.0
2020-03-24 14:00:00,25.38,buy,2.0
2020-03-24 15:00:00,25.701,sell,4.0
2020-03-25 14:00:00,26.241,buy,2.0
2020-03-27 15:00:00,27.195,sell,4.0
2020-03-31 11:30:00,27.542,buy,2.0
2020-04-01 14:00:00,26.742,sell,4.0
2020-04-03 10:30:00,28.645,buy,2.0
2020-04-07 11:30:00,28.008,sell,4.0
2020-04-09 11:30:00,28.043,buy,2.0
2020-04-10 15:00:00,28.139,sell,4.0
2020-04-14 10:30:00,27.885,buy,2.0
2020-04-14 11:30:00,28.095,sell,4.0
2020-04-14 14:00:00,28.095,buy,2.0
2020-04-15 11:30:00,27.63,sell,4.0
2020-04-16 14:00:00,28.293,buy,2.0
2020-04-20 10:30:00,28.491,sell,4.0
2020-04-20 11:30:00,28.746,buy,2.0
2020-04-21 11:30:00,27.876,sell,4.0
2020-04-22 11:30:00,29.348,buy,2.0
2020-04-23 15:00:00,29.225,sell,4.0
2020-04-27 11:30:00,30.125,buy,2.0
2020-04-29 14:00:00,31.026,sell,4.0
2020-05-06 15:00:00,30.534,buy,2.0
2020-05-08 15:00:00,30.415,sell,4.0
2020-05-12 11:30:00,30.938,buy,2.0
2020-05-14 15:00:00,31.083,sell,4.0
2020-05-18 11:30:00,32.23,buy,2.0
2020-05-20 14:00:00,33.029,sell,4.0
2020-05-21 14:00:00,34.044,buy,2.0
2020-05-22 10:30:00,33.297,sell,4.0
2020-05-26 10:30:00,33.776,buy,2.0
2020-05-27 14:00:00,33.086,sell,4.0
2020-05-29 11:30:00,34.971,buy,2.0
2020-06-02 11:30:00,34.334,sell,4.0
2020-06-04 10:30:00,35.235,buy,2.0
2020-06-05 14:00:00,34.98,sell,4.0
2020-06-09 11:30:00,35.428,buy,2.0
2020-06-11 15:00:00,36.201,sell,4.0
2020-06-12 15:00:00,36.904,buy,2.0
2020-06-16 10:30:00,38.534,sell,4.0
2020-06-16 11:30:00,38.736,buy,1.0
2020-06-17 14:00:00,40.864,sell,3.0
2020-06-19 14:00:00,40.902,buy,2.0
2020-06-23 10:30:00,40.849,sell,4.0
2020-06-24 10:30:00,40.127,buy,2.0
2020-06-24 11:30:00,40.095,sell,4.0
2020-06-30 11:30:00,41.002,buy,2.0
2020-07-01 14:00:00,39.861,sell,4.0
2020-07-03 14:00:00,39.978,buy,2.0
2020-07-07 11:30:00,38.694,sell,4.0
2020-07-09 10:30:00,40.196,buy,2.0
2020-07-13 10:30:00,40.456,sell,4.0
2020-07-15 11:30:00,42.175,buy,2.0
2020-07-16 11:30:00,40.254,sell,4.0
2020-07-21 11:30:00,37.717,buy,2.0
2020-07-24 11:30:00,38.508,sell,4.0
2020-07-28 14:00:00,38.004,buy,1.0
2020-07-30 14:00:00,39.994,sell,3.0
2020-07-31 11:30:00,40.36,buy,2.0
2020-07-31 15:00:00,40.604,sell,4.0
2020-08-05 14:00:00,39.585,buy,2.0
2020-08-06 11:30:00,38.428,sell,4.0
2020-08-07 10:30:00,38.311,buy,2.0
2020-08-07 11:30:00,37.993,sell,4.0
2020-08-10 10:30:00,39.001,buy,2.0
2020-08-11 15:00:00,38.301,sell,4.0
2020-08-14 11:30:00,36.82,buy,1.0
2020-08-20 10:30:00,40.684,sell,3.0
2020-08-21 14:00:00,41.305,buy,2.0
2020-08-26 10:30:00,43.025,sell,4.0
2020-08-28 11:30:00,43.874,buy,2.0
2020-09-01 14:00:00,45.19,sell,4.0
2020-09-02 11:30:00,46.289,buy,2.0
2020-09-02 14:00:00,47.059,sell,4.0
2020-09-02 15:00:00,46.714,buy,2.0
2020-09-03 14:00:00,46.82,sell,4.0
2020-09-08 15:00:00,43.524,buy,2.0
2020-09-09 11:30:00,41.767,sell,4.0
2020-09-09 15:00:00,42.589,buy,2.0
2020-09-14 11:30:00,42.95,sell,4.0
2020-09-15 14:00:00,44.299,buy,2.0
2020-09-17 10:30:00,43.11,sell,4.0
2020-09-21 11:30:00,42.149,buy,2.0
2020-09-23 10:30:00,43.603,sell,4.0
2020-09-23 11:30:00,43.784,buy,2.0
2020-09-24 14:00:00,44.161,sell,4.0
2020-09-24 15:00:00,43.524,buy,2.0
2020-09-25 10:30:00,44.426,sell,4.0
2020-09-25 11:30:00,43.635,buy,2.0
2020-09-25 14:00:00,43.672,sell,4.0
2020-09-30 14:00:00,43.598,buy,2.0
2020-10-09 14:00:00,43.195,sell,4.0
2020-10-12 11:30:00,44.813,buy,2.0
2020-10-14 14:00:00,45.222,sell,4.0
2020-10-15 15:00:00,46.443,buy,2.0
2020-10-16 14:00:00,45.981,sell,4.0
2020-10-20 14:00:00,45.647,buy,2.0
2020-10-22 11:30:00,45.806,sell,4.0
2020-10-27 10:30:00,46.061,buy,1.0
2020-11-02 15:00:00,49.59,sell,3.0
2020-11-04 10:30:00,51.114,buy,2.0
2020-11-05 11:30:00,50.785,sell,4.0
2020-11-09 11:30:00,51.098,buy,2.0
2020-11-10 11:30:00,50.631,sell,4.0
2020-11-12 14:00:00,50.211,buy,2.0
2020-11-16 14:00:00,50.424,sell,4.0
2020-11-19 15:00:00,47.133,buy,2.0
2020-11-23 11:30:00,45.981,sell,4.0
2020-11-25 15:00:00,44.898,buy,2.0
2020-11-30 11:30:00,45.859,sell,4.0
2020-12-01 11:30:00,46.576,buy,2.0
2020-12-01 15:00:00,45.535,sell,4.0
2020-12-03 10:30:00,44.219,buy,2.0
2020-12-03 11:30:00,44.893,sell,4.0
2020-12-03 14:00:00,44.851,buy,2.0
2020-12-08 15:00:00,46.517,sell,4.0
2020-12-14 11:30:00,43.306,buy,2.0
2020-12-16 14:00:00,42.982,sell,4.0
2020-12-21 10:30:00,41.008,buy,2.0
2020-12-23 10:30:00,40.764,sell,4.0
2020-12-24 11:30:00,42.112,buy,2.0
2020-12-29 10:30:00,41.533,sell,4.0
2020-12-31 10:30:00,41.804,buy,2.0
2020-12-31 14:00:00,40.87,sell,4.0
2021-01-05 11:30:00,41.109,buy,2.0
2021-01-07 11:30:00,41.809,sell,4.0
2021-01-11 14:00:00,41.544,buy,1.0
2021-01-14 14:00:00,47.611,sell,3.0
2021-01-18 11:30:00,48.545,buy,2.0
2021-01-20 10:30:00,48.593,sell,4.0
2021-01-21 11:30:00,50.742,buy,1.0
2021-01-25 11:30:00,56.002,sell,3.0
2021-01-25 14:00:00,56.469,buy,2.0
2021-01-26 11:30:00,53.693,sell,4.0
2021-02-03 10:30:00,51.411,buy,2.0
2021-02-03 11:30:00,51.538,sell,4.0
2021-02-03 14:00:00,51.082,buy,2.0
2021-02-03 15:00:00,51.268,sell,4.0
2021-02-04 11:30:00,50.376,buy,2.0
2021-02-04 14:00:00,50.158,sell,4.0
2021-02-05 11:30:00,50.477,buy,2.0
2021-02-09 14:00:00,51.485,sell,4.0
2021-02-09 15:00:00,51.459,buy,2.0
2021-02-18 11:30:00,47.929,sell,4.0
2021-02-19 15:00:00,49.474,buy,2.0
2021-02-23 11:30:00,48.386,sell,4.0
2021-02-23 14:00:00,49.022,buy,2.0
2021-02-24 11:30:00,47.43,sell,4.0
2021-02-26 11:30:00,45.456,buy,2.0
2021-02-26 14:00:00,45.312,sell,4.0
2021-03-01 14:00:00,46.91,buy,2.0
2021-03-02 15:00:00,45.095,sell,4.0
2021-03-05 15:00:00,43.789,buy,2.0
2021-03-08 15:00:00,40.949,sell,4.0
2021-03-09 14:00:00,40.679,buy,2.0
2021-03-10 10:30:00,40.875,sell,4.0
2021-03-10 11:30:00,42.308,buy,2.0
2021-03-12 11:30:00,40.663,sell,4.0
2021-03-16 14:00:00,40.445,buy,1.0
2021-03-19 14:00:00,42.483,sell,3.0
2021-03-24 10:30:00,43.184,buy,2.0
2021-03-24 11:30:00,43.242,sell,4.0
2021-03-25 11:30:00,43.991,buy,2.0
2021-03-26 11:30:00,43.476,sell,4.0
2021-03-26 14:00:00,43.508,buy,2.0
2021-03-29 14:00:00,43.099,sell,4.0
2021-03-30 11:30:00,45.488,buy,2.0
2021-03-31 14:00:00,44.452,sell,4.0
2021-04-02 11:30:00,45.259,buy,2.0
2021-04-02 15:00:00,44.808,sell,4.0
2021-04-06 11:30:00,45.429,buy,2.0
2021-04-06 15:00:00,45.647,sell,4.0
2021-04-07 10:30:00,44.644,buy,2.0
2021-04-07 11:30:00,44.065,sell,4.0
2021-04-08 11:30:00,45.912,buy,2.0
2021-04-09 15:00:00,45.015,sell,4.0
2021-04-13 14:00:00,43.338,buy,2.0
2021-04-15 11:30:00,40.159,sell,4.0
2021-04-20 14:00:00,39.325,buy,1.0
2021-04-23 10:30:00,42.998,sell,3.0
2021-04-23 11:30:00,43.009,buy,2.0
2021-04-23 15:00:00,42.436,sell,4.0
2021-04-28 11:30:00,39.999,buy,2.0
2021-04-30 15:00:00,40.137,sell,4.0
2021-05-11 10:30:00,38.211,buy,2.0
2021-05-13 11:30:00,38.364,sell,4.0
2021-05-17 11:30:00,39.277,buy,2.0
2021-05-18 14:00:00,38.699,sell,4.0
2021-05-21 10:30:00,37.717,buy,2.0
2021-05-21 11:30:00,37.706,sell,4.0
2021-05-24 10:30:00,37.053,buy,2.0
2021-05-24 11:30:00,37.314,sell,4.0
2021-05-25 10:30:00,37.611,buy,2.0
2021-05-26 14:00:00,37.685,sell,4.0
2021-05-27 11:30:00,38.423,buy,2.0
2021-05-28 15:00:00,39.394,sell,4.0
2021-05-31 11:30:00,39.681,buy,2.0
2021-05-31 14:00:00,39.585,sell,4.0
2021-06-01 14:00:00,40.27,buy,2.0
2021-06-02 11:30:00,39.564,sell,4.0
2021-06-07 14:00:00,37.361,buy,2.0
2021-06-09 11:30:00,36.151,sell,4.0
2021-06-10 11:30:00,36.289,buy,2.0
2021-06-11 14:00:00,34.555,sell,4.0
2021-06-15 11:30:00,36.044,buy,2.0
2021-06-16 15:00:00,34.793,sell,4.0
2021-06-21 11:30:00,32.944,buy,2.0
2021-06-22 15:00:00,32.956,sell,4.0
2021-06-23 11:30:00,33.079,buy,2.0
2021-06-24 11:30:00,32.731,sell,4.0
2021-06-24 14:00:00,32.467,buy,2.0
2021-06-24 15:00:00,32.963,sell,4.0
2021-06-25 10:30:00,32.525,buy,2.0
2021-06-29 11:30:00,32.718,sell,4.0
2021-07-01 15:00:00,33.259,buy,2.0
2021-07-02 11:30:00,32.518,sell,4.0
2021-07-07 11:30:00,31.332,buy,2.0
2021-07-09 11:30:00,29.843,sell,4.0
2021-07-13 15:00:00,30.037,buy,2.0
2021-07-14 14:00:00,29.108,sell,4.0
2021-07-16 11:30:00,28.805,buy,2.0
2021-07-21 14:00:00,28.967,sell,4.0
2021-07-28 11:30:00,25.647,buy,1.0
2021-08-02 11:30:00,27.413,sell,3.0
2021-08-03 11:30:00,28.116,buy,2.0
2021-08-04 11:30:00,27.072,sell,4.0
2021-08-09 11:30:00,28.341,buy,1.0
2021-08-11 15:00:00,30.456,sell,3.0
2021-08-16 14:00:00,31.345,buy,2.0
2021-08-17 14:00:00,30.572,sell,4.0
2021-08-18 11:30:00,31.816,buy,2.0
2021-08-18 14:00:00,32.067,sell,4.0
2021-08-23 11:30:00,32.267,buy,2.0
2021-08-25 14:00:00,31.583,sell,4.0
2021-08-30 14:00:00,28.554,buy,2.0
2021-09-02 14:00:00,29.888,sell,4.0
2021-09-06 11:30:00,29.579,buy,2.0
2021-09-07 14:00:00,29.463,sell,4.0
2021-09-08 10:30:00,30.069,buy,2.0
2021-09-08 15:00:00,29.321,sell,4.0
2021-09-14 11:30:00,27.175,buy,2.0
2021-09-14 15:00:00,26.968,sell,4.0
2021-09-15 11:30:00,27.188,buy,2.0
2021-09-22 14:00:00,27.091,sell,4.0
2021-09-24 11:30:00,27.594,buy,2.0
2021-09-28 11:30:00,27.4,sell,4.0
2021-09-30 11:30:00,27.226,buy,1.0
2021-10-13 11:30:00,30.236,sell,3.0
2021-10-20 10:30:00,27.774,buy,2.0
2021-10-20 11:30:00,27.716,sell,4.0
2021-10-20 15:00:00,27.781,buy,2.0
2021-10-21 11:30:00,27.523,sell,4.0
2021-10-22 14:00:00,27.626,buy,2.0
2021-10-25 14:00:00,27.104,sell,4.0
2021-10-26 11:30:00,26.943,buy,2.0
2021-10-27 11:30:00,26.498,sell,4.0
2021-10-29 14:00:00,22.669,buy,1.0
2021-11-03 10:30:00,25.26,sell,3.0
2021-11-03 11:30:00,24.996,buy,2.0
2021-11-03 15:00:00,24.977,sell,4.0
2021-11-04 14:00:00,25.26,buy,2.0
2021-11-08 11:30:00,24.642,sell,4.0
2021-11-09 15:00:00,25.093,buy,2.0
2021-11-10 14:00:00,25.189,sell,4.0
2021-11-10 15:00:00,25.119,buy,2.0
2021-11-11 14:00:00,25.048,sell,4.0
2021-11-12 10:30:00,24.364,buy,2.0
2021-11-12 11:30:00,24.145,sell,4.0
2021-11-16 11:30:00,24.364,buy,2.0
2021-11-17 11:30:00,23.958,sell,4.0
2021-11-19 10:30:00,23.178,buy,2.0
2021-11-19 15:00:00,23.269,sell,4.0
2021-11-22 10:30:00,22.946,buy,2.0
2021-11-22 11:30:00,22.921,sell,4.0
2021-11-23 11:30:00,22.914,buy,2.0
2021-11-26 11:30:00,23.301,sell,4.0
2021-11-30 14:00:00,22.708,buy,2.0
2021-11-30 15:00:00,22.727,sell,4.0
2021-12-02 14:00:00,22.379,buy,2.0
2021-12-02 15:00:00,22.34,sell,4.0
2021-12-03 14:00:00,21.786,buy,1.0
2021-12-08 14:00:00,23.269,sell,3.0
2021-12-09 10:30:00,23.997,buy,2.0
2021-12-10 11:30:00,24.661,sell,4.0
2021-12-10 14:00:00,24.538,buy,2.0
2021-12-10 15:00:00,24.654,sell,4.0
2021-12-13 10:30:00,25.054,buy,2.0
2021-12-13 14:00:00,24.803,sell,4.0
2021-12-17 10:30:00,23.398,buy,2.0
2021-12-20 15:00:00,23.14,sell,4.0
2021-12-21 11:30:00,23.365,buy,2.0
2021-12-23 11:30:00,22.991,sell,4.0
2021-12-24 11:30:00,23.552,buy,1.0
2021-12-29 11:30:00,26.562,sell,3.0
2021-12-31 11:30:00,26.91,buy,2.0
2022-01-05 14:00:00,27.626,sell,4.0
2022-01-07 11:30:00,27.748,buy,2.0
2022-01-10 11:30:00,27.697,sell,4.0
2022-01-10 14:00:00,28.167,buy,2.0
2022-01-11 15:00:00,27.839,sell,4.0
2022-01-14 11:30:00,26.833,buy,2.0
2022-01-18 11:30:00,26.852,sell,4.0
2022-01-20 10:30:00,27.072,buy,2.0
2022-01-21 10:30:00,25.828,sell,4.0
2022-01-24 15:00:00,26.607,buy,2.0
2022-01-26 11:30:00,25.061,sell,4.0
2022-01-28 14:00:00,24.493,buy,2.0
2022-02-07 10:30:00,24.609,sell,4.0
2022-02-07 11:30:00,24.687,buy,2.0
2022-02-09 11:30:00,24.397,sell,4.0
2022-02-10 15:00:00,24.77,buy,2.0
2022-02-11 11:30:00,23.958,sell,4.0
2022-02-15 11:30:00,23.327,buy,2.0
2022-02-18 10:30:00,23.752,sell,4.0
2022-02-22 10:30:00,23.185,buy,2.0
2022-02-22 11:30:00,23.204,sell,4.0
2022-02-23 11:30:00,23.642,buy,2.0
2022-02-24 15:00:00,23.256,sell,4.0
2022-03-02 10:30:00,22.56,buy,2.0
2022-03-07 11:30:00,21.793,sell,4.0
2022-03-09 15:00:00,20.188,buy,1.0
2022-03-11 14:00:00,21.58,sell,3.0
2022-03-11 15:00:00,21.876,buy,2.0
2022-03-15 11:30:00,20.11,sell,4.0
2022-03-16 15:00:00,20.207,buy,2.0
2022-03-21 10:30:00,21.096,sell,4.0
2022-03-21 11:30:00,21.245,buy,2.0
2022-03-22 11:30:00,20.51,sell,4.0
2022-03-24 10:30:00,20.317,buy,2.0
2022-03-24 11:30:00,20.542,sell,4.0
2022-03-24 14:00:00,20.516,buy,2.0
2022-03-25 14:00:00,20.091,sell,4.0
2022-03-30 11:30:00,19.646,buy,2.0
2022-03-31 15:00:00,19.298,sell,4.0
2022-04-06 10:30:00,19.337,buy,2.0
2022-04-07 14:00:00,19.124,sell,4.0
2022-04-11 15:00:00,17.887,buy,2.0
2022-04-15 10:30:00,18.073,sell,4.0
2022-04-15 11:30:00,17.899,buy,2.0
2022-04-15 14:00:00,17.97,sell,4.0
2022-04-19 11:30:00,17.829,buy,2.0
2022-04-19 15:00:00,17.609,sell,4.0
2022-04-20 11:30:00,17.996,buy,2.0
2022-04-21 10:30:00,17.539,sell,4.0
2022-04-25 10:30:00,16.062,buy,2.0
2022-04-25 11:30:00,15.914,sell,4.0
2022-04-26 11:30:00,15.682,buy,2.0
2022-04-27 11:30:00,14.954,sell,4.0
2022-04-27 15:00:00,15.457,buy,1.0
2022-05-06 14:00:00,18.396,sell,3.0
2022-05-09 10:30:00,17.983,buy,2.0
2022-05-09 11:30:00,18.177,sell,4.0
2022-05-11 11:30:00,18.422,buy,2.0
2022-05-13 11:30:00,18.396,sell,4.0
2022-05-17 15:00:00,18.666,buy,2.0
2022-05-18 11:30:00,17.964,sell,4.0
2022-05-19 14:00:00,17.758,buy,2.0
2022-05-24 15:00:00,18.447,sell,4.0
2022-05-25 11:30:00,19.305,buy,1.0
2022-05-27 10:30:00,20.787,sell,3.0
2022-06-06 10:30:00,21.399,buy,2.0
2022-06-07 15:00:00,21.503,sell,4.0
2022-06-10 11:30:00,20.948,buy,2.0
2022-06-14 14:00:00,21.494,sell,4.0
2022-06-16 11:30:00,21.776,buy,2.0
2022-06-16 15:00:00,21.667,sell,4.0
2022-06-20 10:30:00,21.321,buy,1.0
2022-06-23 11:30:00,23.08,sell,3.0
2022-06-24 10:30:00,24.469,buy,2.0
2022-06-27 14:00:00,23.99,sell,4.0
2022-06-29 14:00:00,24.328,buy,2.0
2022-07-01 14:00:00,24.241,sell,4.0
2022-07-04 14:00:00,25.466,buy,2.0
2022-07-05 14:00:00,24.728,sell,4.0
2022-07-06 15:00:00,25.482,buy,2.0
2022-07-07 11:30:00,25.026,sell,4.0
2022-07-11 14:00:00,24.634,buy,2.0
2022-07-13 11:30:00,24.587,sell,4.0
2022-07-15 10:30:00,24.838,buy,2.0
2022-07-18 10:30:00,24.461,sell,4.0
2022-07-18 11:30:00,24.728,buy,2.0
2022-07-19 14:00:00,23.794,sell,4.0
2022-07-20 11:30:00,24.493,buy,2.0
2022-07-22 11:30:00,23.888,sell,4.0
2022-07-26 14:00:00,23.441,buy,1.0
2022-08-01 10:30:00,26.479,sell,3.0
2022-08-01 11:30:00,26.455,buy,2.0
2022-08-02 11:30:00,25.45,sell,4.0
2022-08-05 11:30:00,25.474,buy,2.0
2022-08-09 10:30:00,24.814,sell,4.0
2022-08-11 14:00:00,24.257,buy,2.0
2022-08-12 15:00:00,23.833,sell,4.0
2022-08-15 14:00:00,23.825,buy,2.0
2022-08-17 10:30:00,23.621,sell,4.0
2022-08-17 14:00:00,24.131,buy,2.0
2022-08-18 11:30:00,23.417,sell,4.0
2022-08-19 11:30:00,24.336,buy,2.0
2022-08-22 14:00:00,23.77,sell,4.0
2022-08-25 15:00:00,23.48,buy,1.0
2022-08-31 14:00:00,26.377,sell,3.0
2022-09-01 11:30:00,26.447,buy,2.0
2022-09-01 14:00:00,26.408,sell,4.0
2022-09-06 14:00:00,25.623,buy,2.0
2022-09-08 11:30:00,24.901,sell,4.0
2022-09-09 11:30:00,25.27,buy,2.0
2022-09-13 15:00:00,24.869,sell,4.0
2022-09-15 10:30:00,25.482,buy,2.0
2022-09-16 10:30:00,24.555,sell,4.0
2022-09-22 11:30:00,22.295,buy,1.0
2022-09-29 15:00:00,24.077,sell,3.0
2022-10-10 11:30:00,24.54,buy,2.0
2022-10-10 15:00:00,24.022,sell,4.0
2022-10-12 15:00:00,24.422,buy,1.0
2022-10-18 15:00:00,27.9,sell,3.0
2022-10-20 11:30:00,29.124,buy,2.0
2022-10-21 11:30:00,29.069,sell,4.0
2022-10-24 10:30:00,28.787,buy,2.0
2022-10-24 11:30:00,28.7,sell,4.0
2022-10-26 14:00:00,28.936,buy,2.0
2022-10-28 11:30:00,28.645,sell,4.0
2022-11-02 10:30:00,29.47,buy,2.0
2022-11-03 11:30:00,28.559,sell,4.0
2022-11-04 11:30:00,30.317,buy,2.0
2022-11-07 11:30:00,28.779,sell,4.0
2022-11-09 11:30:00,28.771,buy,2.0
2022-11-11 14:00:00,29.485,sell,4.0
2022-11-14 11:30:00,32.037,buy,2.0
2022-11-16 14:00:00,33.144,sell,4.0
2022-11-17 14:00:00,35.349,buy,2.0
2022-11-18 11:30:00,34.8,sell,4.0
2022-11-24 11:30:00,32.822,buy,2.0
2022-11-25 14:00:00,32.241,sell,4.0
2022-11-28 11:30:00,32.256,buy,2.0
2022-11-30 15:00:00,33.136,sell,4.0
2022-12-02 15:00:00,35.02,buy,2.0
2022-12-06 11:30:00,34.133,sell,4.0
2022-12-08 11:30:00,34.541,buy,2.0
2022-12-12 10:30:00,35.993,sell,4.0
2022-12-12 11:30:00,35.797,buy,2.0
2022-12-13 11:30:00,33.874,sell,4.0
2022-12-15 15:00:00,32.578,buy,2.0
2022-12-19 14:00:00,30.302,sell,4.0
2022-12-21 14:00:00,29.705,buy,2.0
2022-12-27 10:30:00,29.226,sell,4.0
2022-12-29 11:30:00,31.362,buy,1.0
2023-01-04 14:00:00,34.478,sell,3.0
2023-01-04 15:00:00,34.038,buy,2.0
2023-01-05 11:30:00,33.826,sell,4.0
2023-01-09 14:00:00,34.078,buy,2.0
2023-01-11 10:30:00,34.274,sell,4.0
2023-01-13 15:00:00,33.905,buy,2.0
2023-01-16 11:30:00,32.884,sell,4.0
2023-01-19 11:30:00,31.205,buy,2.0
2023-01-30 14:00:00,30.247,sell,4.0
2023-02-01 15:00:00,29.956,buy,2.0
2023-02-02 14:00:00,29.171,sell,4.0
2023-02-06 10:30:00,28.685,buy,2.0
2023-02-06 11:30:00,28.63,sell,4.0
2023-02-07 10:30:00,28.614,buy,2.0
2023-02-07 14:00:00,28.276,sell,4.0
2023-02-08 10:30:00,28.292,buy,2.0
2023-02-08 11:30:00,28.253,sell,4.0
2023-02-09 11:30:00,28.119,buy,2.0
2023-02-10 14:00:00,28.166,sell,4.0
2023-02-10 15:00:00,28.418,buy,2.0
2023-02-13 15:00:00,28.245,sell,4.0
2023-02-14 14:00:00,28.724,buy,2.0
2023-02-16 11:30:00,30.011,sell,4.0
2023-02-20 14:00:00,30.396,buy,2.0
2023-02-21 14:00:00,29.619,sell,4.0
2023-02-22 11:30:00,29.988,buy,2.0
2023-02-23 11:30:00,29.674,sell,4.0
2023-02-27 10:30:00,29.352,buy,2.0
2023-02-27 11:30:00,29.682,sell,4.0
2023-02-27 14:00:00,29.682,buy,2.0
2023-03-01 14:00:00,29.666,sell,4.0
2023-03-07 10:30:00,29.03,buy,2.0
2023-03-08 10:30:00,29.148,sell,4.0
2023-03-08 11:30:00,28.92,buy,2.0
2023-03-10 11:30:00,28.441,sell,4.0
2023-03-13 11:30:00,29.313,buy,2.0
2023-03-14 14:00:00,28.614,sell,4.0
2023-03-16 10:30:00,29.36,buy,2.0
2023-03-17 11:30:00,29.054,sell,4.0
2023-03-21 10:30:00,28.622,buy,2.0
2023-03-22 14:00:00,28.159,sell,4.0
2023-03-24 14:00:00,28.025,buy,2.0
2023-03-24 15:00:00,28.127,sell,4.0
2023-03-27 10:30:00,28.08,buy,2.0
2023-03-27 15:00:00,27.986,sell,4.0
2023-03-28 10:30:00,28.614,buy,2.0
2023-03-29 15:00:00,29.14,sell,4.0
2023-03-31 14:00:00,29.203,buy,2.0
2023-04-03 11:30:00,28.512,sell,4.0
2023-04-06 11:30:00,29.336,buy,2.0
2023-04-10 11:30:00,29.046,sell,4.0
2023-04-11 11:30:00,29.737,buy,2.0
2023-04-12 14:00:00,29.807,sell,4.0
2023-04-18 14:00:00,28.363,buy,2.0
2023-04-20 14:00:00,27.593,sell,4.0
2023-04-24 11:30:00,27.586,buy,2.0
2023-04-28 11:30:00,27.303,sell,4.0
2023-05-05 15:00:00,27.177,buy,2.0
2023-05-09 11:30:00,26.4,sell,4.0
2023-05-11 10:30:00,25.961,buy,2.0
2023-05-11 11:30:00,25.898,sell,4.0
2023-05-12 11:30:00,26.337,buy,2.0
2023-05-15 15:00:00,26.251,sell,4.0
2023-05-18 10:30:00,25.599,buy,2.0
2023-05-18 11:30:00,25.38,sell,4.0
2023-05-19 11:30:00,26.031,buy,2.0
2023-05-24 10:30:00,26.078,sell,4.0
2023-05-26 11:30:00,26.204,buy,2.0
2023-05-29 15:00:00,26.33,sell,4.0
2023-06-01 15:00:00,25.388,buy,2.0
2023-06-02 10:30:00,25.458,sell,4.0
2023-06-02 11:30:00,25.576,buy,2.0
2023-06-06 15:00:00,25.435,sell,4.0
2023-06-09 10:30:00,25.915,buy,1.0
2023-06-15 15:00:00,28.277,sell,3.0
2023-06-20 14:00:00,27.355,buy,2.0
2023-06-21 11:30:00,26.895,sell,4.0
2023-06-26 14:00:00,26.904,buy,2.0
2023-06-27 14:00:00,26.923,sell,4.0
2023-06-27 15:00:00,26.943,buy,2.0
2023-06-29 14:00:00,26.885,sell,4.0
2023-07-05 10:30:00,25.896,buy,2.0
2023-07-10 14:00:00,26.05,sell,4.0
2023-07-11 14:00:00,26.654,buy,2.0
2023-07-12 11:30:00,26.251,sell,4.0
2023-07-13 11:30:00,26.683,buy,2.0
2023-07-14 10:30:00,26.078,sell,4.0
2023-07-18 14:00:00,25.848,buy,2.0
2023-07-24 10:30:00,25.713,sell,4.0
2023-07-25 11:30:00,25.867,buy,2.0
2023-07-25 14:00:00,25.848,sell,4.0
2023-07-26 10:30:00,26.462,buy,2.0
2023-07-28 15:00:00,26.943,sell,4.0
2023-08-02 10:30:00,27.192,buy,2.0
2023-08-04 14:00:00,28.287,sell,4.0
2023-08-08 14:00:00,27.903,buy,2.0
2023-08-10 11:30:00,27.24,sell,4.0
2023-08-14 10:30:00,27.922,buy,2.0
2023-08-16 11:30:00,27.787,sell,4.0
2023-08-21 11:30:00,27.067,buy,2.0
2023-08-22 11:30:00,26.155,sell,4.0
2023-08-23 11:30:00,26.059,buy,2.0
2023-08-23 14:00:00,25.934,sell,4.0
2023-08-24 14:00:00,25.617,buy,2.0
2023-08-25 14:00:00,25.32,sell,4.0
2023-08-29 11:30:00,25.617,buy,2.0
2023-09-01 10:30:00,25.243,sell,4.0
2023-09-05 15:00:00,24.869,buy,2.0
2023-09-06 10:30:00,24.676,sell,4.0
2023-09-07 10:30:00,24.504,buy,2.0
2023-09-07 11:30:00,24.417,sell,4.0
2023-09-08 15:00:00,24.196,buy,2.0
2023-09-13 14:00:00,24.974,sell,4.0
2023-09-15 14:00:00,24.945,buy,2.0
2023-09-18 14:00:00,25.109,sell,4.0
2023-09-18 15:00:00,25.032,buy,2.0
2023-09-19 14:00:00,25.089,sell,4.0
2023-09-20 10:30:00,25.157,buy,2.0
2023-09-21 10:30:00,24.965,sell,4.0
2023-09-25 10:30:00,24.571,buy,2.0
2023-09-27 10:30:00,24.1,sell,4.0
2023-09-28 11:30:00,24.177,buy,2.0
2023-09-28 15:00:00,24.148,sell,4.0
2023-10-09 11:30:00,24.187,buy,2.0
2023-10-09 15:00:00,24.091,sell,4.0
2023-10-11 11:30:00,23.476,buy,2.0
2023-10-12 10:30:00,23.563,sell,4.0
2023-10-12 11:30:00,23.505,buy,2.0
2023-10-13 11:30:00,23.236,sell,4.0
2023-10-17 10:30:00,22.948,buy,2.0
2023-10-18 11:30:00,22.67,sell,4.0
2023-10-19 10:30:00,22.478,buy,2.0
2023-10-19 14:00:00,22.247,sell,4.0
2023-10-23 10:30:00,22.074,buy,2.0
2023-10-24 10:30:00,21.94,sell,4.0
2023-10-24 11:30:00,22.113,buy,2.0
2023-10-26 15:00:00,22.161,sell,4.0
2023-10-27 10:30:00,22.862,buy,2.0
2023-10-31 10:30:00,22.689,sell,4.0
2023-11-01 15:00:00,23.371,buy,2.0
2023-11-06 14:00:00,23.736,sell,4.0
2023-11-08 14:00:00,23.62,buy,2.0
2023-11-13 11:30:00,23.659,sell,4.0
2023-11-14 10:30:00,25.301,buy,2.0
2023-11-15 11:30:00,24.773,sell,4.0
2023-11-20 14:00:00,24.84,buy,2.0
2023-11-21 14:00:00,24.619,sell,4.0
2023-11-22 15:00:00,24.504,buy,2.0
2023-11-23 10:30:00,24.331,sell,4.0
2023-11-24 10:30:00,24.571,buy,2.0
2023-11-27 11:30:00,24.388,sell,4.0
2023-11-28 11:30:00,24.926,buy,2.0
2023-11-29 11:30:00,24.725,sell,4.0
2023-11-30 11:30:00,25.099,buy,2.0
2023-12-01 11:30:00,24.676,sell,4.0
2023-12-05 10:30:00,24.667,buy,2.0
2023-12-05 11:30:00,24.696,sell,4.0
2023-12-05 15:00:00,24.628,buy,2.0
2023-12-06 10:30:00,24.34,sell,4.0
2023-12-08 10:30:00,24.513,buy,2.0
2023-12-12 11:30:00,24.446,sell,4.0
2023-12-12 14:00:00,24.532,buy,2.0
2023-12-13 15:00:00,24.369,sell,4.0
2023-12-18 11:30:00,24.321,buy,2.0
2023-12-19 10:30:00,23.784,sell,4.0
2023-12-20 10:30:00,24.283,buy,2.0
2023-12-21 11:30:00,23.572,sell,4.0
2023-12-25 10:30:00,23.63,buy,2.0
2023-12-26 11:30:00,23.486,sell,4.0
2023-12-27 11:30:00,23.832,buy,2.0
2023-12-28 15:00:00,23.716,sell,4.0
2024-01-02 10:30:00,23.995,buy,2.0
2024-01-04 15:00:00,24.628,sell,4.0
2024-01-10 15:00:00,23.928,buy,2.0
2024-01-15 10:30:00,24.408,sell,4.0
2024-01-15 11:30:00,24.408,buy,2.0
2024-01-16 14:00:00,23.822,sell,4.0
2024-01-17 14:00:00,24.561,buy,2.0
2024-01-18 11:30:00,23.63,sell,4.0
2024-01-23 11:30:00,22.795,buy,2.0
2024-01-26 11:30:00,22.564,sell,4.0
2024-01-26 15:00:00,22.766,buy,2.0
2024-01-30 11:30:00,22.823,sell,4.0
2024-02-01 14:00:00,22.334,buy,2.0
2024-02-02 14:00:00,21.268,sell,4.0
2024-02-05 15:00:00,21.316,buy,1.0
2024-02-08 15:00:00,24.321,sell,3.0
2024-02-21 14:00:00,24.129,buy,2.0
2024-02-22 11:30:00,23.534,sell,4.0
2024-02-26 10:30:00,22.727,buy,2.0
2024-02-26 11:30:00,22.775,sell,4.0
2024-02-26 15:00:00,22.977,buy,2.0
2024-02-27 11:30:00,22.699,sell,4.0
2024-02-28 10:30:00,23.14,buy,2.0
2024-02-29 14:00:00,22.612,sell,4.0
2024-03-04 15:00:00,21.566,buy,2.0
2024-03-07 11:30:00,21.268,sell,4.0
2024-03-11 11:30:00,21.201,buy,2.0
2024-03-13 11:30:00,21.633,sell,4.0
2024-03-18 15:00:00,21.354,buy,2.0
2024-03-20 10:30:00,20.759,sell,4.0
2024-03-21 15:00:00,20.903,buy,2.0
2024-03-22 11:30:00,20.49,sell,4.0
2024-03-25 11:30:00,20.529,buy,2.0
2024-03-28 10:30:00,20.096,sell,4.0
2024-03-28 14:00:00,20.26,buy,2.0
2024-04-02 11:30:00,20.548,sell,4.0
2024-04-08 11:30:00,20.548,buy,2.0
2024-04-10 14:00:00,20.682,sell,4.0
2024-04-15 11:30:00,21.037,buy,2.0
2024-04-17 11:30:00,20.922,sell,4.0
2024-04-18 11:30:00,21.489,buy,2.0
2024-04-22 14:00:00,21.22,sell,4.0
2024-04-25 10:30:00,19.732,buy,1.0
2024-04-29 15:00:00,20.74,sell,3.0
2024-04-30 10:30:00,21.057,buy,2.0
2024-05-07 14:00:00,21.422,sell,4.0
2024-05-09 11:30:00,21.738,buy,2.0
2024-05-10 11:30:00,21.335,sell,4.0
2024-05-14 11:30:00,21.354,buy,2.0
2024-05-17 10:30:00,21.623,sell,4.0
2024-05-23 10:30:00,20.586,buy,2.0
2024-05-23 11:30:00,20.423,sell,4.0
2024-05-24 14:00:00,20.192,buy,2.0
2024-05-27 10:30:00,19.597,sell,4.0
2024-05-27 15:00:00,19.799,buy,2.0
2024-05-29 10:30:00,19.348,sell,4.0
2024-05-29 15:00:00,19.424,buy,2.0
2024-05-30 14:00:00,19.165,sell,4.0
2024-05-30 15:00:00,19.232,buy,2.0
2024-06-03 15:00:00,18.675,sell,4.0
2024-06-04 10:30:00,19.069,buy,2.0
2024-06-06 11:30:00,18.906,sell,4.0
2024-06-12 10:30:00,18.407,buy,2.0
2024-06-12 14:00:00,18.272,sell,4.0
2024-06-12 15:00:00,18.243,buy,2.0
2024-06-13 10:30:00,17.523,sell,4.0
2024-06-13 15:00:00,17.091,buy,2.0
2024-06-14 11:30:00,16.563,sell,4.0
2024-06-17 15:00:00,16.083,buy,2.0
2024-06-19 11:30:00,15.708,sell,4.0
2024-06-20 15:00:00,15.017,buy,2.0
2024-06-24 11:30:00,14.713,sell,4.0
2024-06-24 14:00:00,14.655,buy,2.0
2024-06-25 10:30:00,14.664,sell,4.0
2024-06-25 11:30:00,14.557,buy,2.0
2024-06-25 14:00:00,14.498,sell,4.0
2024-06-26 14:00:00,14.694,buy,2.0
2024-06-28 10:30:00,14.312,sell,4.0
2024-07-01 15:00:00,14.439,buy,2.0
2024-07-03 11:30:00,14.077,sell,4.0
2024-07-05 15:00:00,13.891,buy,2.0
2024-07-08 14:00:00,13.362,sell,4.0
2024-07-09 15:00:00,13.273,buy,2.0
2024-07-10 14:00:00,12.891,sell,4.0
2024-07-11 11:30:00,13.42,buy,2.0
2024-07-12 11:30:00,12.901,sell,4.0
2024-07-17 11:30:00,12.49,buy,2.0
2024-07-19 15:00:00,12.588,sell,4.0
2024-07-22 11:30:00,12.715,buy,2.0
2024-07-22 15:00:00,12.676,sell,4.0
2024-07-25 11:30:00,12.274,buy,2.0
2024-07-29 14:00:00,12.118,sell,4.0
2024-07-31 11:30:00,12.793,buy,2.0
2024-08-01 14:00:00,12.637,sell,4.0
2024-08-02 11:30:00,13.038,buy,2.0
2024-08-05 10:30:00,13.215,sell,4.0
2024-08-05 11:30:00,13.43,buy,2.0
2024-08-05 15:00:00,13.156,sell,4.0
2024-08-08 14:00:00,13.156,buy,2.0
2024-08-09 14:00:00,12.98,sell,4.0
2024-08-12 14:00:00,13.078,buy,2.0
2024-08-13 11:30:00,12.784,sell,4.0
2024-08-15 11:30:00,12.921,buy,2.0
2024-08-16 14:00:00,12.735,sell,4.0
2024-08-19 11:30:00,12.852,buy,2.0
2024-08-20 11:30:00,12.666,sell,4.0
2024-08-22 10:30:00,12.529,buy,2.0
2024-08-22 11:30:00,12.519,sell,4.0
2024-08-22 14:00:00,12.402,buy,2.0
2024-08-22 15:00:00,12.382,sell,4.0
2024-08-23 11:30:00,12.519,buy,2.0
2024-08-28 11:30:00,12.676,sell,4.0
2024-08-28 14:00:00,12.627,buy,2.0
2024-08-28 15:00:00,12.637,sell,4.0
2024-08-29 14:00:00,12.872,buy,2.0
2024-09-02 10:30:00,12.362,sell,4.0
2024-09-03 15:00:00,12.931,buy,2.0
2024-09-05 15:00:00,13.518,sell,4.0
2024-09-11 10:30:00,12.647,buy,2.0
2024-09-12 11:30:00,12.411,sell,4.0
2024-09-12 15:00:00,12.392,buy,2.0
2024-09-13 11:30:00,12.02,sell,4.0
2024-09-18 15:00:00,11.765,buy,2.0
2024-09-23 11:30:00,11.98,sell,4.0
2024-09-24 14:00:00,12.578,buy,1.0
2024-10-08 11:30:00,16.594,sell,3.0
2024-10-14 14:00:00,14.518,buy,2.0
2024-10-16 11:30:00,14.214,sell,4.0
2024-10-16 14:00:00,14.155,buy,2.0
2024-10-17 10:30:00,14.116,sell,4.0
2024-10-18 15:00:00,14.253,buy,2.0
2024-10-23 15:00:00,14.68,sell,4.0
2024-10-25 14:00:00,14.97,buy,2.0
2024-10-29 11:30:00,14.88,sell,4.0
2024-10-31 14:00:00,14.48,buy,1.0
2024-11-05 11:30:00,16.35,sell,3.0
2024-11-07 10:30:00,16.54,buy,2.0
2024-11-07 11:30:00,16.75,sell,4.0
2024-11-07 14:00:00,16.86,buy,2.0
2024-11-08 14:00:00,16.66,sell,4.0
2024-11-12 11:30:00,17.35,buy,2.0
2024-11-13 11:30:00,16.57,sell,4.0
2024-11-15 15:00:00,16.02,buy,2.0
2024-11-18 10:30:00,16.21,sell,4.0
2024-11-18 11:30:00,16.3,buy,2.0
2024-11-19 11:30:00,15.89,sell,4.0
2024-11-20 10:30:00,16.19,buy,2.0
2024-11-22 10:30:00,15.85,sell,4.0
2024-11-26 11:30:00,15.34,buy,2.0
2024-11-26 15:00:00,15.24,sell,4.0
2024-11-27 10:30:00,15.12,buy,2.0
2024-12-03 11:30:00,15.63,sell,4.0
2024-12-06 11:30:00,15.66,buy,2.0
2024-12-09 14:00:00,15.43,sell,4.0
2024-12-11 15:00:00,15.67,buy,2.0
2024-12-13 15:00:00,16.24,sell,4.0
2024-12-16 11:30:00,16.32,buy,2.0
2024-12-16 14:00:00,16.42,sell,4.0
2024-12-18 15:00:00,16.07,buy,2.0
2024-12-23 11:30:00,16.09,sell,4.0
2024-12-24 14:00:00,16.19,buy,2.0
2024-12-25 11:30:00,15.84,sell,4.0
2024-12-27 14:00:00,15.79,buy,2.0
2024-12-30 11:30:00,15.28,sell,4.0
2025-01-02 11:30:00,15.0,buy,2.0
2025-01-02 14:00:00,14.74,sell,4.0
2025-01-03 10:30:00,14.78,buy,2.0
2025-01-03 15:00:00,14.4,sell,4.0
2025-01-06 11:30:00,14.67,buy,2.0
2025-01-07 14:00:00,14.25,sell,4.0
2025-01-08 10:30:00,14.21,buy,2.0
2025-01-08 11:30:00,14.07,sell,4.0
