time,price,signal,label
2019-02-21 13:30:00,10.826,buy,2.0
2019-02-21 15:00:00,10.65,sell,4.0
2019-02-22 11:30:00,10.775,buy,1.0
2019-02-26 11:00:00,12.607,sell,3.0
2019-02-28 10:30:00,12.243,buy,2.0
2019-02-28 14:30:00,12.013,sell,4.0
2019-03-01 11:00:00,12.225,buy,2.0
2019-03-01 14:30:00,12.227,sell,4.0
2019-03-01 15:00:00,12.225,buy,2.0
2019-03-04 15:00:00,12.26,sell,4.0
2019-03-05 10:30:00,12.961,buy,2.0
2019-03-06 10:30:00,13.218,sell,4.0
2019-03-07 11:00:00,13.139,buy,2.0
2019-03-07 14:00:00,13.07,sell,4.0
2019-03-08 10:00:00,13.422,buy,2.0
2019-03-08 15:00:00,13.208,sell,4.0
2019-03-11 11:30:00,13.656,buy,2.0
2019-03-12 14:00:00,13.886,sell,4.0
2019-03-13 11:30:00,14.418,buy,2.0
2019-03-13 14:30:00,14.102,sell,4.0
2019-03-14 14:30:00,14.107,buy,2.0
2019-03-15 13:30:00,14.265,sell,4.0
2019-03-18 11:00:00,14.698,buy,2.0
2019-03-20 10:30:00,15.366,sell,4.0
2019-03-20 14:00:00,15.564,buy,2.0
2019-03-20 14:30:00,15.653,sell,4.0
2019-03-21 10:00:00,15.59,buy,2.0
2019-03-21 10:30:00,15.361,sell,4.0
2019-03-21 14:00:00,15.794,buy,2.0
2019-03-22 10:30:00,15.33,sell,4.0
2019-03-25 10:00:00,15.215,buy,2.0
2019-03-25 10:30:00,15.361,sell,4.0
2019-03-25 11:00:00,15.251,buy,2.0
2019-03-26 10:00:00,15.488,sell,4.0
2019-03-26 10:30:00,15.378,buy,2.0
2019-03-26 11:00:00,15.322,sell,4.0
2019-03-27 14:00:00,15.332,buy,2.0
2019-03-28 11:30:00,15.134,sell,4.0
2019-03-29 11:30:00,15.032,buy,1.0
2019-04-01 15:00:00,15.839,sell,3.0
2019-04-02 10:30:00,16.336,buy,2.0
2019-04-02 11:30:00,16.153,sell,4.0
2019-04-02 14:00:00,16.379,buy,2.0
2019-04-03 11:30:00,16.438,sell,4.0
2019-04-04 11:00:00,16.945,buy,2.0
2019-04-08 11:00:00,17.225,sell,4.0
2019-04-09 14:30:00,16.909,buy,2.0
2019-04-11 11:00:00,16.7,sell,4.0
2019-04-12 10:30:00,17.144,buy,2.0
2019-04-12 14:00:00,16.716,sell,4.0
2019-04-12 15:00:00,17.322,buy,2.0
2019-04-15 11:00:00,16.619,sell,4.0
2019-04-16 13:30:00,16.497,buy,2.0
2019-04-17 11:30:00,16.604,sell,4.0
2019-04-18 14:00:00,16.471,buy,2.0
2019-04-19 11:00:00,16.405,sell,4.0
2019-04-19 15:00:00,16.492,buy,2.0
2019-04-22 10:30:00,16.39,sell,4.0
2019-04-22 14:00:00,16.494,buy,2.0
2019-04-22 15:00:00,16.359,sell,4.0
2019-04-23 13:30:00,16.201,buy,2.0
2019-04-24 13:30:00,16.204,sell,4.0
2019-04-24 14:30:00,16.711,buy,2.0
2019-04-25 14:00:00,16.456,sell,4.0
2019-04-26 13:30:00,16.662,buy,2.0
2019-04-30 11:00:00,17.093,sell,4.0
2019-05-07 10:00:00,15.946,buy,2.0
2019-05-07 14:30:00,15.87,sell,4.0
2019-05-07 15:00:00,15.87,buy,2.0
2019-05-08 10:30:00,15.419,sell,4.0
2019-05-08 14:30:00,15.488,buy,2.0
2019-05-09 10:00:00,14.907,sell,4.0
2019-05-09 14:00:00,15.159,buy,2.0
2019-05-10 14:30:00,15.332,sell,4.0
2019-05-10 15:00:00,15.238,buy,2.0
2019-05-13 10:30:00,15.18,sell,4.0
2019-05-14 10:30:00,15.106,buy,2.0
2019-05-15 10:00:00,15.386,sell,4.0
2019-05-15 10:30:00,15.34,buy,2.0
2019-05-16 11:30:00,15.536,sell,4.0
2019-05-16 14:30:00,15.516,buy,2.0
2019-05-16 15:00:00,15.503,sell,4.0
2019-05-20 13:30:00,14.533,buy,2.0
2019-05-20 14:30:00,14.505,sell,4.0
2019-05-21 10:00:00,14.622,buy,2.0
2019-05-22 15:00:00,15.185,sell,4.0
2019-05-24 14:00:00,14.502,buy,2.0
2019-05-28 14:00:00,14.492,sell,4.0
2019-05-30 11:30:00,14.069,buy,2.0
2019-05-31 14:00:00,13.952,sell,4.0
2019-06-03 10:00:00,14.023,buy,2.0
2019-06-04 10:00:00,13.539,sell,4.0
2019-06-04 13:30:00,13.921,buy,2.0
2019-06-05 11:00:00,13.455,sell,4.0
2019-06-06 11:00:00,13.363,buy,2.0
2019-06-11 14:00:00,13.909,sell,4.0
2019-06-11 14:30:00,13.959,buy,2.0
2019-06-12 10:00:00,13.794,sell,4.0
2019-06-13 14:00:00,13.57,buy,2.0
2019-06-14 11:30:00,13.45,sell,4.0
2019-06-18 10:00:00,13.381,buy,2.0
2019-06-19 11:30:00,13.684,sell,4.0
2019-06-19 13:30:00,13.662,buy,2.0
2019-06-19 15:00:00,13.493,sell,4.0
2019-06-20 10:30:00,14.12,buy,2.0
2019-06-20 15:00:00,14.343,sell,4.0
2019-06-21 10:30:00,15.348,buy,2.0
2019-06-21 11:00:00,15.067,sell,4.0
2019-06-25 11:00:00,14.887,buy,2.0
2019-06-25 11:30:00,14.948,sell,4.0
2019-06-25 14:00:00,15.074,buy,2.0
2019-06-26 10:00:00,15.027,sell,4.0
2019-06-26 10:30:00,15.053,buy,2.0
2019-06-28 10:00:00,15.755,sell,4.0
2019-06-28 10:30:00,15.672,buy,2.0
2019-06-28 11:00:00,15.708,sell,4.0
2019-07-01 10:30:00,15.935,buy,2.0
2019-07-01 13:30:00,15.917,sell,4.0
2019-07-01 14:00:00,15.928,buy,2.0
2019-07-02 11:00:00,16.126,sell,4.0
2019-07-04 10:00:00,15.885,buy,2.0
2019-07-05 10:00:00,16.137,sell,4.0
2019-07-09 10:30:00,16.029,buy,2.0
2019-07-10 10:30:00,15.769,sell,4.0
2019-07-11 10:30:00,15.885,buy,2.0
2019-07-11 11:30:00,15.499,sell,4.0
2019-07-12 10:30:00,15.654,buy,2.0
2019-07-15 14:00:00,15.211,sell,4.0
2019-07-16 13:30:00,15.413,buy,2.0
2019-07-17 14:00:00,15.384,sell,4.0
2019-07-18 14:30:00,15.204,buy,2.0
2019-07-22 10:30:00,15.499,sell,4.0
2019-07-22 14:00:00,15.795,buy,2.0
2019-07-23 14:00:00,15.993,sell,4.0
2019-07-23 15:00:00,16.05,buy,2.0
2019-07-24 10:30:00,16.234,sell,4.0
2019-07-24 11:00:00,16.227,buy,2.0
2019-07-25 10:30:00,16.288,sell,4.0
2019-07-25 13:30:00,16.652,buy,2.0
2019-07-26 10:00:00,16.782,sell,4.0
2019-07-26 13:30:00,17.196,buy,2.0
2019-07-29 11:00:00,17.563,sell,4.0
2019-07-31 10:00:00,17.732,buy,2.0
2019-08-01 10:30:00,18.442,sell,4.0
2019-08-02 11:30:00,17.826,buy,2.0
2019-08-05 10:30:00,17.585,sell,4.0
2019-08-06 11:30:00,17.289,buy,1.0
2019-08-08 11:30:00,18.91,sell,3.0
2019-08-09 10:30:00,19.652,buy,2.0
2019-08-09 15:00:00,19.523,sell,4.0
2019-08-12 15:00:00,19.742,buy,2.0
2019-08-13 15:00:00,20.592,sell,4.0
2019-08-14 10:00:00,21.151,buy,2.0
2019-08-14 11:00:00,21.017,sell,4.0
2019-08-16 10:00:00,20.819,buy,2.0
2019-08-16 11:30:00,20.427,sell,4.0
2019-08-16 14:30:00,20.542,buy,2.0
2019-08-19 10:30:00,20.56,sell,4.0
2019-08-19 11:30:00,20.891,buy,2.0
2019-08-20 11:00:00,20.801,sell,4.0
2019-08-21 14:30:00,20.783,buy,2.0
2019-08-22 11:00:00,20.337,sell,4.0
2019-08-23 10:00:00,20.304,buy,2.0
2019-08-23 10:30:00,20.661,sell,4.0
2019-08-23 11:00:00,20.74,buy,2.0
2019-08-26 10:30:00,20.459,sell,4.0
2019-08-26 15:00:00,20.819,buy,1.0
2019-08-28 11:00:00,21.911,sell,3.0
2019-08-29 11:30:00,22.08,buy,2.0
2019-08-29 15:00:00,21.741,sell,4.0
2019-08-30 15:00:00,21.828,buy,1.0
2019-09-02 15:00:00,23.035,sell,3.0
2019-09-04 10:30:00,23.586,buy,2.0
2019-09-04 15:00:00,23.395,sell,4.0
2019-09-05 10:00:00,23.669,buy,2.0
2019-09-05 11:00:00,23.442,sell,4.0
2019-09-06 10:30:00,23.478,buy,2.0
2019-09-06 13:30:00,23.413,sell,4.0
2019-09-06 15:00:00,23.629,buy,2.0
2019-09-09 10:30:00,23.744,sell,4.0
2019-09-09 11:00:00,23.485,buy,2.0
2019-09-09 11:30:00,23.56,sell,4.0
2019-09-11 13:30:00,22.703,buy,2.0
2019-09-12 11:30:00,22.602,sell,4.0
2019-09-12 15:00:00,22.927,buy,2.0
2019-09-16 11:00:00,22.44,sell,4.0
2019-09-17 10:00:00,22.786,buy,2.0
2019-09-18 10:30:00,22.21,sell,4.0
2019-09-19 10:00:00,22.271,buy,2.0
2019-09-19 10:30:00,22.628,sell,4.0
2019-09-19 11:00:00,22.782,buy,2.0
2019-09-20 11:30:00,22.966,sell,4.0
2019-09-20 14:00:00,22.966,buy,2.0
2019-09-20 14:30:00,22.959,sell,4.0
2019-09-23 10:30:00,23.013,buy,2.0
2019-09-23 11:30:00,23.287,sell,4.0
2019-09-23 13:30:00,23.575,buy,2.0
2019-09-24 11:00:00,23.341,sell,4.0
2019-09-25 10:30:00,23.809,buy,2.0
2019-09-25 14:30:00,23.42,sell,4.0
2019-09-27 13:30:00,22.909,buy,2.0
2019-10-08 10:00:00,23.553,sell,4.0
2019-10-08 10:30:00,23.773,buy,2.0
2019-10-09 10:00:00,22.991,sell,4.0
2019-10-09 15:00:00,22.844,buy,2.0
2019-10-11 10:30:00,23.171,sell,4.0
2019-10-14 11:00:00,22.948,buy,2.0
2019-10-14 14:00:00,22.768,sell,4.0
2019-10-15 10:00:00,22.26,buy,2.0
2019-10-15 10:30:00,22.253,sell,4.0
2019-10-15 14:00:00,22.257,buy,2.0
2019-10-15 15:00:00,22.224,sell,4.0
2019-10-16 10:30:00,22.624,buy,2.0
2019-10-17 10:30:00,22.88,sell,4.0
2019-10-18 10:00:00,22.963,buy,2.0
2019-10-18 14:30:00,23.117,sell,4.0
2019-10-22 10:00:00,23.2,buy,2.0
2019-10-23 11:00:00,23.413,sell,4.0
2019-10-24 10:30:00,25.16,buy,2.0
2019-10-25 11:00:00,25.97,sell,4.0
2019-10-25 14:00:00,26.255,buy,2.0
2019-10-25 14:30:00,26.366,sell,4.0
2019-10-28 10:00:00,26.5,buy,2.0
2019-10-28 11:00:00,26.024,sell,4.0
2019-10-29 13:30:00,26.089,buy,2.0
2019-10-30 14:30:00,26.15,sell,4.0
2019-10-31 10:30:00,27.008,buy,2.0
2019-10-31 14:00:00,26.882,sell,4.0
2019-11-01 11:30:00,27.476,buy,2.0
2019-11-04 11:30:00,28.528,sell,4.0
2019-11-05 10:00:00,28.672,buy,2.0
2019-11-05 11:00:00,28.773,sell,4.0
2019-11-06 13:30:00,28.556,buy,2.0
2019-11-06 15:00:00,28.679,sell,4.0
2019-11-07 10:00:00,28.239,buy,2.0
2019-11-08 11:00:00,28.128,sell,4.0
2019-11-08 14:00:00,28.25,buy,2.0
2019-11-08 14:30:00,27.933,sell,4.0
2019-11-11 11:30:00,28.081,buy,2.0
2019-11-11 15:00:00,27.814,sell,4.0
2019-11-12 14:30:00,27.807,buy,1.0
2019-11-14 15:00:00,29.608,sell,3.0
2019-11-15 10:00:00,29.399,buy,2.0
2019-11-15 10:30:00,28.996,sell,4.0
2019-11-18 10:30:00,29.14,buy,2.0
2019-11-20 13:30:00,30.213,sell,4.0
2019-11-22 10:30:00,30.743,buy,2.0
2019-11-22 13:30:00,30.026,sell,4.0
2019-11-25 11:00:00,29.716,buy,2.0
2019-11-26 11:30:00,29.435,sell,4.0
2019-11-27 10:30:00,30.249,buy,2.0
2019-11-27 15:00:00,29.936,sell,4.0
2019-11-29 11:00:00,29.158,buy,2.0
2019-12-02 11:00:00,29.007,sell,4.0
2019-12-03 10:00:00,28.773,buy,2.0
2019-12-03 10:30:00,28.708,sell,4.0
2019-12-03 11:00:00,28.686,buy,2.0
2019-12-04 15:00:00,28.492,sell,4.0
2019-12-05 10:30:00,29.968,buy,2.0
2019-12-06 10:30:00,29.529,sell,4.0
2019-12-06 14:00:00,29.691,buy,2.0
2019-12-09 13:30:00,30.372,sell,4.0
2019-12-11 10:00:00,30.13,buy,2.0
2019-12-11 10:30:00,29.806,sell,4.0
2019-12-12 10:30:00,29.968,buy,2.0
2019-12-13 11:00:00,29.698,sell,4.0
2019-12-16 13:30:00,29.554,buy,2.0
2019-12-17 10:30:00,28.704,sell,4.0
2019-12-18 10:00:00,28.495,buy,2.0
2019-12-19 10:30:00,28.456,sell,4.0
2019-12-19 11:30:00,28.384,buy,2.0
2019-12-19 13:30:00,28.405,sell,4.0
2019-12-19 15:00:00,28.43,buy,2.0
2019-12-20 10:30:00,27.901,sell,4.0
2019-12-23 10:30:00,28.351,buy,2.0
2019-12-24 13:30:00,28.38,sell,4.0
2019-12-25 10:30:00,28.762,buy,2.0
2019-12-26 13:30:00,28.52,sell,4.0
2019-12-30 10:00:00,28.149,buy,2.0
2019-12-30 10:30:00,28.538,sell,4.0
2019-12-30 11:00:00,28.693,buy,2.0
2019-12-31 14:00:00,28.927,sell,4.0
2020-01-02 10:30:00,30.977,buy,2.0
2020-01-03 11:00:00,31.438,sell,4.0
2020-01-03 11:30:00,31.323,buy,2.0
2020-01-03 13:30:00,31.298,sell,4.0
2020-01-06 10:30:00,32.861,buy,2.0
2020-01-06 15:00:00,32.598,sell,4.0
2020-01-07 10:30:00,33.941,buy,2.0
2020-01-07 13:30:00,33.549,sell,4.0
2020-01-09 14:30:00,33.037,buy,2.0
2020-01-13 11:00:00,33.704,sell,4.0
2020-01-15 10:00:00,31.841,buy,2.0
2020-01-15 10:30:00,32.493,sell,4.0
2020-01-15 11:00:00,32.814,buy,2.0
2020-01-16 15:00:00,34.071,sell,4.0
2020-01-17 10:00:00,34.089,buy,2.0
2020-01-17 10:30:00,34.082,sell,4.0
2020-01-20 10:30:00,34.417,buy,2.0
2020-01-20 11:30:00,33.866,sell,4.0
2020-01-21 15:00:00,33.967,buy,2.0
2020-01-23 10:30:00,33.808,sell,4.0
2020-02-04 10:30:00,29.983,buy,2.0
2020-02-05 10:30:00,30.257,sell,4.0
2020-02-06 13:30:00,29.713,buy,1.0
2020-02-10 10:30:00,31.427,sell,3.0
2020-02-10 11:30:00,31.535,buy,2.0
2020-02-10 13:30:00,31.377,sell,4.0
2020-02-11 11:00:00,32.497,buy,2.0
2020-02-12 11:00:00,33.066,sell,4.0
2020-02-14 10:30:00,33.019,buy,2.0
2020-02-17 10:30:00,32.983,sell,4.0
2020-02-17 11:30:00,33.675,buy,2.0
2020-02-18 10:30:00,33.365,sell,4.0
2020-02-19 11:00:00,33.21,buy,2.0
2020-02-19 14:30:00,33.171,sell,4.0
2020-02-20 11:00:00,33.585,buy,2.0
2020-02-21 11:00:00,34.478,sell,4.0
2020-02-25 10:00:00,33.833,buy,2.0
2020-02-25 11:00:00,33.192,sell,4.0
2020-02-25 14:30:00,33.841,buy,2.0
2020-02-26 14:30:00,33.444,sell,4.0
2020-02-27 10:30:00,34.183,buy,2.0
2020-02-28 10:30:00,34.258,sell,4.0
2020-03-02 10:30:00,35.515,buy,2.0
2020-03-03 11:30:00,35.948,sell,4.0
2020-03-05 10:30:00,35.17,buy,2.0
2020-03-05 11:00:00,34.867,sell,4.0
2020-03-06 10:00:00,34.972,buy,2.0
2020-03-06 11:00:00,34.536,sell,4.0
2020-03-06 14:00:00,34.539,buy,2.0
2020-03-09 10:00:00,32.061,sell,4.0
2020-03-09 11:00:00,33.066,buy,2.0
2020-03-11 14:00:00,33.995,sell,4.0
2020-03-13 10:00:00,32.699,buy,2.0
2020-03-13 10:30:00,32.872,sell,4.0
2020-03-16 10:00:00,32.101,buy,2.0
2020-03-16 10:30:00,32.022,sell,4.0
2020-03-16 11:30:00,32.778,buy,2.0
2020-03-16 14:30:00,31.539,sell,4.0
2020-03-17 14:30:00,29.788,buy,2.0
2020-03-18 14:00:00,28.881,sell,4.0
2020-03-19 14:00:00,26.777,buy,1.0
2020-03-23 10:30:00,29.295,sell,3.0
2020-03-24 11:00:00,29.158,buy,1.0
2020-03-26 10:00:00,31.175,sell,3.0
2020-03-26 14:00:00,31.622,buy,2.0
2020-03-26 14:30:00,31.355,sell,4.0
2020-03-27 11:30:00,32.058,buy,2.0
2020-03-30 10:30:00,30.894,sell,4.0
2020-03-30 14:30:00,31.186,buy,2.0
2020-03-30 15:00:00,31.701,sell,4.0
2020-03-31 10:00:00,31.708,buy,2.0
2020-04-01 14:00:00,31.957,sell,4.0
2020-04-02 11:30:00,32.31,buy,2.0
2020-04-03 13:30:00,31.877,sell,4.0
2020-04-07 10:30:00,33.693,buy,2.0
2020-04-08 10:30:00,33.967,sell,4.0
2020-04-09 14:30:00,33.707,buy,2.0
2020-04-10 14:00:00,34.233,sell,4.0
2020-04-13 10:30:00,35.62,buy,2.0
2020-04-13 13:30:00,35.703,sell,4.0
2020-04-13 14:00:00,35.641,buy,2.0
2020-04-14 11:00:00,35.796,sell,4.0
2020-04-15 10:30:00,36.2,buy,2.0
2020-04-16 10:00:00,36.02,sell,4.0
2020-04-17 10:00:00,36.268,buy,2.0
2020-04-17 13:30:00,35.76,sell,4.0
2020-04-20 10:30:00,37.72,buy,2.0
2020-04-21 13:30:00,38.321,sell,4.0
2020-04-22 14:00:00,38.592,buy,2.0
2020-04-22 14:30:00,38.685,sell,4.0
2020-04-22 15:00:00,38.908,buy,2.0
2020-04-23 14:00:00,38.959,sell,4.0
2020-04-24 10:30:00,40.882,buy,2.0
2020-04-24 14:00:00,39.038,sell,4.0
2020-04-27 13:30:00,39.766,buy,2.0
2020-04-28 10:30:00,39.416,sell,4.0
2020-04-29 10:00:00,39.971,buy,2.0
2020-04-29 14:00:00,39.474,sell,4.0
2020-04-30 10:30:00,39.942,buy,2.0
2020-04-30 14:00:00,38.332,sell,4.0
2020-05-06 11:30:00,39.117,buy,2.0
2020-05-07 11:30:00,40.076,sell,4.0
2020-05-08 11:30:00,42.37,buy,2.0
2020-05-08 14:30:00,40.944,sell,4.0
2020-05-12 10:00:00,41.232,buy,2.0
2020-05-13 11:30:00,42.298,sell,4.0
2020-05-15 11:30:00,40.425,buy,2.0
2020-05-19 10:30:00,41.913,sell,4.0
2020-05-20 11:00:00,42.143,buy,2.0
2020-05-20 15:00:00,41.646,sell,4.0
2020-05-21 10:00:00,41.549,buy,2.0
2020-05-21 13:30:00,41.628,sell,4.0
2020-05-22 15:00:00,40.99,buy,2.0
2020-05-26 14:30:00,41.646,sell,4.0
2020-05-28 10:30:00,40.389,buy,2.0
2020-05-28 13:30:00,39.697,sell,4.0
2020-05-28 15:00:00,40.306,buy,2.0
2020-06-01 11:00:00,41.621,sell,4.0
2020-06-03 10:00:00,39.982,buy,2.0
2020-06-04 11:00:00,41.621,sell,4.0
2020-06-04 15:00:00,42.276,buy,2.0
2020-06-05 11:30:00,42.593,sell,4.0
2020-06-05 14:00:00,43.908,buy,2.0
2020-06-08 11:00:00,44.949,sell,4.0
2020-06-08 11:30:00,44.322,buy,2.0
2020-06-08 13:30:00,44.221,sell,4.0
2020-06-09 14:00:00,44.953,buy,2.0
2020-06-09 15:00:00,45.025,sell,4.0
2020-06-10 10:00:00,45.824,buy,2.0
2020-06-10 11:30:00,45.817,sell,4.0
2020-06-10 13:30:00,46.012,buy,2.0
2020-06-11 10:30:00,45.496,sell,4.0
2020-06-12 10:30:00,45.27,buy,2.0
2020-06-15 10:30:00,44.812,sell,4.0
2020-06-16 10:30:00,44.466,buy,2.0
2020-06-17 11:00:00,44.232,sell,4.0
2020-06-18 13:30:00,43.782,buy,2.0
2020-06-18 14:00:00,43.659,sell,4.0
2020-06-19 10:30:00,44.582,buy,2.0
2020-06-22 10:00:00,44.809,sell,4.0
2020-06-22 10:30:00,43.98,buy,2.0
2020-06-22 11:00:00,43.742,sell,4.0
2020-06-23 11:30:00,44.412,buy,2.0
2020-06-24 10:30:00,44.351,sell,4.0
2020-06-29 10:30:00,47.397,buy,2.0
2020-06-29 14:30:00,45.156,sell,4.0
2020-06-30 10:30:00,45.856,buy,2.0
2020-06-30 11:00:00,46.347,sell,4.0
2020-06-30 11:30:00,46.261,buy,2.0
2020-07-01 11:30:00,47.782,sell,4.0
2020-07-03 10:00:00,45.627,buy,2.0
2020-07-03 10:30:00,45.663,sell,4.0
2020-07-03 11:00:00,45.8,buy,2.0
2020-07-07 11:00:00,47.949,sell,4.0
2020-07-08 13:30:00,48.431,buy,1.0
2020-07-10 11:00:00,53.171,sell,3.0
2020-07-10 11:30:00,53.688,buy,2.0
2020-07-10 14:30:00,54.996,sell,4.0
2020-07-10 15:00:00,54.601,buy,1.0
2020-07-13 10:00:00,58.008,sell,3.0
2020-07-13 10:30:00,55.204,buy,2.0
2020-07-13 11:00:00,54.986,sell,4.0
2020-07-15 10:00:00,55.199,buy,2.0
2020-07-16 11:00:00,56.527,sell,4.0
2020-07-17 11:00:00,56.553,buy,1.0
2020-07-20 15:00:00,59.513,sell,3.0
2020-07-21 11:00:00,63.878,buy,2.0
2020-07-22 11:00:00,66.647,sell,4.0
2020-07-23 14:00:00,67.747,buy,2.0
2020-07-24 11:30:00,66.718,sell,4.0
2020-07-27 10:30:00,66.185,buy,2.0
2020-07-27 11:30:00,65.577,sell,4.0
2020-07-28 11:30:00,66.788,buy,1.0
2020-07-31 11:00:00,78.408,sell,3.0
2020-08-03 10:30:00,80.456,buy,2.0
2020-08-04 10:30:00,81.775,sell,4.0
2020-08-05 11:00:00,81.369,buy,2.0
2020-08-06 11:00:00,77.972,sell,4.0
2020-08-07 10:30:00,78.079,buy,2.0
2020-08-07 11:00:00,77.972,sell,4.0
2020-08-10 10:00:00,76.553,buy,2.0
2020-08-10 10:30:00,76.553,sell,4.0
2020-08-10 13:30:00,76.203,buy,2.0
2020-08-11 10:30:00,75.944,sell,4.0
2020-08-11 11:00:00,76.446,buy,2.0
2020-08-11 14:00:00,74.819,sell,4.0
2020-08-12 15:00:00,71.098,buy,1.0
2020-08-17 10:00:00,75.808,sell,3.0
2020-08-17 11:00:00,77.379,buy,2.0
2020-08-18 10:30:00,77.683,sell,4.0
2020-08-19 10:00:00,79.899,buy,2.0
2020-08-19 15:00:00,81.116,sell,4.0
2020-08-20 11:00:00,83.64,buy,2.0
2020-08-20 13:30:00,81.81,sell,4.0
2020-08-21 11:00:00,83.138,buy,2.0
2020-08-24 10:30:00,82.636,sell,4.0
2020-08-25 15:00:00,81.709,buy,2.0
2020-08-26 11:30:00,79.402,sell,4.0
2020-08-27 14:00:00,78.804,buy,2.0
2020-08-31 11:00:00,80.472,sell,4.0
2020-09-01 15:00:00,80.355,buy,2.0
2020-09-03 11:00:00,82.636,sell,4.0
2020-09-07 10:30:00,74.119,buy,2.0
2020-09-07 11:30:00,74.307,sell,4.0
2020-09-08 14:00:00,69.937,buy,2.0
2020-09-09 10:30:00,66.941,sell,4.0
2020-09-09 11:30:00,67.544,buy,2.0
2020-09-10 15:00:00,70.865,sell,4.0
2020-09-11 13:30:00,71.711,buy,2.0
2020-09-14 11:00:00,72.228,sell,4.0
2020-09-15 10:30:00,76.193,buy,2.0
2020-09-16 11:00:00,76.837,sell,4.0
2020-09-16 15:00:00,77.075,buy,2.0
2020-09-17 14:30:00,79.716,sell,4.0
2020-09-17 15:00:00,80.041,buy,2.0
2020-09-18 11:00:00,80.548,sell,4.0
2020-09-18 11:30:00,80.411,buy,2.0
2020-09-21 10:30:00,82.129,sell,4.0
2020-09-22 11:00:00,82.129,buy,2.0
2020-09-22 14:00:00,81.82,sell,4.0
2020-09-23 10:30:00,83.584,buy,2.0
2020-09-25 10:00:00,83.397,sell,4.0
2020-09-29 10:00:00,80.223,buy,2.0
2020-09-30 11:00:00,81.435,sell,4.0
2020-10-09 10:30:00,82.824,buy,1.0
2020-10-12 11:00:00,87.209,sell,3.0
2020-10-14 14:30:00,81.415,buy,2.0
2020-10-15 13:30:00,80.614,sell,4.0
2020-10-15 14:00:00,80.705,buy,2.0
2020-10-15 15:00:00,80.406,sell,4.0
2020-10-16 14:00:00,79.519,buy,2.0
2020-10-19 14:30:00,79.017,sell,4.0
2020-10-20 14:30:00,79.143,buy,2.0
2020-10-21 10:30:00,77.521,sell,4.0
2020-10-21 13:30:00,79.372,buy,2.0
2020-10-22 10:30:00,78.084,sell,4.0
2020-10-23 11:00:00,77.582,buy,2.0
2020-10-23 13:30:00,75.944,sell,4.0
2020-10-26 11:00:00,74.783,buy,2.0
2020-10-28 14:00:00,77.567,sell,4.0
2020-10-29 15:00:00,76.502,buy,2.0
2020-10-30 11:00:00,76.304,sell,4.0
2020-11-02 10:30:00,76.821,buy,2.0
2020-11-03 10:30:00,75.432,sell,4.0
2020-11-04 10:30:00,76.249,buy,2.0
2020-11-04 13:30:00,75.321,sell,4.0
2020-11-05 10:00:00,76.507,buy,2.0
2020-11-05 13:30:00,75.366,sell,4.0
2020-11-06 10:00:00,74.586,buy,2.0
2020-11-06 10:30:00,74.368,sell,4.0
2020-11-06 14:00:00,74.261,buy,2.0
2020-11-09 10:30:00,72.776,sell,4.0
2020-11-10 11:00:00,74.728,buy,2.0
2020-11-11 13:30:00,77.146,sell,4.0
2020-11-12 14:30:00,76.725,buy,2.0
2020-11-13 14:00:00,75.493,sell,4.0
2020-11-16 11:00:00,76.385,buy,2.0
2020-11-17 10:30:00,75.189,sell,4.0
2020-11-17 13:30:00,75.889,buy,2.0
2020-11-18 10:30:00,74.373,sell,4.0
2020-11-19 10:30:00,75.513,buy,2.0
2020-11-20 11:00:00,75.747,sell,4.0
2020-11-23 14:00:00,74.373,buy,2.0
2020-11-24 15:00:00,74.018,sell,4.0
2020-11-26 13:30:00,68.593,buy,2.0
2020-11-30 10:30:00,67.442,sell,4.0
2020-11-30 15:00:00,69.769,buy,2.0
2020-12-01 11:00:00,67.919,sell,4.0
2020-12-01 14:00:00,69.846,buy,2.0
2020-12-03 10:30:00,71.392,sell,4.0
2020-12-04 10:30:00,72.735,buy,2.0
2020-12-07 11:00:00,73.394,sell,4.0
2020-12-09 10:30:00,73.298,buy,2.0
2020-12-10 10:30:00,72.244,sell,4.0
2020-12-10 14:00:00,72.756,buy,2.0
2020-12-10 15:00:00,72.745,sell,4.0
2020-12-14 14:00:00,69.354,buy,2.0
2020-12-15 13:30:00,68.745,sell,4.0
2020-12-16 14:00:00,67.235,buy,2.0
2020-12-16 14:30:00,67.174,sell,4.0
2020-12-17 11:00:00,68.583,buy,2.0
2020-12-18 11:00:00,68.517,sell,4.0
2020-12-21 10:30:00,68.745,buy,2.0
2020-12-22 11:00:00,68.979,sell,4.0
2020-12-23 11:00:00,68.35,buy,2.0
2020-12-24 11:00:00,68.416,sell,4.0
2020-12-24 11:30:00,68.391,buy,1.0
2020-12-28 10:30:00,71.878,sell,3.0
2020-12-29 11:00:00,73.805,buy,2.0
2020-12-30 14:00:00,75.164,sell,4.0
2020-12-31 10:30:00,77.019,buy,2.0
2020-12-31 13:30:00,75.701,sell,4.0
2021-01-04 10:00:00,77.597,buy,2.0
2021-01-04 11:00:00,77.567,sell,4.0
2021-01-04 11:30:00,77.136,buy,2.0
2021-01-05 11:30:00,80.892,sell,4.0
2021-01-05 14:00:00,81.536,buy,2.0
2021-01-06 10:30:00,80.355,sell,4.0
2021-01-07 11:30:00,80.036,buy,2.0
2021-01-07 14:00:00,79.579,sell,4.0
2021-01-07 15:00:00,80.036,buy,2.0
2021-01-08 11:30:00,78.93,sell,4.0
2021-01-12 10:30:00,78.479,buy,2.0
2021-01-13 11:00:00,77.846,sell,4.0
2021-01-14 11:30:00,77.82,buy,2.0
2021-01-15 10:00:00,75.072,sell,4.0
2021-01-15 13:30:00,76.903,buy,2.0
2021-01-18 13:30:00,77.475,sell,4.0
2021-01-19 10:30:00,78.327,buy,2.0
2021-01-19 11:30:00,77.622,sell,4.0
2021-01-20 10:30:00,77.739,buy,2.0
2021-01-21 11:00:00,78.271,sell,4.0
2021-01-21 14:30:00,78.226,buy,2.0
2021-01-21 15:00:00,78.408,sell,4.0
2021-01-22 10:00:00,77.638,buy,2.0
2021-01-22 10:30:00,78.9,sell,4.0
2021-01-22 11:00:00,79.448,buy,2.0
2021-01-22 13:30:00,79.498,sell,4.0
2021-01-26 14:00:00,76.254,buy,2.0
2021-01-27 15:00:00,75.083,sell,4.0
2021-01-28 13:30:00,76.02,buy,2.0
2021-01-29 13:30:00,75.529,sell,4.0
2021-02-01 11:00:00,76.862,buy,1.0
2021-02-02 10:30:00,83.098,sell,3.0
2021-02-02 11:00:00,81.881,buy,2.0
2021-02-03 10:30:00,85.805,sell,4.0
2021-02-04 15:00:00,82.454,buy,2.0
2021-02-05 10:00:00,82.494,sell,4.0
2021-02-05 11:00:00,82.956,buy,2.0
2021-02-08 10:00:00,82.408,sell,4.0
2021-02-08 10:30:00,85.475,buy,2.0
2021-02-09 11:00:00,86.748,sell,4.0
2021-02-09 15:00:00,90.226,buy,2.0
2021-02-10 10:30:00,90.495,sell,4.0
2021-02-19 14:00:00,89.927,buy,2.0
2021-02-22 13:30:00,87.012,sell,4.0
2021-02-23 14:00:00,83.295,buy,2.0
2021-02-23 15:00:00,83.194,sell,4.0
2021-02-24 11:30:00,81.648,buy,1.0
2021-02-26 11:00:00,90.794,sell,3.0
2021-02-26 11:30:00,91.23,buy,2.0
2021-02-26 15:00:00,91.148,sell,4.0
2021-03-02 11:30:00,93.516,buy,2.0
2021-03-02 13:30:00,93.749,sell,4.0
2021-03-02 15:00:00,94.702,buy,2.0
2021-03-03 14:00:00,94.246,sell,4.0
2021-03-04 13:30:00,93.546,buy,2.0
2021-03-08 14:00:00,97.384,sell,4.0
2021-03-10 13:30:00,84.284,buy,2.0
2021-03-10 14:00:00,85.029,sell,4.0
2021-03-10 14:30:00,84.669,buy,2.0
2021-03-12 11:00:00,86.946,sell,4.0
2021-03-15 10:00:00,86.079,buy,2.0
2021-03-15 10:30:00,87.96,sell,4.0
2021-03-15 11:00:00,86.844,buy,2.0
2021-03-15 13:30:00,86.469,sell,4.0
2021-03-16 10:00:00,87.787,buy,2.0
2021-03-16 11:00:00,87.955,sell,4.0
2021-03-16 11:30:00,88.213,buy,2.0
2021-03-17 11:30:00,89.663,sell,4.0
2021-03-18 10:30:00,92.436,buy,2.0
2021-03-18 14:30:00,92.005,sell,4.0
2021-03-19 11:30:00,94.844,buy,2.0
2021-03-19 14:30:00,94.292,sell,4.0
2021-03-19 15:00:00,94.941,buy,2.0
2021-03-22 13:30:00,97.795,sell,4.0
2021-03-22 14:30:00,98.277,buy,2.0
2021-03-23 10:30:00,96.173,sell,4.0
2021-03-23 15:00:00,97.602,buy,2.0
2021-03-24 14:30:00,97.43,sell,4.0
2021-03-25 10:30:00,98.444,buy,2.0
2021-03-25 11:30:00,96.933,sell,4.0
2021-03-26 10:00:00,98.966,buy,2.0
2021-03-29 10:30:00,99.072,sell,4.0
2021-03-30 10:00:00,100.751,buy,2.0
2021-03-30 15:00:00,100.472,sell,4.0
2021-03-31 14:00:00,100.913,buy,2.0
2021-04-01 13:30:00,101.014,sell,4.0
2021-04-06 11:30:00,100.887,buy,2.0
2021-04-07 11:30:00,101.592,sell,4.0
2021-04-07 13:30:00,102.621,buy,2.0
2021-04-08 10:30:00,101.841,sell,4.0
2021-04-08 14:00:00,102.925,buy,2.0
2021-04-08 15:00:00,103.012,sell,4.0
2021-04-09 10:00:00,106.971,buy,2.0
2021-04-09 11:00:00,103.296,sell,4.0
2021-04-12 15:00:00,98.555,buy,2.0
2021-04-13 10:30:00,98.591,sell,4.0
2021-04-13 11:00:00,98.459,buy,2.0
2021-04-13 14:00:00,98.013,sell,4.0
2021-04-14 11:00:00,97.846,buy,2.0
2021-04-15 11:00:00,96.091,sell,4.0
2021-04-15 14:30:00,97.699,buy,2.0
2021-04-16 11:00:00,95.29,sell,4.0
2021-04-16 14:30:00,95.894,buy,2.0
2021-04-16 15:00:00,95.96,sell,4.0
2021-04-19 10:00:00,97.957,buy,2.0
2021-04-20 11:00:00,97.187,sell,4.0
2021-04-20 15:00:00,97.339,buy,2.0
2021-04-21 10:30:00,96.609,sell,4.0
2021-04-21 13:30:00,97.486,buy,2.0
2021-04-22 11:30:00,97.45,sell,4.0
2021-04-23 11:00:00,99.473,buy,2.0
2021-04-26 13:30:00,100.887,sell,4.0
2021-04-27 11:00:00,103.397,buy,2.0
2021-04-28 14:00:00,105.957,sell,4.0
2021-04-28 14:30:00,106.459,buy,1.0
2021-04-29 11:00:00,112.244,sell,3.0
2021-04-29 13:30:00,113.993,buy,1.0
2021-04-30 11:00:00,120.015,sell,3.0
2021-04-30 11:30:00,119.833,buy,2.0
2021-04-30 14:00:00,118.976,sell,4.0
2021-05-06 14:30:00,121.942,buy,2.0
2021-05-07 11:30:00,122.855,sell,4.0
2021-05-11 11:00:00,121.673,buy,2.0
2021-05-12 10:30:00,120.639,sell,4.0
2021-05-12 11:30:00,120.877,buy,2.0
2021-05-13 10:30:00,120.147,sell,4.0
2021-05-13 14:30:00,121.41,buy,2.0
2021-05-14 10:30:00,120.974,sell,4.0
2021-05-17 10:30:00,121.065,buy,2.0
2021-05-18 13:30:00,123.706,sell,4.0
2021-05-19 13:30:00,123.306,buy,2.0
2021-05-20 11:00:00,123.762,sell,4.0
2021-05-24 10:30:00,121.105,buy,2.0
2021-05-24 15:00:00,121.166,sell,4.0
2021-05-25 11:00:00,121.572,buy,2.0
2021-05-25 14:00:00,121.41,sell,4.0
2021-05-25 15:00:00,121.166,buy,2.0
2021-05-26 10:00:00,118.915,sell,4.0
2021-05-26 14:30:00,120.71,buy,2.0
2021-05-27 14:30:00,120.639,sell,4.0
2021-05-28 10:00:00,120.593,buy,2.0
2021-05-28 10:30:00,119.868,sell,4.0
2021-05-31 11:00:00,118.15,buy,2.0
2021-06-01 13:30:00,119.519,sell,4.0
2021-06-03 10:30:00,117.171,buy,2.0
2021-06-04 14:00:00,118.92,sell,4.0
2021-06-08 14:30:00,115.326,buy,2.0
2021-06-10 13:30:00,118.177,sell,4.0
2021-06-11 14:00:00,115.153,buy,2.0
2021-06-15 10:00:00,118.753,sell,4.0
2021-06-15 10:30:00,122.19,buy,2.0
2021-06-16 10:00:00,121.229,sell,4.0
2021-06-16 10:30:00,120.951,buy,2.0
2021-06-16 11:00:00,120.873,sell,4.0
2021-06-17 14:00:00,119.998,buy,2.0
2021-06-17 14:30:00,120.539,sell,4.0
2021-06-18 10:00:00,121.371,buy,2.0
2021-06-18 13:30:00,119.827,sell,4.0
2021-06-21 11:30:00,119.898,buy,2.0
2021-06-22 13:30:00,125.427,sell,4.0
2021-06-23 11:30:00,126.651,buy,2.0
2021-06-23 14:30:00,126.053,sell,4.0
2021-06-24 10:30:00,128.003,buy,2.0
2021-06-24 11:00:00,127.27,sell,4.0
2021-06-25 10:00:00,131.518,buy,2.0
2021-06-28 10:30:00,131.567,sell,4.0
2021-06-29 11:00:00,128.43,buy,2.0
2021-06-30 10:30:00,124.872,sell,4.0
2021-07-01 10:30:00,125.228,buy,2.0
2021-07-02 14:00:00,124.822,sell,4.0
2021-07-06 10:30:00,121.755,buy,2.0
2021-07-06 14:00:00,118.518,sell,4.0
2021-07-06 15:00:00,120.781,buy,2.0
2021-07-08 11:30:00,122.303,sell,4.0
2021-07-09 11:30:00,121.812,buy,2.0
2021-07-12 14:00:00,123.983,sell,4.0
2021-07-13 10:30:00,124.772,buy,2.0
2021-07-13 11:00:00,125.932,sell,4.0
2021-07-13 11:30:00,125.114,buy,2.0
2021-07-13 14:00:00,126.153,sell,4.0
2021-07-13 14:30:00,125.285,buy,2.0
2021-07-13 15:00:00,126.217,sell,4.0
2021-07-14 10:00:00,123.798,buy,2.0
2021-07-14 10:30:00,122.382,sell,4.0
2021-07-15 11:30:00,118.917,buy,2.0
2021-07-15 14:30:00,119.543,sell,4.0
2021-07-15 15:00:00,119.393,buy,2.0
2021-07-16 11:00:00,117.849,sell,4.0
2021-07-19 10:30:00,118.568,buy,2.0
2021-07-20 10:30:00,115.893,sell,4.0
2021-07-21 10:30:00,115.508,buy,2.0
2021-07-22 10:30:00,114.27,sell,4.0
2021-07-26 10:30:00,111.047,buy,2.0
2021-07-26 11:00:00,109.923,sell,4.0
2021-07-26 14:00:00,113.125,buy,2.0
2021-07-27 14:30:00,110.848,sell,4.0
2021-07-29 10:00:00,109.916,buy,2.0
2021-07-30 11:00:00,108.799,sell,4.0
2021-07-30 14:30:00,108.728,buy,1.0
2021-08-03 11:00:00,115.394,sell,3.0
2021-08-04 10:00:00,117.401,buy,2.0
2021-08-04 11:00:00,116.554,sell,4.0
2021-08-05 13:30:00,111.197,buy,2.0
2021-08-05 14:00:00,110.585,sell,4.0
2021-08-09 10:30:00,111.31,buy,2.0
2021-08-10 11:00:00,115.309,sell,4.0
2021-08-11 10:30:00,116.512,buy,2.0
2021-08-11 14:00:00,118.29,sell,4.0
2021-08-12 10:00:00,115.985,buy,2.0
2021-08-12 10:30:00,115.288,sell,4.0
2021-08-13 11:00:00,111.723,buy,2.0
2021-08-13 11:30:00,111.922,sell,4.0
2021-08-16 10:30:00,111.09,buy,2.0
2021-08-17 14:30:00,111.83,sell,4.0
2021-08-19 11:30:00,110.642,buy,2.0
2021-08-20 11:00:00,106.942,sell,4.0
2021-08-23 10:30:00,107.689,buy,2.0
2021-08-23 14:30:00,106.878,sell,4.0
2021-08-24 11:30:00,109.211,buy,2.0
2021-08-25 10:30:00,106.749,sell,4.0
2021-08-27 10:30:00,103.533,buy,2.0
2021-08-27 14:30:00,102.039,sell,4.0
2021-08-30 10:30:00,104.437,buy,2.0
2021-08-31 10:30:00,104.949,sell,4.0
2021-09-01 11:30:00,104.558,buy,2.0
2021-09-02 10:30:00,101.932,sell,4.0
2021-09-03 10:30:00,97.002,buy,2.0
2021-09-03 11:00:00,95.422,sell,4.0
2021-09-03 14:30:00,95.65,buy,2.0
2021-09-06 10:00:00,97.158,sell,4.0
2021-09-06 10:30:00,96.81,buy,2.0
2021-09-07 10:30:00,94.647,sell,4.0
2021-09-08 10:00:00,94.099,buy,2.0
2021-09-08 14:00:00,92.704,sell,4.0
2021-09-08 15:00:00,93.408,buy,2.0
2021-09-09 11:00:00,92.071,sell,4.0
2021-09-09 13:30:00,93.152,buy,2.0
2021-09-10 11:00:00,91.9,sell,4.0
2021-09-13 10:00:00,91.388,buy,2.0
2021-09-13 11:30:00,89.886,sell,4.0
2021-09-13 14:00:00,90.15,buy,2.0
2021-09-14 10:30:00,88.72,sell,4.0
2021-09-15 11:00:00,85.098,buy,2.0
2021-09-15 13:30:00,83.675,sell,4.0
2021-09-16 11:30:00,78.189,buy,2.0
2021-09-17 14:00:00,74.596,sell,4.0
2021-09-23 10:30:00,75.265,buy,2.0
2021-09-24 13:30:00,72.518,sell,4.0
2021-09-27 14:30:00,72.155,buy,2.0
2021-09-28 14:30:00,72.938,sell,4.0
2021-09-30 11:00:00,71.878,buy,2.0
2021-09-30 14:00:00,71.252,sell,4.0
2021-10-08 10:30:00,72.141,buy,2.0
2021-10-11 11:30:00,72.774,sell,4.0
2021-10-12 14:30:00,72.426,buy,2.0
2021-10-14 14:00:00,75.606,sell,4.0
2021-10-18 10:00:00,76.496,buy,1.0
2021-10-19 11:30:00,81.832,sell,3.0
2021-10-19 14:00:00,80.779,buy,2.0
2021-10-19 14:30:00,82.131,sell,4.0
2021-10-20 10:00:00,80.131,buy,2.0
2021-10-20 10:30:00,79.335,sell,4.0
2021-10-21 11:30:00,77.627,buy,1.0
2021-10-25 10:30:00,83.333,sell,3.0
2021-10-25 14:00:00,87.631,buy,2.0
2021-10-26 11:00:00,87.289,sell,4.0
2021-10-28 10:30:00,82.309,buy,2.0
2021-10-28 14:00:00,81.256,sell,4.0
2021-10-28 15:00:00,81.825,buy,2.0
2021-10-29 13:30:00,78.794,sell,4.0
2021-11-01 11:30:00,74.069,buy,1.0
2021-11-03 10:00:00,84.173,sell,3.0
2021-11-03 10:30:00,87.524,buy,1.0
2021-11-04 10:30:00,92.498,sell,3.0
2021-11-05 14:30:00,95.707,buy,2.0
2021-11-08 10:00:00,93.643,sell,4.0
2021-11-09 10:00:00,96.411,buy,2.0
2021-11-09 15:00:00,95.771,sell,4.0
2021-11-11 10:00:00,94.39,buy,2.0
2021-11-12 10:30:00,94.099,sell,4.0
2021-11-15 11:30:00,93.935,buy,2.0
2021-11-16 15:00:00,95.301,sell,4.0
2021-11-17 10:00:00,93.615,buy,2.0
2021-11-17 10:30:00,94.248,sell,4.0
2021-11-18 15:00:00,93.238,buy,2.0
2021-11-19 10:30:00,91.509,sell,4.0
2021-11-19 14:30:00,92.206,buy,2.0
2021-11-22 11:00:00,90.954,sell,4.0
2021-11-23 11:30:00,89.31,buy,2.0
2021-11-24 13:30:00,88.25,sell,4.0
2021-11-25 10:30:00,88.983,buy,2.0
2021-11-25 13:30:00,88.449,sell,4.0
2021-11-25 14:00:00,88.015,buy,2.0
2021-11-25 14:30:00,87.937,sell,4.0
2021-11-26 14:00:00,86.215,buy,2.0
2021-11-29 11:00:00,84.514,sell,4.0
2021-11-29 14:30:00,84.892,buy,2.0
2021-11-30 11:30:00,84.45,sell,4.0
2021-12-01 11:00:00,83.703,buy,2.0
2021-12-02 10:30:00,82.359,sell,4.0
2021-12-02 13:30:00,82.771,buy,2.0
2021-12-03 10:30:00,81.626,sell,4.0
2021-12-03 14:30:00,82.899,buy,1.0
2021-12-07 10:30:00,92.853,sell,3.0
2021-12-08 11:30:00,93.373,buy,2.0
2021-12-08 14:00:00,92.982,sell,4.0
2021-12-09 11:30:00,93.928,buy,2.0
2021-12-10 11:00:00,93.757,sell,4.0
2021-12-13 10:00:00,95.273,buy,2.0
2021-12-13 14:00:00,94.163,sell,4.0
2021-12-15 13:30:00,86.108,buy,2.0
2021-12-16 14:30:00,85.61,sell,4.0
2021-12-16 15:00:00,86.329,buy,2.0
2021-12-17 14:00:00,86.073,sell,4.0
2021-12-21 10:00:00,87.716,buy,2.0
2021-12-22 14:30:00,90.598,sell,4.0
2021-12-24 11:30:00,90.456,buy,1.0
2021-12-28 10:30:00,98.588,sell,3.0
2021-12-29 11:00:00,96.909,buy,2.0
2021-12-30 10:30:00,95.066,sell,4.0
2021-12-31 10:30:00,96.041,buy,2.0
2022-01-04 10:30:00,95.579,sell,4.0
2022-01-05 11:00:00,91.886,buy,2.0
2022-01-06 10:30:00,90.363,sell,4.0
2022-01-06 11:00:00,89.659,buy,1.0
2022-01-07 14:30:00,96.489,sell,3.0
2022-01-10 15:00:00,95.65,buy,2.0
2022-01-11 10:30:00,94.639,sell,4.0
2022-01-11 11:00:00,94.945,buy,2.0
2022-01-12 10:00:00,93.074,sell,4.0
2022-01-13 11:30:00,86.514,buy,2.0
2022-01-13 13:30:00,85.432,sell,4.0
2022-01-13 15:00:00,86.165,buy,2.0
2022-01-17 10:30:00,84.771,sell,4.0
2022-01-18 10:00:00,87.168,buy,2.0
2022-01-18 14:30:00,85.596,sell,4.0
2022-01-19 10:30:00,91.637,buy,2.0
2022-01-20 10:30:00,88.691,sell,4.0
2022-01-21 13:30:00,85.361,buy,2.0
2022-01-24 11:30:00,83.525,sell,4.0
2022-01-25 10:30:00,83.298,buy,2.0
2022-01-25 13:30:00,81.839,sell,4.0
2022-01-26 11:30:00,80.871,buy,2.0
2022-01-27 10:30:00,78.666,sell,4.0
2022-01-27 14:30:00,77.186,buy,2.0
2022-01-28 10:30:00,74.553,sell,4.0
2022-01-28 11:30:00,75.67,buy,2.0
2022-02-07 14:30:00,77.805,sell,4.0
2022-02-08 13:30:00,78.381,buy,2.0
2022-02-10 11:00:00,78.979,sell,4.0
2022-02-11 10:30:00,83.412,buy,2.0
2022-02-11 15:00:00,83.974,sell,4.0
2022-02-15 11:00:00,77.698,buy,2.0
2022-02-15 15:00:00,77.883,sell,4.0
2022-02-16 10:00:00,76.168,buy,2.0
2022-02-16 10:30:00,76.325,sell,4.0
2022-02-16 13:30:00,76.78,buy,2.0
2022-02-17 10:30:00,74.461,sell,4.0
2022-02-18 11:30:00,73.144,buy,2.0
2022-02-18 14:00:00,72.269,sell,4.0
2022-02-21 10:00:00,70.483,buy,2.0
2022-02-21 10:30:00,69.871,sell,4.0
2022-02-21 14:00:00,71.294,buy,2.0
2022-02-22 11:00:00,69.843,sell,4.0
2022-02-23 11:30:00,67.523,buy,2.0
2022-02-24 11:00:00,65.182,sell,4.0
2022-02-25 10:00:00,63.404,buy,2.0
2022-02-28 10:00:00,61.447,sell,4.0
2022-02-28 11:00:00,63.126,buy,2.0
2022-03-01 11:30:00,62.799,sell,4.0
2022-03-01 14:30:00,63.112,buy,2.0
2022-03-02 10:30:00,61.746,sell,4.0
2022-03-03 13:30:00,59.263,buy,2.0
2022-03-03 15:00:00,58.885,sell,4.0
2022-03-04 10:00:00,57.647,buy,2.0
2022-03-04 10:30:00,57.711,sell,4.0
2022-03-04 13:30:00,57.128,buy,2.0
2022-03-04 14:00:00,57.064,sell,4.0
2022-03-07 15:00:00,54.076,buy,2.0
2022-03-08 10:00:00,54.296,sell,4.0
2022-03-08 10:30:00,54.09,buy,2.0
2022-03-08 11:30:00,53.065,sell,4.0
2022-03-08 14:00:00,54.246,buy,2.0
2022-03-09 13:30:00,51.948,sell,4.0
2022-03-09 15:00:00,52.439,buy,2.0
2022-03-10 15:00:00,52.361,sell,4.0
2022-03-11 11:30:00,51.813,buy,2.0
2022-03-14 11:30:00,52.389,sell,4.0
2022-03-16 14:00:00,49.913,buy,1.0
2022-03-18 10:30:00,54.524,sell,3.0
2022-03-22 10:00:00,54.616,buy,2.0
2022-03-23 13:30:00,57.313,sell,4.0
2022-03-25 10:30:00,56.338,buy,2.0
2022-03-25 14:00:00,55.05,sell,4.0
2022-03-28 11:00:00,54.908,buy,2.0
2022-03-29 13:30:00,54.858,sell,4.0
2022-03-30 11:00:00,56.936,buy,1.0
2022-03-31 13:30:00,63.944,sell,3.0
2022-04-01 13:30:00,63.517,buy,2.0
2022-04-07 10:30:00,64.827,sell,4.0
2022-04-08 11:30:00,62.984,buy,2.0
2022-04-11 10:30:00,60.565,sell,4.0
2022-04-12 11:30:00,59.604,buy,2.0
2022-04-12 13:30:00,60.892,sell,4.0
2022-04-12 14:00:00,61.006,buy,2.0
2022-04-13 11:00:00,58.736,sell,4.0
2022-04-14 11:00:00,58.928,buy,2.0
2022-04-15 13:30:00,59.775,sell,4.0
2022-04-15 14:00:00,59.647,buy,2.0
2022-04-18 10:00:00,60.052,sell,4.0
2022-04-18 10:30:00,61.084,buy,2.0
2022-04-18 11:30:00,59.825,sell,4.0
2022-04-20 11:30:00,55.392,buy,2.0
2022-04-21 11:30:00,54.154,sell,4.0
2022-04-22 11:00:00,53.777,buy,2.0
2022-04-25 11:00:00,54.118,sell,4.0
2022-04-27 11:30:00,46.911,buy,1.0
2022-04-28 14:00:00,49.344,sell,3.0
2022-04-29 11:00:00,50.554,buy,1.0
2022-05-06 10:30:00,56.345,sell,3.0
2022-05-06 14:30:00,58.487,buy,2.0
2022-05-09 10:30:00,56.438,sell,4.0
2022-05-10 11:00:00,55.684,buy,2.0
2022-05-10 11:30:00,55.413,sell,4.0
2022-05-10 14:00:00,56.011,buy,2.0
2022-05-10 15:00:00,56.054,sell,4.0
2022-05-11 10:00:00,57.149,buy,2.0
2022-05-12 10:30:00,56.623,sell,4.0
2022-05-13 10:30:00,58.017,buy,2.0
2022-05-13 13:30:00,57.776,sell,4.0
2022-05-13 14:30:00,58.53,buy,2.0
2022-05-16 14:30:00,60.116,sell,4.0
2022-05-17 13:30:00,59.988,buy,2.0
2022-05-17 14:00:00,60.138,sell,4.0
2022-05-17 14:30:00,59.832,buy,2.0
2022-05-17 15:00:00,59.697,sell,4.0
2022-05-18 10:30:00,60.607,buy,2.0
2022-05-18 11:30:00,61.198,sell,4.0
2022-05-18 13:30:00,62.699,buy,2.0
2022-05-19 10:30:00,60.714,sell,4.0
2022-05-19 14:30:00,61.867,buy,2.0
2022-05-23 10:30:00,64.044,sell,4.0
2022-05-25 10:30:00,62.514,buy,2.0
2022-05-25 11:00:00,62.749,sell,4.0
2022-05-25 11:30:00,63.19,buy,2.0
2022-05-26 14:30:00,63.724,sell,4.0
2022-05-27 11:00:00,64.741,buy,2.0
2022-05-27 13:30:00,64.03,sell,4.0
2022-05-30 11:30:00,63.752,buy,1.0
2022-06-01 10:00:00,70.355,sell,3.0
2022-06-01 10:30:00,70.241,buy,2.0
2022-06-01 11:30:00,69.21,sell,4.0
2022-06-06 10:30:00,68.142,buy,2.0
2022-06-07 10:30:00,67.488,sell,4.0
2022-06-08 10:30:00,68.043,buy,2.0
2022-06-08 13:30:00,67.374,sell,4.0
2022-06-08 14:30:00,68.249,buy,2.0
2022-06-09 14:00:00,68.128,sell,4.0
2022-06-10 15:00:00,68.164,buy,2.0
2022-06-13 10:30:00,66.541,sell,4.0
2022-06-14 10:00:00,63.774,buy,2.0
2022-06-14 10:30:00,64.585,sell,4.0
2022-06-14 14:00:00,64.734,buy,2.0
2022-06-16 10:00:00,66.598,sell,4.0
2022-06-16 13:30:00,67.239,buy,2.0
2022-06-16 15:00:00,66.911,sell,4.0
2022-06-17 14:30:00,67.53,buy,1.0
2022-06-21 11:30:00,79.69,sell,3.0
2022-06-21 13:30:00,80.146,buy,2.0
2022-06-21 14:00:00,78.331,sell,4.0
2022-06-23 13:30:00,77.129,buy,1.0
2022-06-27 10:00:00,85.19,sell,3.0
2022-06-27 11:00:00,89.41,buy,2.0
2022-06-28 10:30:00,88.954,sell,4.0
2022-06-28 15:00:00,89.63,buy,2.0
2022-06-29 11:00:00,92.042,sell,4.0
2022-06-29 14:00:00,92.498,buy,2.0
2022-06-30 10:00:00,89.701,sell,4.0
2022-06-30 13:30:00,93.038,buy,2.0
2022-07-01 10:30:00,92.256,sell,4.0
2022-07-01 11:30:00,92.498,buy,2.0
2022-07-01 14:00:00,92.149,sell,4.0
2022-07-04 10:30:00,97.471,buy,2.0
2022-07-05 10:30:00,93.885,sell,4.0
2022-07-06 11:00:00,92.114,buy,2.0
2022-07-06 15:00:00,91.068,sell,4.0
2022-07-07 10:00:00,90.363,buy,2.0
2022-07-07 11:00:00,89.146,sell,4.0
2022-07-07 14:00:00,90.299,buy,2.0
2022-07-08 11:00:00,89.118,sell,4.0
2022-07-08 15:00:00,89.296,buy,2.0
2022-07-11 10:00:00,89.154,sell,4.0
2022-07-11 11:00:00,88.627,buy,2.0
2022-07-11 11:30:00,88.663,sell,4.0
2022-07-12 11:00:00,87.46,buy,2.0
2022-07-13 10:00:00,84.529,sell,4.0
2022-07-13 13:30:00,84.586,buy,2.0
2022-07-13 14:00:00,84.799,sell,4.0
2022-07-14 10:30:00,83.255,buy,2.0
2022-07-14 13:30:00,81.106,sell,4.0
2022-07-15 10:30:00,79.669,buy,2.0
2022-07-15 14:00:00,79.107,sell,4.0
2022-07-15 14:30:00,78.267,buy,2.0
2022-07-15 15:00:00,77.677,sell,4.0
2022-07-18 11:00:00,77.549,buy,2.0
2022-07-19 10:30:00,74.923,sell,4.0
2022-07-20 10:00:00,75.912,buy,2.0
2022-07-20 14:30:00,74.703,sell,4.0
2022-07-21 15:00:00,73.002,buy,2.0
2022-07-22 10:30:00,72.226,sell,4.0
2022-07-25 10:30:00,75.834,buy,2.0
2022-07-26 11:00:00,77.819,sell,4.0
2022-07-26 13:30:00,78.267,buy,2.0
2022-07-27 10:30:00,77.278,sell,4.0
2022-07-28 14:30:00,75.948,buy,2.0
2022-08-01 10:30:00,73.685,sell,4.0
2022-08-01 15:00:00,74.39,buy,2.0
2022-08-02 13:30:00,75.194,sell,4.0
2022-08-02 14:00:00,75.35,buy,2.0
2022-08-03 10:00:00,71.344,sell,4.0
2022-08-04 11:00:00,68.989,buy,2.0
2022-08-05 10:30:00,67.061,sell,4.0
2022-08-05 13:30:00,67.104,buy,2.0
2022-08-05 14:00:00,67.552,sell,4.0
2022-08-05 14:30:00,67.559,buy,2.0
2022-08-08 14:00:00,67.943,sell,4.0
2022-08-09 14:00:00,66.897,buy,2.0
2022-08-11 11:00:00,66.157,sell,4.0
2022-08-11 15:00:00,66.904,buy,2.0
2022-08-15 10:00:00,67.075,sell,4.0
2022-08-16 11:30:00,67.474,buy,2.0
2022-08-17 10:00:00,64.571,sell,4.0
2022-08-17 13:30:00,65.673,buy,2.0
2022-08-18 11:30:00,64.286,sell,4.0
2022-08-19 10:30:00,66.115,buy,1.0
2022-08-22 10:00:00,69.573,sell,3.0
2022-08-22 10:30:00,68.555,buy,2.0
2022-08-23 10:30:00,63.603,sell,4.0
2022-08-24 10:30:00,63.959,buy,2.0
2022-08-24 15:00:00,63.005,sell,4.0
2022-08-25 10:30:00,65.673,buy,2.0
2022-08-25 15:00:00,65.389,sell,4.0
2022-08-29 13:30:00,61.689,buy,2.0
2022-08-30 14:00:00,62.301,sell,4.0
2022-08-30 15:00:00,62.585,buy,1.0
2022-09-01 15:00:00,68.534,sell,3.0
2022-09-05 11:00:00,63.589,buy,2.0
2022-09-05 11:30:00,64.378,sell,4.0
2022-09-05 13:30:00,63.823,buy,2.0
2022-09-05 14:30:00,63.539,sell,4.0
2022-09-06 11:30:00,62.77,buy,2.0
2022-09-07 11:00:00,62.621,sell,4.0
2022-09-09 10:30:00,62.18,buy,1.0
2022-09-13 11:30:00,66.264,sell,3.0
2022-09-14 15:00:00,65.545,buy,2.0
2022-09-15 14:30:00,68.719,sell,4.0
2022-09-19 10:30:00,63.482,buy,2.0
2022-09-19 11:00:00,64.129,sell,4.0
2022-09-19 11:30:00,63.603,buy,2.0
2022-09-19 13:30:00,63.525,sell,4.0
2022-09-19 15:00:00,63.439,buy,2.0
2022-09-20 10:30:00,61.746,sell,4.0
2022-09-20 14:00:00,62.692,buy,2.0
2022-09-21 10:30:00,61.703,sell,4.0
2022-09-21 11:00:00,61.013,buy,2.0
2022-09-21 11:30:00,60.771,sell,4.0
2022-09-21 14:00:00,61.319,buy,2.0
2022-09-22 10:30:00,58.288,sell,4.0
2022-09-23 10:30:00,57.313,buy,2.0
2022-09-23 11:30:00,56.566,sell,4.0
2022-09-23 14:00:00,56.651,buy,1.0
2022-09-27 13:30:00,63.418,sell,3.0
2022-09-27 14:00:00,63.887,buy,2.0
2022-09-28 11:00:00,64.606,sell,4.0
2022-09-30 10:30:00,63.268,buy,2.0
2022-09-30 15:00:00,62.322,sell,4.0
2022-10-10 10:30:00,62.457,buy,2.0
2022-10-11 10:30:00,60.913,sell,4.0
2022-10-12 10:30:00,62.379,buy,2.0
2022-10-13 11:30:00,63.24,sell,4.0
2022-10-13 14:30:00,63.197,buy,2.0
2022-10-13 15:00:00,63.247,sell,4.0
2022-10-14 10:30:00,67.872,buy,2.0
2022-10-14 14:30:00,67.018,sell,4.0
2022-10-17 14:00:00,70.554,buy,2.0
2022-10-18 11:00:00,71.572,sell,4.0
2022-10-20 10:00:00,69.444,buy,2.0
2022-10-20 13:30:00,68.733,sell,4.0
2022-10-21 11:00:00,68.292,buy,2.0
2022-10-24 10:30:00,65.389,sell,4.0
2022-10-25 13:30:00,64.82,buy,2.0
2022-10-26 11:30:00,64.023,sell,4.0
2022-10-27 13:30:00,62.066,buy,2.0
2022-10-28 14:30:00,61.326,sell,4.0
2022-10-31 13:30:00,61.995,buy,2.0
2022-11-01 10:30:00,61.426,sell,4.0
2022-11-01 11:30:00,61.497,buy,2.0
2022-11-01 13:30:00,62.365,sell,4.0
2022-11-01 14:00:00,62.692,buy,1.0
2022-11-03 10:00:00,66.933,sell,3.0
2022-11-04 11:00:00,67.772,buy,2.0
2022-11-07 10:30:00,68.833,sell,4.0
2022-11-08 13:30:00,67.196,buy,2.0
2022-11-09 14:00:00,68.79,sell,4.0
2022-11-11 10:00:00,72.824,buy,1.0
2022-11-14 14:00:00,79.754,sell,3.0
2022-11-15 13:30:00,82.501,buy,2.0
2022-11-15 15:00:00,80.95,sell,4.0
2022-11-17 10:30:00,80.864,buy,2.0
2022-11-17 11:00:00,81.37,sell,4.0
2022-11-17 11:30:00,80.573,buy,2.0
2022-11-17 13:30:00,80.487,sell,4.0
2022-11-17 15:00:00,81.683,buy,2.0
2022-11-21 10:30:00,81.789,sell,4.0
2022-11-22 10:30:00,83.881,buy,2.0
2022-11-22 14:30:00,82.323,sell,4.0
2022-11-23 14:30:00,82.351,buy,2.0
2022-11-25 10:30:00,86.293,sell,4.0
2022-11-25 11:00:00,88.15,buy,2.0
2022-11-25 13:30:00,85.126,sell,4.0
2022-11-28 13:30:00,84.778,buy,1.0
2022-11-29 14:30:00,89.189,sell,3.0
2022-12-01 10:30:00,85.617,buy,2.0
2022-12-01 11:30:00,85.013,sell,4.0
2022-12-02 11:30:00,82.814,buy,2.0
2022-12-02 13:30:00,82.394,sell,4.0
2022-12-02 15:00:00,82.857,buy,2.0
2022-12-06 11:00:00,85.987,sell,4.0
2022-12-07 14:00:00,84.621,buy,2.0
2022-12-09 10:30:00,86.322,sell,4.0
2022-12-09 14:30:00,88.25,buy,2.0
2022-12-12 10:30:00,85.361,sell,4.0
2022-12-13 11:00:00,84.379,buy,2.0
2022-12-14 14:30:00,86.073,sell,4.0
2022-12-16 11:00:00,85.169,buy,2.0
2022-12-16 14:30:00,84.579,sell,4.0
2022-12-19 10:00:00,86.471,buy,2.0
2022-12-19 14:00:00,86.663,sell,4.0
2022-12-21 10:30:00,83.312,buy,2.0
2022-12-22 11:00:00,84.742,sell,4.0
2022-12-23 11:30:00,82.942,buy,2.0
2022-12-23 14:00:00,81.754,sell,4.0
2022-12-26 10:30:00,83.383,buy,2.0
2022-12-26 14:30:00,82.43,sell,4.0
2022-12-27 11:00:00,83.148,buy,2.0
2022-12-27 14:30:00,82.444,sell,4.0
2022-12-28 11:30:00,82.978,buy,2.0
2022-12-29 11:30:00,81.583,sell,4.0
2022-12-30 13:30:00,80.63,buy,2.0
2023-01-03 10:30:00,79.975,sell,4.0
2023-01-03 14:00:00,80.231,buy,1.0
2023-01-06 11:30:00,90.0,sell,3.0
2023-01-06 13:30:00,89.403,buy,2.0
2023-01-06 14:00:00,88.656,sell,4.0
2023-01-09 11:30:00,89.182,buy,2.0
2023-01-09 13:30:00,89.545,sell,4.0
2023-01-10 10:30:00,89.154,buy,2.0
2023-01-10 11:00:00,88.869,sell,4.0
2023-01-11 11:00:00,89.282,buy,2.0
2023-01-11 14:30:00,88.627,sell,4.0
2023-01-12 11:00:00,89.794,buy,2.0
2023-01-12 14:00:00,89.04,sell,4.0
2023-01-13 14:00:00,90.847,buy,2.0
2023-01-16 10:30:00,90.619,sell,4.0
2023-01-16 11:30:00,92.099,buy,2.0
2023-01-17 10:30:00,91.139,sell,4.0
2023-01-19 10:30:00,88.641,buy,2.0
2023-01-20 14:00:00,88.428,sell,4.0
2023-01-31 10:30:00,87.731,buy,2.0
2023-02-01 10:30:00,85.987,sell,4.0
2023-02-02 10:00:00,88.157,buy,2.0
2023-02-03 10:30:00,87.795,sell,4.0
2023-02-03 14:30:00,90.292,buy,2.0
2023-02-06 11:00:00,87.944,sell,4.0
2023-02-07 14:30:00,87.282,buy,2.0
2023-02-09 10:00:00,87.681,sell,4.0
2023-02-09 10:30:00,87.787,buy,2.0
2023-02-09 13:30:00,87.567,sell,4.0
2023-02-09 14:00:00,87.467,buy,2.0
2023-02-10 13:30:00,87.467,sell,4.0
2023-02-13 10:30:00,91.594,buy,2.0
2023-02-13 14:00:00,89.723,sell,4.0
2023-02-16 10:30:00,87.304,buy,2.0
2023-02-16 15:00:00,86.108,sell,4.0
2023-02-17 10:30:00,87.453,buy,2.0
2023-02-20 15:00:00,90.74,sell,4.0
2023-02-22 10:00:00,89.438,buy,2.0
2023-02-22 10:30:00,89.758,sell,4.0
2023-02-24 10:00:00,87.396,buy,2.0
2023-02-24 11:30:00,86.208,sell,4.0
2023-02-24 14:00:00,86.421,buy,2.0
2023-02-28 10:30:00,86.144,sell,4.0
2023-02-28 15:00:00,87.097,buy,1.0
2023-03-02 13:30:00,93.494,sell,3.0
2023-03-06 11:00:00,91.21,buy,2.0
2023-03-07 10:30:00,90.477,sell,4.0
2023-03-09 10:00:00,84.948,buy,2.0
2023-03-09 11:00:00,84.692,sell,4.0
2023-03-09 11:30:00,84.422,buy,2.0
2023-03-09 13:30:00,84.408,sell,4.0
2023-03-09 14:00:00,84.379,buy,2.0
2023-03-10 10:30:00,81.341,sell,4.0
2023-03-10 11:00:00,81.277,buy,2.0
2023-03-14 10:30:00,82.963,sell,4.0
2023-03-15 10:30:00,84.144,buy,2.0
2023-03-16 10:30:00,83.554,sell,4.0
2023-03-17 10:30:00,83.824,buy,2.0
2023-03-20 10:00:00,80.16,sell,4.0
2023-03-21 10:30:00,81.96,buy,2.0
2023-03-22 13:30:00,84.144,sell,4.0
2023-03-24 11:00:00,84.294,buy,2.0
2023-03-24 14:30:00,83.035,sell,4.0
2023-03-27 14:00:00,82.074,buy,2.0
2023-03-28 11:30:00,81.391,sell,4.0
2023-03-29 10:30:00,81.405,buy,2.0
2023-03-29 14:30:00,80.95,sell,4.0
2023-03-30 11:00:00,80.402,buy,2.0
2023-03-31 14:30:00,82.899,sell,4.0
2023-04-03 13:30:00,85.311,buy,2.0
2023-04-04 10:00:00,83.198,sell,4.0
2023-04-06 14:00:00,80.644,buy,2.0
2023-04-07 14:30:00,81.106,sell,4.0
2023-04-10 15:00:00,80.324,buy,2.0
2023-04-11 13:30:00,79.989,sell,4.0
2023-04-12 13:30:00,78.965,buy,2.0
2023-04-13 13:30:00,78.21,sell,4.0
2023-04-14 10:30:00,80.295,buy,2.0
2023-04-17 10:30:00,80.131,sell,4.0
2023-04-18 10:00:00,81.128,buy,2.0
2023-04-18 14:30:00,82.181,sell,4.0
2023-04-20 15:00:00,77.99,buy,2.0
2023-04-21 15:00:00,76.73,sell,4.0
2023-04-24 10:00:00,75.272,buy,2.0
2023-04-24 11:00:00,74.304,sell,4.0
2023-04-24 13:30:00,74.859,buy,2.0
2023-04-25 10:00:00,74.276,sell,4.0
2023-04-25 11:00:00,74.119,buy,2.0
2023-04-25 14:00:00,73.614,sell,4.0
2023-04-25 15:00:00,73.82,buy,2.0
2023-04-26 10:30:00,74.183,sell,4.0
2023-04-26 11:00:00,74.539,buy,2.0
2023-04-27 10:30:00,75.364,sell,4.0
2023-04-27 11:00:00,74.781,buy,2.0
2023-04-27 11:30:00,75.073,sell,4.0
2023-04-27 14:00:00,76.382,buy,2.0
2023-04-28 10:30:00,74.859,sell,4.0
2023-05-04 13:30:00,71.885,buy,2.0
2023-05-08 10:30:00,70.369,sell,4.0
2023-05-08 15:00:00,70.441,buy,2.0
2023-05-09 10:30:00,72.411,sell,4.0
2023-05-09 11:00:00,71.494,buy,2.0
2023-05-09 14:30:00,70.426,sell,4.0
2023-05-10 13:30:00,71.195,buy,2.0
2023-05-11 10:30:00,69.878,sell,4.0
2023-05-12 10:30:00,69.58,buy,2.0
2023-05-12 14:00:00,68.662,sell,4.0
2023-05-15 10:30:00,67.865,buy,2.0
2023-05-15 11:00:00,67.787,sell,4.0
2023-05-15 14:00:00,68.142,buy,2.0
2023-05-17 10:30:00,67.53,sell,4.0
2023-05-18 10:30:00,68.149,buy,2.0
2023-05-18 14:00:00,66.847,sell,4.0
2023-05-19 11:00:00,68.285,buy,2.0
2023-05-22 13:30:00,68.498,sell,4.0
2023-05-23 10:30:00,69.195,buy,2.0
2023-05-23 13:30:00,69.245,sell,4.0
2023-05-24 14:30:00,68.256,buy,2.0
2023-05-24 15:00:00,68.192,sell,4.0
2023-05-26 10:00:00,66.243,buy,2.0
2023-05-26 11:00:00,65.958,sell,4.0
2023-05-26 13:30:00,66.015,buy,2.0
2023-05-26 14:30:00,65.702,sell,4.0
2023-05-26 15:00:00,65.865,buy,2.0
2023-05-29 13:30:00,64.812,sell,4.0
2023-05-29 15:00:00,65.311,buy,2.0
2023-05-30 10:30:00,63.952,sell,4.0
2023-05-30 14:30:00,64.82,buy,2.0
2023-05-31 13:30:00,63.759,sell,4.0
2023-06-01 10:30:00,63.261,buy,2.0
2023-06-01 11:00:00,63.468,sell,4.0
2023-06-01 11:30:00,63.838,buy,1.0
2023-06-05 10:30:00,67.495,sell,3.0
2023-06-06 10:30:00,69.146,buy,2.0
2023-06-06 11:30:00,68.071,sell,4.0
2023-06-08 11:00:00,67.31,buy,2.0
2023-06-09 11:30:00,68.342,sell,4.0
2023-06-12 11:30:00,69.295,buy,2.0
2023-06-13 11:00:00,69.75,sell,4.0
2023-06-14 11:30:00,69.9,buy,2.0
2023-06-14 14:30:00,69.267,sell,4.0
2023-06-15 10:30:00,69.508,buy,2.0
2023-06-16 11:00:00,70.23,sell,4.0
2023-06-20 11:00:00,67.192,buy,2.0
2023-06-21 10:30:00,65.917,sell,4.0
2023-06-21 14:00:00,66.923,buy,2.0
2023-06-26 10:30:00,65.349,sell,4.0
2023-06-27 10:30:00,68.228,buy,2.0
2023-06-28 11:00:00,67.75,sell,4.0
2023-06-30 10:30:00,65.1,buy,2.0
2023-07-03 13:30:00,65.349,sell,4.0
2023-07-04 11:30:00,66.405,buy,2.0
2023-07-05 10:30:00,64.183,sell,4.0
2023-07-06 11:00:00,63.466,buy,2.0
2023-07-06 14:00:00,62.261,sell,4.0
2023-07-07 10:30:00,61.065,buy,2.0
2023-07-07 11:00:00,60.587,sell,4.0
2023-07-07 14:00:00,61.543,buy,1.0
2023-07-11 10:30:00,67.361,sell,3.0
2023-07-14 11:00:00,65.508,buy,2.0
2023-07-14 15:00:00,65.399,sell,4.0
2023-07-17 11:00:00,64.91,buy,2.0
2023-07-18 11:00:00,65.189,sell,4.0
2023-07-18 13:30:00,66.973,buy,2.0
2023-07-19 13:30:00,68.268,sell,4.0
2023-07-19 14:00:00,67.999,buy,2.0
2023-07-19 14:30:00,68.287,sell,4.0
2023-07-20 10:00:00,70.061,buy,2.0
2023-07-20 14:00:00,70.977,sell,4.0
2023-07-25 10:30:00,73.717,buy,2.0
2023-07-26 14:00:00,76.486,sell,4.0
2023-07-26 14:30:00,76.426,buy,2.0
2023-07-27 10:00:00,76.337,sell,4.0
2023-07-28 10:30:00,77.751,buy,1.0
2023-07-31 11:30:00,82.104,sell,3.0
2023-08-02 10:30:00,78.668,buy,2.0
2023-08-03 10:30:00,77.721,sell,4.0
2023-08-03 13:30:00,78.239,buy,2.0
2023-08-04 13:30:00,79.395,sell,4.0
2023-08-08 10:00:00,78.289,buy,2.0
2023-08-09 11:00:00,78.887,sell,4.0
2023-08-10 11:00:00,78.329,buy,2.0
2023-08-11 10:30:00,77.701,sell,4.0
2023-08-14 11:00:00,77.064,buy,2.0
2023-08-15 13:30:00,77.333,sell,4.0
2023-08-16 14:00:00,78.03,buy,2.0
2023-08-16 14:30:00,78.169,sell,4.0
2023-08-17 11:00:00,78.419,buy,2.0
2023-08-18 11:00:00,77.92,sell,4.0
2023-08-21 11:00:00,77.024,buy,2.0
2023-08-21 15:00:00,76.346,sell,4.0
2023-08-22 10:30:00,78.199,buy,2.0
2023-08-22 14:30:00,77.472,sell,4.0
2023-08-22 15:00:00,76.904,buy,2.0
2023-08-23 10:00:00,75.599,sell,4.0
2023-08-24 13:30:00,73.966,buy,2.0
2023-08-24 15:00:00,73.418,sell,4.0
2023-08-25 10:30:00,72.91,buy,2.0
2023-08-25 13:30:00,72.661,sell,4.0
2023-08-25 14:30:00,73.438,buy,2.0
2023-08-28 14:30:00,74.862,sell,4.0
2023-08-29 14:00:00,74.882,buy,2.0
2023-08-30 13:30:00,75.52,sell,4.0
2023-08-30 15:00:00,76.048,buy,2.0
2023-08-31 10:30:00,75.041,sell,4.0
2023-09-01 10:00:00,78.269,buy,2.0
2023-09-01 14:30:00,76.097,sell,4.0
2023-09-04 10:30:00,78.956,buy,2.0
2023-09-05 10:30:00,78.14,sell,4.0
2023-09-06 11:00:00,77.373,buy,2.0
2023-09-06 11:30:00,77.094,sell,4.0
2023-09-06 14:30:00,77.462,buy,2.0
2023-09-07 14:30:00,76.496,sell,4.0
2023-09-08 15:00:00,75.221,buy,2.0
2023-09-11 11:30:00,74.474,sell,4.0
2023-09-11 13:30:00,74.952,buy,2.0
2023-09-12 10:30:00,73.727,sell,4.0
2023-09-13 11:30:00,72.93,buy,2.0
2023-09-14 14:00:00,72.71,sell,4.0
2023-09-15 11:30:00,72.153,buy,2.0
2023-09-15 14:00:00,71.077,sell,4.0
2023-09-18 10:30:00,72.621,buy,2.0
2023-09-19 10:30:00,71.834,sell,4.0
2023-09-19 14:30:00,71.754,buy,2.0
2023-09-20 13:30:00,71.764,sell,4.0
2023-09-20 14:30:00,71.854,buy,2.0
2023-09-21 10:00:00,71.655,sell,4.0
2023-09-22 10:30:00,70.868,buy,2.0
2023-09-25 10:30:00,70.718,sell,4.0
2023-09-25 11:30:00,70.638,buy,2.0
2023-09-26 10:30:00,69.692,sell,4.0
2023-09-27 10:30:00,68.935,buy,2.0
2023-09-27 11:30:00,69.174,sell,4.0
2023-09-27 14:30:00,69.124,buy,2.0
2023-09-28 10:30:00,68.417,sell,4.0
2023-09-28 13:30:00,68.297,buy,2.0
2023-09-28 14:00:00,68.168,sell,4.0
2023-10-09 10:00:00,67.5,buy,2.0
2023-10-10 10:30:00,65.279,sell,4.0
2023-10-11 11:00:00,64.143,buy,2.0
2023-10-11 11:30:00,64.034,sell,4.0
2023-10-11 14:00:00,64.641,buy,2.0
2023-10-12 10:00:00,64.303,sell,4.0
2023-10-12 10:30:00,64.064,buy,2.0
2023-10-12 11:00:00,64.203,sell,4.0
2023-10-12 11:30:00,64.92,buy,2.0
2023-10-12 14:30:00,64.153,sell,4.0
2023-10-13 14:00:00,62.998,buy,2.0
2023-10-16 13:30:00,61.175,sell,4.0
2023-10-16 15:00:00,61.444,buy,2.0
2023-10-17 10:30:00,59.979,sell,4.0
2023-10-17 13:30:00,60.049,buy,2.0
2023-10-17 14:30:00,59.9,sell,4.0
2023-10-17 15:00:00,59.94,buy,2.0
2023-10-18 10:30:00,59.432,sell,4.0
2023-10-18 11:00:00,59.422,buy,2.0
2023-10-18 13:30:00,58.894,sell,4.0
2023-10-19 11:00:00,57.728,buy,2.0
2023-10-19 11:30:00,57.628,sell,4.0
2023-10-19 14:30:00,57.459,buy,2.0
2023-10-20 10:00:00,57.081,sell,4.0
2023-10-20 11:00:00,57.599,buy,2.0
2023-10-23 10:30:00,56.284,sell,4.0
2023-10-24 11:30:00,54.849,buy,2.0
2023-10-24 14:00:00,55.556,sell,4.0
2023-10-24 14:30:00,55.915,buy,2.0
2023-10-25 15:00:00,57.409,sell,4.0
2023-10-27 10:00:00,58.455,buy,2.0
2023-10-30 10:30:00,58.087,sell,4.0
2023-10-30 15:00:00,59.332,buy,2.0
2023-10-31 10:30:00,58.395,sell,4.0
2023-10-31 14:00:00,59.531,buy,2.0
2023-11-01 10:30:00,58.734,sell,4.0
2023-11-02 15:00:00,57.469,buy,2.0
2023-11-03 14:30:00,57.957,sell,4.0
2023-11-03 15:00:00,57.589,buy,2.0
2023-11-06 10:00:00,58.077,sell,4.0
2023-11-06 11:00:00,58.475,buy,2.0
2023-11-07 10:30:00,57.698,sell,4.0
2023-11-07 15:00:00,58.166,buy,2.0
2023-11-09 15:00:00,58.784,sell,4.0
2023-11-13 10:00:00,55.656,buy,2.0
2023-11-13 10:30:00,56.084,sell,4.0
2023-11-13 11:30:00,56.294,buy,2.0
2023-11-15 10:30:00,58.654,sell,4.0
2023-11-17 11:00:00,54.799,buy,2.0
2023-11-20 10:30:00,53.923,sell,4.0
2023-11-20 13:30:00,54.889,buy,2.0
2023-11-21 15:00:00,56.274,sell,4.0
2023-11-23 10:30:00,54.909,buy,2.0
2023-11-24 11:00:00,55.855,sell,4.0
2023-11-27 11:00:00,55.437,buy,2.0
2023-11-27 11:30:00,55.158,sell,4.0
2023-11-27 15:00:00,55.507,buy,2.0
2023-11-28 10:30:00,55.108,sell,4.0
2023-11-28 14:30:00,55.287,buy,2.0
2023-11-29 10:30:00,54.61,sell,4.0
2023-11-30 10:30:00,53.913,buy,2.0
2023-11-30 14:30:00,53.773,sell,4.0
2023-11-30 15:00:00,53.803,buy,2.0
2023-12-01 10:30:00,52.757,sell,4.0
2023-12-01 14:30:00,53.225,buy,2.0
2023-12-04 11:30:00,52.578,sell,4.0
2023-12-06 10:30:00,50.317,buy,2.0
2023-12-07 10:30:00,49.241,sell,4.0
2023-12-07 14:00:00,49.599,buy,2.0
2023-12-08 11:00:00,48.723,sell,4.0
2023-12-11 11:30:00,47.806,buy,2.0
2023-12-13 10:00:00,47.567,sell,4.0
2023-12-14 10:30:00,47.766,buy,2.0
2023-12-14 14:00:00,47.557,sell,4.0
2023-12-15 10:30:00,48.294,buy,2.0
2023-12-15 14:30:00,47.617,sell,4.0
2023-12-19 11:00:00,46.87,buy,2.0
2023-12-19 14:30:00,46.561,sell,4.0
2023-12-20 10:00:00,46.76,buy,2.0
2023-12-20 11:30:00,46.571,sell,4.0
2023-12-20 14:00:00,46.352,buy,2.0
2023-12-20 14:30:00,46.451,sell,4.0
2023-12-21 10:30:00,46.521,buy,2.0
2023-12-22 10:30:00,46.172,sell,4.0
2023-12-22 14:00:00,46.312,buy,2.0
2023-12-22 14:30:00,46.322,sell,4.0
2023-12-25 15:00:00,46.083,buy,2.0
2023-12-26 11:30:00,45.635,sell,4.0
2023-12-27 11:00:00,45.196,buy,2.0
2023-12-27 14:30:00,44.977,sell,4.0
2023-12-28 10:30:00,45.894,buy,2.0
2023-12-29 13:30:00,47.348,sell,4.0
2024-01-03 11:00:00,44.967,buy,2.0
2024-01-03 13:30:00,44.499,sell,4.0
2024-01-03 15:00:00,44.947,buy,2.0
2024-01-04 10:30:00,43.533,sell,4.0
2024-01-04 15:00:00,43.941,buy,2.0
2024-01-05 14:30:00,43.503,sell,4.0
2024-01-09 10:30:00,43.194,buy,2.0
2024-01-10 10:30:00,43.134,sell,4.0
2024-01-10 11:00:00,43.045,buy,2.0
2024-01-11 10:30:00,42.477,sell,4.0
2024-01-11 13:30:00,43.533,buy,2.0
2024-01-12 13:30:00,43.931,sell,4.0
2024-01-16 10:30:00,43.473,buy,2.0
2024-01-16 13:30:00,42.985,sell,4.0
2024-01-17 10:00:00,42.277,buy,2.0
2024-01-17 10:30:00,42.477,sell,4.0
2024-01-18 10:30:00,41.301,buy,2.0
2024-01-18 14:00:00,41.092,sell,4.0
2024-01-18 14:30:00,41.351,buy,2.0
2024-01-19 14:30:00,41.63,sell,4.0
2024-01-23 11:00:00,39.359,buy,2.0
2024-01-24 11:00:00,38.562,sell,4.0
2024-01-24 15:00:00,39.309,buy,1.0
2024-01-26 10:30:00,41.401,sell,3.0
2024-01-30 11:00:00,38.173,buy,2.0
2024-01-30 15:00:00,37.326,sell,4.0
2024-01-31 11:30:00,36.629,buy,2.0
2024-01-31 15:00:00,35.852,sell,4.0
2024-02-01 11:00:00,35.822,buy,2.0
2024-02-01 15:00:00,35.215,sell,4.0
2024-02-02 10:30:00,35.394,buy,2.0
2024-02-02 11:30:00,34.547,sell,4.0
2024-02-05 10:00:00,31.828,buy,2.0
2024-02-05 10:30:00,31.31,sell,4.0
2024-02-05 13:30:00,32.405,buy,1.0
2024-02-07 14:00:00,34.906,sell,3.0
2024-02-08 11:00:00,36.589,buy,2.0
2024-02-08 13:30:00,36.5,sell,4.0
2024-02-19 10:00:00,36.878,buy,2.0
2024-02-19 10:30:00,37.376,sell,4.0
2024-02-20 14:00:00,36.41,buy,2.0
2024-02-22 10:00:00,37.615,sell,4.0
2024-02-23 14:00:00,37.117,buy,2.0
2024-02-27 10:00:00,37.585,sell,4.0
2024-02-27 15:00:00,38.432,buy,2.0
2024-02-28 11:30:00,38.253,sell,4.0
2024-02-29 11:30:00,37.835,buy,2.0
2024-03-01 11:00:00,38.193,sell,4.0
2024-03-04 11:30:00,37.665,buy,2.0
2024-03-04 14:00:00,37.456,sell,4.0
2024-03-05 10:00:00,37.177,buy,2.0
2024-03-05 10:30:00,36.908,sell,4.0
2024-03-05 13:30:00,36.998,buy,2.0
2024-03-05 14:00:00,37.038,sell,4.0
2024-03-05 15:00:00,37.177,buy,2.0
2024-03-06 11:00:00,37.028,sell,4.0
2024-03-06 13:30:00,37.336,buy,2.0
2024-03-07 10:00:00,36.978,sell,4.0
2024-03-08 14:00:00,35.743,buy,1.0
2024-03-13 10:30:00,38.93,sell,3.0
2024-03-15 14:30:00,38.223,buy,2.0
2024-03-18 13:30:00,38.004,sell,4.0
2024-03-18 14:00:00,38.701,buy,2.0
2024-03-19 14:00:00,38.522,sell,4.0
2024-03-21 14:30:00,36.868,buy,2.0
2024-03-22 10:30:00,35.503,sell,4.0
2024-03-22 14:00:00,35.105,buy,2.0
2024-03-25 10:00:00,34.099,sell,4.0
2024-03-25 11:00:00,34.258,buy,2.0
2024-03-26 11:00:00,34.139,sell,4.0
2024-03-26 15:00:00,34.627,buy,2.0
2024-03-27 11:00:00,33.86,sell,4.0
2024-03-28 11:30:00,32.903,buy,2.0
2024-03-28 14:00:00,32.605,sell,4.0
2024-03-28 14:30:00,32.425,buy,2.0
2024-03-28 15:00:00,32.366,sell,4.0
2024-03-29 10:30:00,31.858,buy,2.0
2024-03-29 11:00:00,31.728,sell,4.0
2024-03-29 14:30:00,31.748,buy,2.0
2024-04-02 10:30:00,31.698,sell,4.0
2024-04-03 14:30:00,31.559,buy,2.0
2024-04-08 10:30:00,30.622,sell,4.0
2024-04-08 11:30:00,30.662,buy,2.0
2024-04-08 13:30:00,30.592,sell,4.0
2024-04-09 10:30:00,30.861,buy,2.0
2024-04-10 11:00:00,31.28,sell,4.0
2024-04-11 13:30:00,31.599,buy,2.0
2024-04-12 11:00:00,31.001,sell,4.0
2024-04-15 11:00:00,30.742,buy,2.0
2024-04-15 14:30:00,30.044,sell,4.0
2024-04-16 14:00:00,29.825,buy,2.0
2024-04-16 15:00:00,29.297,sell,4.0
2024-04-17 10:30:00,29.925,buy,2.0
2024-04-19 10:00:00,29.925,sell,4.0
2024-04-19 14:00:00,30.533,buy,2.0
2024-04-23 10:30:00,31.379,sell,4.0
2024-04-25 10:00:00,31.22,buy,2.0
2024-04-25 14:30:00,30.971,sell,4.0
2024-04-26 11:30:00,31.479,buy,1.0
2024-04-29 14:00:00,34.248,sell,3.0
2024-04-30 15:00:00,33.94,buy,2.0
2024-05-06 15:00:00,35.553,sell,4.0
2024-05-07 14:00:00,35.962,buy,2.0
2024-05-08 10:30:00,35.045,sell,4.0
2024-05-09 10:30:00,35.364,buy,2.0
2024-05-10 10:30:00,35.085,sell,4.0
2024-05-10 14:00:00,37.356,buy,2.0
2024-05-14 10:30:00,36.709,sell,4.0
2024-05-15 10:30:00,37.775,buy,1.0
2024-05-16 11:30:00,43.632,sell,3.0
2024-05-16 14:30:00,44.818,buy,1.0
2024-05-17 10:30:00,47.866,sell,3.0
2024-05-17 15:00:00,49.3,buy,2.0
2024-05-20 11:00:00,50.765,sell,4.0
2024-05-22 11:00:00,49.3,buy,2.0
2024-05-23 10:30:00,47.806,sell,4.0
2024-05-23 15:00:00,48.952,buy,2.0
2024-05-24 10:30:00,47.278,sell,4.0
2024-05-24 15:00:00,47.836,buy,2.0
2024-05-27 10:30:00,46.71,sell,4.0
2024-05-28 10:00:00,47.438,buy,2.0
2024-05-28 14:00:00,46.451,sell,4.0
2024-05-30 10:00:00,44.529,buy,2.0
2024-05-30 10:30:00,44.419,sell,4.0
2024-05-31 10:00:00,43.901,buy,2.0
2024-05-31 15:00:00,43.074,sell,4.0
2024-06-03 10:30:00,43.294,buy,2.0
2024-06-04 14:00:00,44.728,sell,4.0
2024-06-06 14:30:00,42.088,buy,2.0
2024-06-06 15:00:00,42.158,sell,4.0
2024-06-07 10:00:00,42.128,buy,2.0
2024-06-07 14:30:00,42.078,sell,4.0
2024-06-11 11:00:00,42.178,buy,2.0
2024-06-12 10:30:00,41.072,sell,4.0
2024-06-12 14:30:00,41.59,buy,2.0
2024-06-13 10:30:00,40.584,sell,4.0
2024-06-14 10:30:00,40.674,buy,2.0
2024-06-17 11:00:00,41.182,sell,4.0
2024-06-20 14:00:00,39.66,buy,2.0
2024-06-21 10:00:00,39.86,sell,4.0
2024-06-21 10:30:00,39.63,buy,2.0
2024-06-21 14:00:00,39.46,sell,4.0
2024-06-24 11:00:00,38.63,buy,2.0
2024-06-26 10:30:00,39.2,sell,4.0
2024-06-28 10:00:00,37.47,buy,2.0
2024-06-28 13:30:00,36.9,sell,4.0
2024-07-01 10:00:00,36.71,buy,1.0
2024-07-02 14:00:00,40.22,sell,3.0
2024-07-03 13:30:00,40.34,buy,2.0
2024-07-03 14:30:00,39.76,sell,4.0
2024-07-05 11:00:00,37.85,buy,2.0
2024-07-05 11:30:00,37.89,sell,4.0
2024-07-05 13:30:00,37.65,buy,2.0
2024-07-05 14:00:00,37.78,sell,4.0
2024-07-08 11:30:00,36.69,buy,2.0
2024-07-08 13:30:00,36.47,sell,4.0
2024-07-09 10:00:00,35.45,buy,2.0
2024-07-09 10:30:00,34.91,sell,4.0
2024-07-09 13:30:00,34.62,buy,2.0
2024-07-10 11:00:00,33.51,sell,4.0
2024-07-10 13:30:00,33.63,buy,2.0
2024-07-11 10:00:00,33.49,sell,4.0
2024-07-11 10:30:00,33.92,buy,2.0
2024-07-12 15:00:00,34.47,sell,4.0
2024-07-16 11:00:00,33.1,buy,1.0
2024-07-18 11:00:00,35.71,sell,3.0
2024-07-19 11:30:00,37.08,buy,2.0
2024-07-19 14:30:00,36.18,sell,4.0
2024-07-24 11:30:00,35.78,buy,2.0
2024-07-25 13:30:00,35.81,sell,4.0
2024-07-29 10:30:00,32.82,buy,2.0
2024-07-29 11:00:00,32.66,sell,4.0
2024-07-30 11:30:00,31.0,buy,2.0
2024-08-01 10:30:00,31.52,sell,4.0
2024-08-05 10:00:00,30.63,buy,2.0
2024-08-05 15:00:00,30.06,sell,4.0
2024-08-06 11:30:00,30.25,buy,2.0
2024-08-07 11:00:00,29.96,sell,4.0
2024-08-07 14:30:00,30.52,buy,2.0
2024-08-08 10:30:00,30.16,sell,4.0
2024-08-08 11:30:00,31.67,buy,2.0
2024-08-09 13:30:00,32.19,sell,4.0
2024-08-13 11:30:00,29.65,buy,2.0
2024-08-14 11:00:00,29.64,sell,4.0
2024-08-14 11:30:00,29.68,buy,2.0
2024-08-14 14:30:00,29.58,sell,4.0
2024-08-15 11:00:00,29.83,buy,2.0
2024-08-15 15:00:00,29.51,sell,4.0
2024-08-19 10:30:00,28.72,buy,2.0
2024-08-19 11:30:00,28.61,sell,4.0
2024-08-20 14:00:00,27.66,buy,2.0
2024-08-21 10:30:00,27.76,sell,4.0
2024-08-21 11:00:00,27.88,buy,2.0
2024-08-22 10:30:00,27.59,sell,4.0
2024-08-23 13:30:00,27.3,buy,2.0
2024-08-27 10:30:00,27.02,sell,4.0
2024-08-28 11:00:00,26.84,buy,2.0
2024-08-28 15:00:00,26.56,sell,4.0
2024-08-29 10:30:00,26.87,buy,2.0
2024-09-02 10:30:00,28.0,sell,4.0
2024-09-03 11:00:00,28.25,buy,2.0
2024-09-04 10:30:00,28.2,sell,4.0
2024-09-04 13:30:00,28.39,buy,2.0
2024-09-04 14:00:00,28.37,sell,4.0
2024-09-05 10:30:00,28.51,buy,2.0
2024-09-05 11:00:00,28.63,sell,4.0
2024-09-05 15:00:00,28.81,buy,2.0
2024-09-06 10:30:00,28.43,sell,4.0
2024-09-09 11:00:00,27.57,buy,2.0
2024-09-10 10:30:00,26.75,sell,4.0
2024-09-10 14:30:00,26.98,buy,2.0
2024-09-12 11:30:00,27.82,sell,4.0
2024-09-18 11:00:00,26.73,buy,1.0
2024-09-19 15:00:00,29.08,sell,3.0
2024-09-20 14:00:00,28.92,buy,2.0
2024-09-23 11:30:00,29.5,sell,4.0
2024-09-24 14:00:00,30.41,buy,2.0
2024-09-25 13:30:00,30.28,sell,4.0
2024-09-26 11:30:00,30.58,buy,1.0
2024-10-08 11:30:00,42.32,sell,3.0
2024-10-10 11:00:00,36.87,buy,2.0
2024-10-11 10:30:00,35.34,sell,4.0
2024-10-11 11:30:00,36.17,buy,1.0
2024-10-15 11:00:00,40.57,sell,3.0
2024-10-16 11:00:00,42.57,buy,2.0
2024-10-16 14:00:00,41.26,sell,4.0
2024-10-18 11:00:00,38.82,buy,2.0
2024-10-21 11:30:00,39.16,sell,4.0
2024-10-22 10:30:00,40.16,buy,1.0
2024-10-23 14:00:00,42.4,sell,3.0
2024-10-25 10:30:00,43.99,buy,2.0
2024-10-25 15:00:00,43.15,sell,4.0
2024-10-28 10:30:00,45.0,buy,2.0
2024-10-28 11:30:00,44.21,sell,4.0
2024-10-30 10:30:00,43.6,buy,2.0
2024-10-30 14:00:00,42.01,sell,4.0
2024-10-31 10:30:00,45.5,buy,2.0
2024-11-01 11:00:00,45.2,sell,4.0
2024-11-01 13:30:00,44.83,buy,2.0
2024-11-01 14:00:00,45.22,sell,4.0
2024-11-01 14:30:00,45.51,buy,2.0
2024-11-04 10:30:00,45.1,sell,4.0
2024-11-04 15:00:00,46.83,buy,2.0
2024-11-06 10:30:00,49.1,sell,4.0
2024-11-06 11:00:00,49.0,buy,1.0
2024-11-07 10:00:00,54.8,sell,3.0
2024-11-07 10:30:00,52.66,buy,2.0
2024-11-07 11:00:00,51.31,sell,4.0
2024-11-11 11:00:00,47.55,buy,2.0
2024-11-12 14:00:00,48.35,sell,4.0
2024-11-13 11:30:00,48.01,buy,2.0
2024-11-14 14:00:00,48.1,sell,4.0
2024-11-18 11:00:00,45.94,buy,2.0
2024-11-18 14:30:00,44.76,sell,4.0
2024-11-19 13:30:00,44.83,buy,2.0
2024-11-20 15:00:00,45.81,sell,4.0
2024-11-21 11:30:00,46.16,buy,2.0
2024-11-21 14:30:00,45.67,sell,4.0
2024-11-25 11:00:00,44.76,buy,1.0
2024-11-27 14:00:00,47.92,sell,3.0
2024-11-28 10:00:00,47.84,buy,2.0
2024-11-28 10:30:00,47.69,sell,4.0
2024-11-29 10:30:00,49.04,buy,2.0
2024-11-29 15:00:00,49.12,sell,4.0
2024-12-02 14:30:00,48.94,buy,2.0
2024-12-03 10:30:00,48.82,sell,4.0
2024-12-03 11:00:00,49.28,buy,2.0
2024-12-04 10:30:00,47.5,sell,4.0
2024-12-05 13:30:00,47.34,buy,2.0
2024-12-06 10:30:00,46.56,sell,4.0
2024-12-06 11:30:00,47.1,buy,2.0
2024-12-06 14:00:00,46.74,sell,4.0
2024-12-09 11:00:00,46.87,buy,1.0
2024-12-10 15:00:00,49.36,sell,3.0
2024-12-12 11:00:00,49.56,buy,2.0
2024-12-13 10:00:00,47.89,sell,4.0
2024-12-16 14:30:00,44.71,buy,2.0
2024-12-18 10:30:00,45.34,sell,4.0
2024-12-18 13:30:00,45.49,buy,2.0
2024-12-18 15:00:00,45.06,sell,4.0
2024-12-19 11:30:00,44.91,buy,2.0
2024-12-19 14:30:00,44.75,sell,4.0
2024-12-20 11:00:00,44.23,buy,2.0
2024-12-23 14:00:00,44.34,sell,4.0
2024-12-24 14:00:00,44.49,buy,2.0
2024-12-25 10:30:00,43.53,sell,4.0
2024-12-25 14:30:00,44.67,buy,2.0
2024-12-26 14:30:00,44.46,sell,4.0
2024-12-27 10:30:00,44.5,buy,2.0
2024-12-27 11:00:00,44.59,sell,4.0
2024-12-30 14:30:00,43.42,buy,2.0
2024-12-31 14:00:00,42.99,sell,4.0
2025-01-02 11:30:00,42.2,buy,2.0
2025-01-02 14:00:00,41.55,sell,4.0
2025-01-03 11:00:00,41.44,buy,2.0
2025-01-03 14:00:00,40.57,sell,4.0
2025-01-06 11:00:00,40.19,buy,2.0
2025-01-06 14:00:00,39.63,sell,4.0
2025-01-07 10:00:00,39.74,buy,2.0
2025-01-08 10:30:00,38.68,sell,4.0
