time,price,signal
2019-04-08 14:00:00,13.292,sell
2019-04-09 14:00:00,13.819,buy
2019-04-10 14:00:00,13.484,sell
2019-04-15 11:30:00,13.066,buy
2019-04-16 10:30:00,12.748,sell
2019-04-16 15:00:00,13.125,buy
2019-04-19 10:30:00,12.966,sell
2019-04-22 11:30:00,12.982,buy
2019-04-22 14:00:00,12.882,sell
2019-04-24 15:00:00,12.606,buy
2019-04-26 10:30:00,12.188,sell
2019-04-29 15:00:00,12.054,buy
2019-05-06 14:00:00,11.502,sell
2019-05-07 11:30:00,11.694,buy
2019-05-09 14:00:00,11.577,sell
2019-05-10 14:00:00,11.652,buy
2019-05-15 10:30:00,11.753,sell
2019-05-15 14:00:00,11.803,buy
2019-05-17 11:30:00,11.778,sell
2019-05-21 11:30:00,12.021,buy
2019-05-23 11:30:00,11.636,sell
2019-05-27 11:30:00,11.669,buy
2019-05-30 10:30:00,11.82,sell
2019-05-31 10:30:00,12.029,buy
2019-05-31 14:00:00,11.853,sell
2019-06-04 11:30:00,11.945,buy
2019-06-04 15:00:00,11.92,sell
2019-06-10 11:30:00,11.758,buy
2019-06-12 15:00:00,11.861,sell
2019-06-19 10:30:00,11.534,buy
2019-06-25 10:30:00,11.784,sell
2019-06-26 14:00:00,11.939,buy
2019-06-28 10:30:00,11.99,sell
2019-07-01 11:30:00,12.257,buy
2019-07-03 14:00:00,12.197,sell
2019-07-04 15:00:00,12.24,buy
2019-07-05 10:30:00,12.3,sell
2019-07-05 11:30:00,12.3,buy
2019-07-08 11:30:00,11.964,sell
2019-07-10 10:30:00,11.93,buy
2019-07-11 10:30:00,11.947,sell
2019-07-11 11:30:00,11.973,buy
2019-07-11 15:00:00,11.844,sell
2019-07-15 11:30:00,12.068,buy
2019-07-18 11:30:00,11.904,sell
2019-07-22 14:00:00,11.655,buy
2019-07-26 11:30:00,12.222,sell
2019-07-30 11:30:00,12.369,buy
2019-07-31 10:30:00,12.3,sell
2019-07-31 14:00:00,12.326,buy
2019-08-01 10:30:00,12.317,sell
2019-08-01 14:00:00,12.326,buy
2019-08-01 15:00:00,12.334,sell
2019-08-05 11:30:00,12.463,buy
2019-08-06 11:30:00,11.594,sell
2019-08-07 15:00:00,12.154,buy
2019-08-09 15:00:00,12.377,sell
2019-08-16 10:30:00,11.379,buy
2019-08-22 10:30:00,11.801,sell
2019-08-22 14:00:00,11.835,buy
2019-08-23 11:30:00,11.723,sell
2019-08-27 11:30:00,12.704,buy
2019-08-29 14:00:00,13.298,sell
2019-09-02 11:30:00,13.736,buy
2019-09-05 14:00:00,15.413,sell
2019-09-11 14:00:00,15.921,buy
2019-09-12 11:30:00,15.241,sell
2019-09-16 15:00:00,15.671,buy
2019-09-17 14:00:00,15.56,sell
2019-09-17 15:00:00,15.422,buy
2019-09-18 10:30:00,15.568,sell
2019-09-18 14:00:00,15.757,buy
2019-09-23 11:30:00,16.265,sell
2019-09-24 14:00:00,16.755,buy
2019-09-25 14:00:00,16.368,sell
2019-09-27 14:00:00,15.99,buy
2019-10-08 15:00:00,15.964,sell
2019-10-09 15:00:00,16.583,buy
2019-10-10 14:00:00,16.471,sell
2019-10-10 15:00:00,16.489,buy
2019-10-11 14:00:00,16.334,sell
2019-10-14 11:30:00,16.867,buy
2019-10-15 11:30:00,16.489,sell
2019-10-18 11:30:00,15.697,buy
2019-10-18 15:00:00,15.663,sell
2019-10-21 14:00:00,15.431,buy
2019-10-23 15:00:00,15.8,sell
2019-10-28 11:30:00,15.835,buy
2019-10-29 11:30:00,14.33,sell
2019-10-31 14:00:00,14.132,buy
2019-11-01 11:30:00,13.771,sell
2019-11-01 15:00:00,13.814,buy
2019-11-05 11:30:00,13.796,sell
2019-11-06 14:00:00,13.891,buy
2019-11-07 14:00:00,13.581,sell
2019-11-08 11:30:00,13.9,buy
2019-11-12 10:30:00,13.633,sell
2019-11-14 11:30:00,13.659,buy
2019-11-15 15:00:00,13.538,sell
2019-11-21 11:30:00,14.072,buy
2019-11-22 15:00:00,13.986,sell
2019-11-25 10:30:00,13.461,buy
2019-11-25 11:30:00,13.323,sell
2019-11-27 14:00:00,13.384,buy
2019-11-28 14:00:00,13.031,sell
2019-12-02 11:30:00,13.031,buy
2019-12-03 10:30:00,12.73,sell
2019-12-04 10:30:00,12.85,buy
2019-12-10 10:30:00,13.229,sell
2019-12-16 10:30:00,13.427,buy
2019-12-18 14:00:00,13.891,sell
2019-12-23 11:30:00,13.891,buy
2019-12-24 14:00:00,13.865,sell
2019-12-24 15:00:00,13.986,buy
2019-12-26 14:00:00,13.736,sell
2019-12-27 11:30:00,13.865,buy
2019-12-30 10:30:00,13.495,sell
2019-12-30 14:00:00,13.676,buy
2020-01-03 14:00:00,14.562,sell
2020-01-06 10:30:00,14.605,buy
2020-01-06 11:30:00,14.631,sell
2020-01-07 10:30:00,15.009,buy
2020-01-07 14:00:00,14.889,sell
2020-01-09 15:00:00,14.751,buy
2020-01-10 14:00:00,14.631,sell
2020-01-13 14:00:00,15.044,buy
2020-01-15 10:30:00,14.932,sell
2020-01-17 10:30:00,14.94,buy
2020-01-17 15:00:00,14.777,sell
2020-01-20 15:00:00,14.794,buy
2020-01-21 15:00:00,14.579,sell
2020-01-22 14:00:00,14.829,buy
2020-01-23 14:00:00,13.917,sell
2020-02-04 14:00:00,12.532,buy
2020-02-06 14:00:00,12.644,sell
2020-02-07 10:30:00,13.212,buy
2020-02-11 11:30:00,13.177,sell
2020-02-12 15:00:00,13.289,buy
2020-02-13 11:30:00,13.082,sell
2020-02-14 11:30:00,13.289,buy
2020-02-19 11:30:00,14.235,sell
2020-02-19 15:00:00,14.244,buy
2020-02-20 10:30:00,14.123,sell
2020-02-21 15:00:00,14.467,buy
2020-02-25 11:30:00,14.209,sell
2020-02-27 11:30:00,14.639,buy
2020-02-28 11:30:00,13.908,sell
2020-03-02 11:30:00,14.614,buy
2020-03-04 14:00:00,14.743,sell
2020-03-05 11:30:00,15.757,buy
2020-03-06 14:00:00,15.74,sell
2020-03-11 10:30:00,15.611,buy
2020-03-12 11:30:00,14.803,sell
2020-03-16 11:30:00,14.132,buy
2020-03-16 15:00:00,13.461,sell
2020-03-17 14:00:00,13.203,buy
2020-03-17 15:00:00,13.28,sell
2020-03-18 10:30:00,13.323,buy
2020-03-19 10:30:00,12.816,sell
2020-03-20 10:30:00,13.108,buy
2020-03-23 15:00:00,12.627,sell
2020-03-25 10:30:00,13.048,buy
2020-03-26 15:00:00,12.953,sell
2020-03-27 14:00:00,12.971,buy
2020-03-27 15:00:00,12.859,sell
2020-04-01 15:00:00,12.136,buy
2020-04-03 15:00:00,12.265,sell
2020-04-07 11:30:00,12.549,buy
2020-04-09 15:00:00,12.747,sell
2020-04-10 10:30:00,12.627,buy
2020-04-10 11:30:00,12.541,sell
2020-04-14 14:00:00,12.523,buy
2020-04-16 14:00:00,12.747,sell
2020-04-21 10:30:00,12.635,buy
2020-04-21 11:30:00,12.437,sell
2020-04-22 11:30:00,12.592,buy
2020-04-24 10:30:00,12.472,sell
2020-04-27 14:00:00,12.532,buy
2020-04-29 15:00:00,12.842,sell
2020-05-07 11:30:00,12.85,buy
2020-05-11 15:00:00,12.928,sell
2020-05-14 10:30:00,12.678,buy
2020-05-14 11:30:00,12.713,sell
2020-05-15 11:30:00,12.936,buy
2020-05-18 11:30:00,12.73,sell
2020-05-20 11:30:00,12.695,buy
2020-05-22 10:30:00,12.627,sell
2020-05-26 11:30:00,12.214,buy
2020-05-28 15:00:00,12.498,sell
2020-05-29 10:30:00,12.609,buy
2020-06-03 11:30:00,13.1,sell
2020-06-08 11:30:00,13.031,buy
2020-06-08 15:00:00,12.852,sell
2020-06-09 11:30:00,13.013,buy
2020-06-11 11:30:00,12.897,sell
2020-06-15 10:30:00,12.87,buy
2020-06-18 15:00:00,13.219,sell
2020-06-22 10:30:00,13.237,buy
2020-06-22 11:30:00,13.201,sell
2020-06-30 14:00:00,12.968,buy
2020-07-06 15:00:00,13.98,sell
2020-07-09 11:30:00,14.186,buy
2020-07-10 14:00:00,14.24,sell
2020-07-20 11:30:00,13.353,buy
2020-07-22 15:00:00,13.434,sell
2020-07-24 10:30:00,13.398,buy
2020-07-24 14:00:00,13.147,sell
2020-07-28 14:00:00,12.95,buy
2020-08-04 11:30:00,13.497,sell
2020-08-07 10:30:00,13.291,buy
2020-08-07 11:30:00,13.326,sell
2020-08-10 11:30:00,13.443,buy
2020-08-12 10:30:00,12.986,sell
2020-08-13 14:00:00,13.138,buy
2020-08-19 11:30:00,13.434,sell
2020-08-24 14:00:00,13.21,buy
2020-08-26 14:00:00,13.174,sell
2020-08-27 15:00:00,13.407,buy
2020-09-01 10:30:00,13.55,sell
2020-09-04 11:30:00,13.273,buy
2020-09-08 10:30:00,13.219,sell
2020-09-08 15:00:00,13.425,buy
2020-09-10 11:30:00,13.183,sell
2020-09-14 10:30:00,13.138,buy
2020-09-17 11:30:00,12.995,sell
2020-09-18 10:30:00,13.219,buy
2020-09-22 11:30:00,13.282,sell
2020-09-25 10:30:00,13.174,buy
2020-09-28 11:30:00,12.789,sell
2020-10-09 10:30:00,12.753,buy
2020-10-13 14:00:00,12.87,sell
2020-10-15 11:30:00,12.923,buy
2020-10-15 14:00:00,12.914,sell
2020-10-16 15:00:00,12.968,buy
2020-10-19 14:00:00,12.852,sell
2020-10-21 10:30:00,12.744,buy
2020-10-21 11:30:00,12.744,sell
2020-10-22 15:00:00,12.843,buy
2020-10-26 15:00:00,13.049,sell
2020-10-27 10:30:00,12.897,buy
2020-10-27 11:30:00,12.861,sell
2020-10-28 15:00:00,12.95,buy
2020-10-30 10:30:00,13.076,sell
2020-10-30 11:30:00,13.085,buy
2020-11-02 10:30:00,12.959,sell
2020-11-02 14:00:00,13.111,buy
2020-11-05 10:30:00,13.452,sell
2020-11-09 10:30:00,13.523,buy
2020-11-10 11:30:00,13.425,sell
2020-11-13 11:30:00,13.282,buy
2020-11-17 15:00:00,13.55,sell
2020-11-18 10:30:00,13.532,buy
2020-11-18 11:30:00,13.55,sell
2020-11-19 10:30:00,13.765,buy
2020-11-20 11:30:00,13.631,sell
2020-11-23 14:00:00,13.756,buy
2020-11-25 14:00:00,13.694,sell
2020-11-30 10:30:00,13.712,buy
2020-12-01 10:30:00,13.506,sell
2020-12-01 14:00:00,13.658,buy
2020-12-03 14:00:00,13.586,sell
2020-12-04 15:00:00,13.577,buy
2020-12-07 11:30:00,13.452,sell
2020-12-09 15:00:00,13.264,buy
2020-12-10 10:30:00,13.192,sell
2020-12-10 14:00:00,13.3,buy
2020-12-11 11:30:00,12.807,sell
2020-12-15 10:30:00,12.601,buy
2020-12-18 15:00:00,12.673,sell
2020-12-25 11:30:00,12.091,buy
2020-12-29 10:30:00,12.359,sell
2020-12-29 11:30:00,12.252,buy
2020-12-31 10:30:00,12.314,sell
2021-01-04 15:00:00,12.449,buy
2021-01-05 14:00:00,12.386,sell
2021-01-07 14:00:00,12.064,buy
2021-01-07 15:00:00,12.073,sell
2021-01-08 11:30:00,12.037,buy
2021-01-08 14:00:00,11.938,sell
2021-01-13 10:30:00,11.598,buy
2021-01-14 10:30:00,11.687,sell
2021-01-14 11:30:00,11.687,buy
2021-01-20 10:30:00,11.885,sell
2021-01-22 10:30:00,11.661,buy
2021-01-22 11:30:00,11.661,sell
2021-01-26 14:00:00,11.383,buy
2021-01-28 15:00:00,11.508,sell
2021-02-02 10:30:00,11.553,buy
2021-02-03 11:30:00,11.41,sell
2021-02-08 11:30:00,10.864,buy
2021-02-18 15:00:00,11.222,sell
2021-02-19 14:00:00,11.473,buy
2021-02-23 10:30:00,11.696,sell
2021-02-26 11:30:00,11.643,buy
2021-03-02 14:00:00,11.741,sell
2021-03-04 14:00:00,11.992,buy
2021-03-05 15:00:00,11.938,sell
2021-03-08 11:30:00,12.046,buy
2021-03-09 10:30:00,11.562,sell
2021-03-11 14:00:00,12.073,buy
2021-03-16 11:30:00,12.234,sell
2021-03-16 14:00:00,12.386,buy
2021-03-17 11:30:00,12.162,sell
2021-03-19 11:30:00,12.153,buy
2021-03-19 15:00:00,12.153,sell
2021-03-22 10:30:00,12.279,buy
2021-03-23 14:00:00,12.198,sell
2021-03-26 11:30:00,12.028,buy
2021-03-30 11:30:00,12.082,sell
2021-03-31 14:00:00,12.422,buy
2021-04-02 15:00:00,12.332,sell
2021-04-08 14:00:00,12.091,buy
2021-04-09 14:00:00,11.992,sell
2021-04-14 11:30:00,11.499,buy
2021-04-15 15:00:00,11.473,sell
2021-04-16 10:30:00,11.553,buy
2021-04-20 14:00:00,11.616,sell
2021-04-26 10:30:00,11.32,buy
2021-04-27 11:30:00,11.132,sell
2021-04-28 11:30:00,11.132,buy
2021-04-30 11:30:00,10.846,sell
2021-05-07 14:00:00,10.819,buy
2021-05-13 15:00:00,10.828,sell
2021-05-14 15:00:00,10.917,buy
2021-05-18 11:30:00,10.962,sell
2021-05-21 11:30:00,10.989,buy
2021-05-26 11:30:00,11.043,sell
2021-05-26 14:00:00,11.016,buy
2021-05-27 14:00:00,11.016,sell
2021-06-01 14:00:00,10.998,buy
2021-06-03 10:30:00,11.15,sell
2021-06-07 14:00:00,11.204,buy
2021-06-09 14:00:00,11.222,sell
2021-06-11 11:30:00,11.24,buy
2021-06-15 14:00:00,11.1,sell
2021-06-18 11:30:00,10.998,buy
2021-06-22 15:00:00,11.035,sell
2021-06-23 15:00:00,11.128,buy
2021-06-24 15:00:00,11.035,sell
2021-06-28 11:30:00,11.035,buy
2021-06-29 15:00:00,10.988,sell
2021-07-01 14:00:00,10.942,buy
2021-07-02 10:30:00,10.83,sell
2021-07-06 11:30:00,10.839,buy
2021-07-08 11:30:00,10.755,sell
2021-07-09 11:30:00,10.774,buy
2021-07-14 11:30:00,11.016,sell
2021-07-19 10:30:00,10.839,buy
2021-07-21 10:30:00,10.914,sell
2021-07-22 14:00:00,10.932,buy
2021-07-23 11:30:00,10.83,sell
2021-07-26 10:30:00,10.82,buy
2021-07-26 11:30:00,10.802,sell
2021-07-28 10:30:00,10.634,buy
2021-07-29 10:30:00,10.606,sell
2021-07-29 14:00:00,10.55,buy
2021-07-29 15:00:00,10.568,sell
2021-07-30 11:30:00,11.623,buy
2021-08-03 10:30:00,11.688,sell
2021-08-04 15:00:00,12.313,buy
2021-08-06 11:30:00,11.678,sell
2021-08-10 11:30:00,11.65,buy
2021-08-12 15:00:00,13.32,sell
2021-08-18 15:00:00,12.49,buy
2021-08-19 14:00:00,12.136,sell
2021-08-19 15:00:00,12.033,buy
2021-08-20 10:30:00,12.164,sell
2021-08-20 11:30:00,11.828,buy
2021-08-20 15:00:00,11.893,sell
2021-08-23 10:30:00,12.154,buy
2021-08-25 15:00:00,12.462,sell
2021-08-26 11:30:00,12.9,buy
2021-08-27 11:30:00,12.406,sell
2021-09-01 11:30:00,12.387,buy
2021-09-06 10:30:00,12.369,sell
2021-09-08 10:30:00,12.443,buy
2021-09-09 14:00:00,12.331,sell
2021-09-13 14:00:00,12.313,buy
2021-09-14 15:00:00,11.949,sell
2021-09-15 14:00:00,12.126,buy
2021-09-16 15:00:00,11.865,sell
2021-09-22 10:30:00,12.089,buy
2021-09-24 11:30:00,12.313,sell
2021-09-28 15:00:00,12.173,buy
2021-09-30 10:30:00,11.66,sell
2021-10-08 10:30:00,11.809,buy
2021-10-11 11:30:00,11.744,sell
2021-10-13 15:00:00,11.343,buy
2021-10-18 10:30:00,11.361,sell
2021-10-19 10:30:00,11.529,buy
2021-10-20 15:00:00,11.52,sell
2021-10-21 14:00:00,11.529,buy
2021-10-21 15:00:00,11.389,sell
2021-10-25 14:00:00,11.352,buy
2021-10-27 11:30:00,11.128,sell
2021-10-29 14:00:00,10.97,buy
2021-11-02 15:00:00,11.109,sell
2021-11-04 11:30:00,11.464,buy
2021-11-05 15:00:00,11.585,sell
2021-11-09 14:00:00,11.716,buy
2021-11-10 11:30:00,11.688,sell
2021-11-11 11:30:00,11.744,buy
2021-11-16 15:00:00,12.882,sell
2021-11-17 11:30:00,13.404,buy
2021-11-17 15:00:00,13.432,sell
2021-11-22 14:00:00,12.9,buy
2021-11-24 11:30:00,12.975,sell
2021-11-24 15:00:00,12.947,buy
2021-11-25 11:30:00,13.264,sell
2021-11-25 14:00:00,13.581,buy
2021-11-26 11:30:00,12.966,sell
2021-11-30 10:30:00,13.385,buy
2021-12-01 14:00:00,13.096,sell
2021-12-03 14:00:00,13.339,buy
2021-12-07 11:30:00,13.003,sell
2021-12-08 14:00:00,12.994,buy
2021-12-08 15:00:00,13.096,sell
2021-12-09 10:30:00,12.919,buy
2021-12-09 11:30:00,12.938,sell
2021-12-10 14:00:00,12.854,buy
2021-12-13 11:30:00,12.854,sell
2021-12-13 14:00:00,12.891,buy
2021-12-14 11:30:00,12.798,sell
2021-12-14 15:00:00,12.919,buy
2021-12-16 14:00:00,13.46,sell
2021-12-17 11:30:00,13.796,buy
2021-12-17 14:00:00,13.665,sell
2021-12-23 14:00:00,13.357,buy
2021-12-24 11:30:00,12.928,sell
2021-12-28 14:00:00,12.826,buy
2021-12-29 14:00:00,12.714,sell
2021-12-29 15:00:00,12.649,buy
2022-01-05 11:30:00,12.788,sell
2022-01-06 15:00:00,13.031,buy
2022-01-10 10:30:00,12.826,sell
2022-01-11 14:00:00,12.882,buy
2022-01-13 15:00:00,12.807,sell
2022-01-17 11:30:00,12.882,buy
2022-01-19 10:30:00,12.919,sell
2022-01-19 11:30:00,12.807,buy
2022-01-19 14:00:00,12.742,sell
2022-01-24 14:00:00,12.042,buy
2022-01-25 11:30:00,11.66,sell
2022-01-26 11:30:00,11.585,buy
2022-01-27 11:30:00,11.464,sell
2022-01-27 15:00:00,11.343,buy
2022-01-28 10:30:00,11.445,sell
2022-01-28 11:30:00,11.576,buy
2022-02-10 11:30:00,11.958,sell
2022-02-15 11:30:00,11.856,buy
2022-02-17 15:00:00,11.846,sell
2022-02-21 10:30:00,12.005,buy
2022-02-22 14:00:00,11.949,sell
2022-02-23 10:30:00,12.108,buy
2022-02-24 14:00:00,12.005,sell
2022-02-25 15:00:00,12.136,buy
2022-02-28 10:30:00,11.996,sell
2022-03-02 10:30:00,12.08,buy
2022-03-02 14:00:00,12.033,sell
2022-03-03 10:30:00,12.117,buy
2022-03-04 10:30:00,12.07,sell
2022-03-04 11:30:00,11.996,buy
2022-03-04 14:00:00,11.968,sell
2022-03-10 10:30:00,11.371,buy
2022-03-11 14:00:00,11.221,sell
2022-03-11 15:00:00,11.277,buy
2022-03-14 11:30:00,11.1,sell
2022-03-16 15:00:00,10.587,buy
2022-03-21 15:00:00,10.755,sell
2022-03-23 11:30:00,10.867,buy
2022-03-23 15:00:00,10.848,sell
2022-03-25 15:00:00,10.82,buy
2022-03-30 10:30:00,10.82,sell
2022-03-31 14:00:00,10.942,buy
2022-04-01 15:00:00,10.923,sell
2022-04-06 10:30:00,10.951,buy
2022-04-08 10:30:00,11.128,sell
2022-04-08 15:00:00,11.165,buy
2022-04-11 10:30:00,11.212,sell
2022-04-12 15:00:00,11.473,buy
2022-04-13 14:00:00,11.417,sell
2022-04-13 15:00:00,11.324,buy
2022-04-14 10:30:00,11.38,sell
2022-04-18 15:00:00,11.128,buy
2022-04-19 15:00:00,11.203,sell
2022-04-20 10:30:00,11.081,buy
2022-04-21 11:30:00,10.83,sell
2022-04-22 15:00:00,10.942,buy
2022-04-25 11:30:00,10.727,sell
2022-04-26 14:00:00,10.242,buy
2022-04-27 10:30:00,9.44,sell
2022-04-27 15:00:00,9.841,buy
2022-05-09 14:00:00,13.208,sell
2022-05-12 11:30:00,13.367,buy
2022-05-13 14:00:00,13.357,sell
2022-05-16 10:30:00,13.535,buy
2022-05-16 15:00:00,13.507,sell
2022-05-17 14:00:00,13.656,buy
2022-05-19 11:30:00,13.768,sell
2022-05-23 15:00:00,14.001,buy
2022-05-24 10:30:00,13.749,sell
2022-05-25 14:00:00,13.535,buy
2022-05-30 11:30:00,13.385,sell
2022-06-01 10:30:00,13.712,buy
2022-06-02 11:30:00,13.647,sell
2022-06-06 11:30:00,14.066,buy
2022-06-07 15:00:00,14.094,sell
2022-06-09 14:00:00,13.684,buy
2022-06-09 15:00:00,13.665,sell
2022-06-10 11:30:00,15.037,buy
2022-06-13 14:00:00,14.635,sell
2022-06-16 10:30:00,13.954,buy
2022-06-16 11:30:00,14.057,sell
2022-06-17 11:30:00,14.272,buy
2022-06-21 11:30:00,14.897,sell
2022-06-23 14:00:00,14.925,buy
2022-06-27 11:30:00,14.701,sell
2022-06-30 14:00:00,14.3,buy
2022-07-01 15:00:00,14.104,sell
2022-07-04 10:30:00,14.337,buy
2022-07-05 15:00:00,14.878,sell
2022-07-07 14:00:00,15.325,buy
2022-07-08 15:00:00,14.944,sell
2022-07-11 11:30:00,15.011,buy
2022-07-11 14:00:00,15.021,sell
2022-07-12 11:30:00,15.135,buy
2022-07-12 14:00:00,15.078,sell
2022-07-13 11:30:00,15.486,buy
2022-07-15 11:30:00,15.41,sell
2022-07-20 15:00:00,15.258,buy
2022-07-22 10:30:00,15.011,sell
2022-07-26 14:00:00,14.792,buy
2022-07-29 10:30:00,15.715,sell
2022-07-29 11:30:00,15.543,buy
2022-08-01 10:30:00,15.097,sell
2022-08-04 11:30:00,14.526,buy
2022-08-05 14:00:00,14.222,sell
2022-08-08 10:30:00,14.412,buy
2022-08-09 14:00:00,14.27,sell
2022-08-11 11:30:00,15.135,buy
2022-08-17 11:30:00,16.827,sell
2022-08-18 14:00:00,17.321,buy
2022-08-18 15:00:00,17.283,sell
2022-08-23 15:00:00,17.264,buy
2022-08-24 11:30:00,16.447,sell
2022-08-26 11:30:00,16.256,buy
2022-08-31 11:30:00,16.19,sell
2022-09-02 14:00:00,15.886,buy
2022-09-05 15:00:00,15.648,sell
2022-09-06 11:30:00,17.036,buy
2022-09-08 15:00:00,17.682,sell
2022-09-14 14:00:00,16.589,buy
2022-09-15 11:30:00,15.952,sell
2022-09-19 14:00:00,14.954,buy
2022-09-23 11:30:00,14.555,sell
2022-09-27 11:30:00,14.83,buy
2022-09-28 15:00:00,14.45,sell
2022-09-30 15:00:00,14.146,buy
2022-10-10 10:30:00,14.041,sell
2022-10-11 14:00:00,14.089,buy
2022-10-12 14:00:00,14.174,sell
2022-10-12 15:00:00,14.498,buy
2022-10-17 11:30:00,15.22,sell
2022-10-20 11:30:00,16.599,buy
2022-10-24 15:00:00,16.855,sell
2022-10-26 11:30:00,17.083,buy
2022-10-28 10:30:00,16.846,sell
2022-11-01 11:30:00,17.426,buy
2022-11-03 10:30:00,19.013,sell
2022-11-03 11:30:00,19.013,buy
2022-11-04 15:00:00,19.669,sell
2022-11-09 11:30:00,19.232,buy
2022-11-10 11:30:00,19.108,sell
2022-11-15 11:30:00,18.567,buy
2022-11-16 14:00:00,18.291,sell
2022-11-17 11:30:00,18.291,buy
2022-11-22 11:30:00,18.766,sell
2022-11-23 15:00:00,19.308,buy
2022-11-24 15:00:00,18.785,sell
2022-11-28 15:00:00,18.49,buy
2022-11-30 11:30:00,18.167,sell
2022-12-02 11:30:00,18.12,buy
2022-12-05 11:30:00,17.673,sell
2022-12-07 14:00:00,17.54,buy
2022-12-09 10:30:00,17.502,sell
2022-12-09 14:00:00,17.302,buy
2022-12-09 15:00:00,17.321,sell
2022-12-12 14:00:00,17.245,buy
2022-12-13 14:00:00,17.112,sell
2022-12-14 14:00:00,16.998,buy
2022-12-14 15:00:00,16.988,sell
2022-12-15 11:30:00,17.045,buy
2022-12-16 14:00:00,16.637,sell
2022-12-20 11:30:00,16.542,buy
2022-12-21 14:00:00,16.199,sell
2022-12-22 11:30:00,16.161,buy
2022-12-22 14:00:00,16.076,sell
2022-12-26 10:30:00,16.313,buy
2022-12-29 10:30:00,16.836,sell
2023-01-03 11:30:00,17.302,buy
2023-01-05 11:30:00,17.302,sell
2023-01-05 15:00:00,17.502,buy
2023-01-06 11:30:00,17.445,sell
2023-01-09 11:30:00,17.426,buy
2023-01-09 14:00:00,17.435,sell
2023-01-11 11:30:00,17.511,buy
2023-01-12 15:00:00,17.397,sell
2023-01-13 11:30:00,17.331,buy
2023-01-13 14:00:00,17.369,sell
2023-01-18 11:30:00,17.416,buy
2023-01-31 11:30:00,17.777,sell
2023-02-02 10:30:00,17.892,buy
2023-02-02 11:30:00,17.892,sell
2023-02-07 11:30:00,19.089,buy
2023-02-09 11:30:00,18.662,sell
2023-02-13 10:30:00,20.829,buy
2023-02-14 15:00:00,20.915,sell
2023-02-15 11:30:00,22.464,buy
2023-02-16 10:30:00,21.105,sell
2023-02-20 11:30:00,21.618,buy
2023-02-22 14:00:00,21.998,sell
2023-02-24 11:30:00,22.16,buy
2023-02-24 15:00:00,21.875,sell
2023-02-27 11:30:00,22.626,buy
2023-02-28 15:00:00,22.559,sell
2023-03-01 10:30:00,22.284,buy
2023-03-01 11:30:00,22.331,sell
2023-03-06 14:00:00,21.466,buy
2023-03-07 14:00:00,20.886,sell
2023-03-08 11:30:00,21.019,buy
2023-03-10 11:30:00,20.658,sell
2023-03-13 15:00:00,20.829,buy
2023-03-14 11:30:00,20.297,sell
2023-03-15 11:30:00,20.515,buy
2023-03-16 10:30:00,20.088,sell
2023-03-17 11:30:00,20.515,buy
2023-03-22 15:00:00,20.62,sell
2023-03-27 11:30:00,20.031,buy
2023-03-29 14:00:00,20.107,sell
2023-03-31 10:30:00,20.772,buy
2023-04-04 14:00:00,21.694,sell
2023-04-07 11:30:00,21.846,buy
2023-04-10 14:00:00,21.894,sell
2023-04-17 10:30:00,21.97,buy
2023-04-20 11:30:00,21.856,sell
2023-04-25 15:00:00,20.173,buy
2023-04-26 10:30:00,20.297,sell
2023-04-26 11:30:00,20.297,buy
2023-04-28 10:30:00,20.316,sell
2023-04-28 11:30:00,20.515,buy
2023-05-05 14:00:00,22.578,sell
2023-05-08 14:00:00,23.624,buy
2023-05-09 11:30:00,22.921,sell
2023-05-12 10:30:00,22.73,buy
2023-05-15 10:30:00,22.94,sell
2023-05-16 10:30:00,22.721,buy
2023-05-16 11:30:00,22.664,sell
2023-05-17 14:00:00,22.787,buy
2023-05-18 14:00:00,22.379,sell
2023-05-19 14:00:00,22.607,buy
2023-05-23 11:30:00,22.645,sell
2023-05-26 10:30:00,21.428,buy
2023-05-26 11:30:00,21.485,sell
2023-05-29 10:30:00,22.236,buy
2023-05-30 15:00:00,22.255,sell
2023-06-02 11:30:00,22.265,buy
2023-06-06 11:30:00,21.732,sell
2023-06-08 15:00:00,21.247,buy
2023-06-14 15:00:00,24.109,sell
2023-06-15 10:30:00,24.28,buy
2023-06-15 11:30:00,24.385,sell
2023-06-16 10:30:00,24.404,buy
2023-06-16 11:30:00,24.565,sell
2023-06-16 15:00:00,24.66,buy
2023-06-19 11:30:00,24.347,sell
2023-06-21 10:30:00,24.303,buy
2023-06-21 11:30:00,24.284,sell
2023-06-21 15:00:00,24.176,buy
2023-06-26 10:30:00,24.127,sell
2023-06-28 14:00:00,24.078,buy
2023-07-03 11:30:00,24.87,sell
2023-07-05 11:30:00,25.046,buy
2023-07-06 14:00:00,24.635,sell
2023-07-10 10:30:00,25.466,buy
2023-07-11 14:00:00,25.349,sell
2023-07-11 15:00:00,25.554,buy
2023-07-12 15:00:00,25.447,sell
2023-07-17 11:30:00,25.955,buy
2023-07-18 15:00:00,26.023,sell
2023-07-19 11:30:00,26.961,buy
2023-07-20 11:30:00,26.297,sell
2023-07-25 10:30:00,24.127,buy
2023-07-25 11:30:00,23.795,sell
2023-07-26 10:30:00,24.372,buy
2023-07-26 14:00:00,24.411,sell
2023-07-26 15:00:00,24.665,buy
2023-07-28 11:30:00,23.668,sell
2023-07-31 14:00:00,24.792,buy
2023-08-03 10:30:00,24.841,sell
2023-08-07 11:30:00,24.743,buy
2023-08-09 11:30:00,23.961,sell
2023-08-11 14:00:00,24.264,buy
2023-08-14 14:00:00,23.922,sell
2023-08-14 15:00:00,24.196,buy
2023-08-15 14:00:00,23.766,sell
2023-08-17 14:00:00,23.609,buy
2023-08-21 15:00:00,23.629,sell
2023-08-22 14:00:00,24.264,buy
2023-08-22 15:00:00,25.271,sell
2023-08-23 10:30:00,25.407,buy
2023-08-24 11:30:00,24.87,sell
2023-08-29 11:30:00,24.401,buy
2023-08-31 15:00:00,25.065,sell
2023-09-05 14:00:00,25.046,buy
2023-09-06 15:00:00,24.997,sell
2023-09-08 11:30:00,24.694,buy
2023-09-12 11:30:00,25.017,sell
2023-09-12 15:00:00,25.163,buy
2023-09-13 11:30:00,24.704,sell
2023-09-18 11:30:00,24.548,buy
2023-09-19 14:00:00,23.844,sell
2023-09-21 15:00:00,23.58,buy
2023-09-26 15:00:00,25.085,sell
2023-09-27 11:30:00,25.212,buy
2023-10-09 11:30:00,25.173,sell
2023-10-13 10:30:00,23.991,buy
2023-10-13 15:00:00,23.727,sell
2023-10-17 10:30:00,22.798,buy
2023-10-18 11:30:00,22.642,sell
2023-10-20 10:30:00,22.212,buy
2023-10-20 11:30:00,22.153,sell
2023-10-20 15:00:00,21.89,buy
2023-10-23 10:30:00,21.85,sell
2023-10-23 14:00:00,21.831,buy
2023-10-30 11:30:00,21.137,sell
2023-10-31 14:00:00,21.86,buy
2023-11-02 14:00:00,22.017,sell
2023-11-06 10:30:00,22.271,buy
2023-11-08 14:00:00,23.091,sell
2023-11-08 15:00:00,23.072,buy
2023-11-10 11:30:00,23.326,sell
2023-11-13 11:30:00,23.346,buy
2023-11-13 14:00:00,23.365,sell
2023-11-15 11:30:00,23.541,buy
2023-11-17 10:30:00,23.443,sell
2023-11-20 10:30:00,23.766,buy
2023-11-21 14:00:00,23.746,sell
2023-11-23 15:00:00,23.59,buy
2023-11-24 11:30:00,23.326,sell
2023-11-27 11:30:00,24.577,buy
2023-11-30 14:00:00,25.574,sell
2023-12-06 15:00:00,25.28,buy
2023-12-12 14:00:00,26.131,sell
2023-12-13 11:30:00,26.942,buy
2023-12-14 10:30:00,27.655,sell
2023-12-19 10:30:00,27.274,buy
2023-12-20 14:00:00,26.912,sell
2023-12-21 15:00:00,27.753,buy
2023-12-25 11:30:00,27.147,sell
2023-12-25 15:00:00,27.763,buy
2023-12-26 14:00:00,27.069,sell
2023-12-27 14:00:00,27.577,buy
2023-12-28 15:00:00,27.225,sell
2023-12-29 11:30:00,28.007,buy
2024-01-03 10:30:00,28.994,sell
2024-01-03 11:30:00,29.131,buy
2024-01-04 15:00:00,29.023,sell
2024-01-05 11:30:00,29.453,buy
2024-01-05 14:00:00,29.482,sell
2024-01-11 10:30:00,29.551,buy
2024-01-15 14:00:00,31.32,sell
2024-01-17 11:30:00,33.157,buy
2024-01-18 11:30:00,32.053,sell
2024-01-23 11:30:00,30.45,buy
2024-01-24 14:00:00,29.922,sell
2024-01-25 11:30:00,30.831,buy
2024-01-29 11:30:00,29.697,sell
2024-01-31 15:00:00,28.144,buy
2024-02-01 10:30:00,28.437,sell
2024-02-01 11:30:00,28.261,buy
2024-02-05 11:30:00,26.502,sell
2024-02-05 15:00:00,27.284,buy
2024-02-08 15:00:00,31.281,sell
2024-02-21 11:30:00,31.779,buy
2024-02-22 11:30:00,31.202,sell
2024-02-26 10:30:00,32.101,buy
2024-02-26 14:00:00,32.228,sell
2024-02-26 15:00:00,32.443,buy
2024-02-27 11:30:00,32.111,sell
2024-02-29 11:30:00,32.18,buy
2024-03-05 11:30:00,36.528,sell
2024-03-11 11:30:00,37.691,buy
2024-03-11 15:00:00,37.544,sell
2024-03-12 10:30:00,36.098,buy
2024-03-12 11:30:00,36.059,sell
2024-03-13 14:00:00,36.812,buy
2024-03-15 14:00:00,37.144,sell
2024-03-18 10:30:00,37.349,buy
2024-03-18 11:30:00,37.212,sell
2024-03-22 11:30:00,35.053,buy
2024-03-26 14:00:00,35.932,sell
2024-03-28 14:00:00,35.189,buy
2024-03-28 15:00:00,35.258,sell
2024-03-29 11:30:00,35.893,buy
2024-04-08 10:30:00,36.939,sell
2024-04-08 11:30:00,37.408,buy
2024-04-09 10:30:00,36.694,sell
2024-04-11 11:30:00,38.649,buy
2024-04-18 10:30:00,48.499,sell
2024-04-25 15:00:00,44.58,buy
2024-04-26 14:00:00,44.307,sell
2024-04-29 10:30:00,43.613,buy
2024-04-29 11:30:00,42.958,sell
2024-04-30 11:30:00,44.453,buy
2024-05-07 14:00:00,44.776,sell
2024-05-09 10:30:00,45.743,buy
2024-05-13 10:30:00,49.642,sell
2024-05-13 14:00:00,51.479,buy
2024-05-15 11:30:00,51.929,sell
2024-05-20 11:30:00,49.496,buy
2024-05-21 14:00:00,48.616,sell
2024-05-24 11:30:00,48.763,buy
2024-05-28 11:30:00,49.124,sell
2024-05-28 14:00:00,49.017,buy
2024-05-29 14:00:00,49.124,sell
2024-05-30 10:30:00,49.652,buy
2024-05-30 15:00:00,48.851,sell
2024-06-03 15:00:00,47.141,buy
2024-06-05 15:00:00,47.209,sell
2024-06-06 14:00:00,47.971,buy
2024-06-06 15:00:00,47.678,sell
2024-06-12 10:30:00,46.701,buy
2024-06-13 15:00:00,46.74,sell
2024-06-14 11:30:00,47.98,buy
2024-06-19 11:30:00,49.52,sell
2024-06-24 14:00:00,48.62,buy
2024-06-25 10:30:00,47.6,sell
2024-06-26 15:00:00,47.78,buy
2024-06-27 11:30:00,45.76,sell
2024-06-28 11:30:00,46.5,buy
2024-07-01 11:30:00,45.65,sell
2024-07-01 14:00:00,46.1,buy
2024-07-02 11:30:00,44.95,sell
2024-07-04 11:30:00,44.94,buy
2024-07-05 11:30:00,43.96,sell
2024-07-05 15:00:00,44.88,buy
2024-07-08 15:00:00,44.1,sell
2024-07-09 15:00:00,44.24,buy
2024-07-10 11:30:00,43.62,sell
2024-07-11 15:00:00,43.12,buy
2024-07-12 14:00:00,43.03,sell
2024-07-12 15:00:00,42.77,buy
2024-07-16 10:30:00,42.17,sell
2024-07-17 14:00:00,42.74,buy
2024-07-19 15:00:00,42.8,sell
2024-07-25 14:00:00,41.24,buy
2024-07-30 11:30:00,40.58,sell
2024-07-31 11:30:00,42.49,buy
2024-08-01 15:00:00,41.71,sell
2024-08-06 14:00:00,39.68,buy
2024-08-06 15:00:00,40.1,sell
2024-08-07 10:30:00,41.45,buy
2024-08-08 11:30:00,40.52,sell
2024-08-08 15:00:00,40.77,buy
2024-08-09 14:00:00,40.98,sell
2024-08-12 11:30:00,41.95,buy
2024-08-14 14:00:00,41.69,sell
2024-08-19 15:00:00,41.96,buy
2024-08-21 15:00:00,42.31,sell
2024-08-22 14:00:00,43.33,buy
2024-08-26 11:30:00,44.39,sell
2024-08-27 14:00:00,44.3,buy
2024-08-30 15:00:00,46.23,sell
2024-09-02 15:00:00,47.15,buy
2024-09-03 11:30:00,47.37,sell
2024-09-03 14:00:00,47.21,buy
2024-09-03 15:00:00,47.07,sell
2024-09-11 11:30:00,45.51,buy
2024-09-13 10:30:00,44.17,sell
2024-09-18 14:00:00,45.6,buy
2024-09-19 15:00:00,44.48,sell
2024-09-23 10:30:00,45.22,buy
2024-09-24 11:30:00,45.05,sell
2024-09-25 10:30:00,47.14,buy
2024-09-26 10:30:00,43.5,sell
2024-09-30 10:30:00,45.96,buy
2024-10-08 15:00:00,48.16,sell
2024-10-10 14:00:00,48.42,buy
2024-10-11 11:30:00,46.28,sell
2024-10-16 14:00:00,43.1,buy
2024-10-21 11:30:00,43.19,sell
2024-10-24 14:00:00,40.71,buy
2024-10-25 11:30:00,39.76,sell
2024-10-25 15:00:00,40.12,buy
2024-10-29 10:30:00,39.64,sell
2024-10-31 10:30:00,38.26,buy
2024-10-31 14:00:00,38.52,sell
2024-10-31 15:00:00,38.65,buy
2024-11-06 11:30:00,39.27,sell
2024-11-11 14:00:00,38.78,buy
2024-11-11 15:00:00,38.91,sell
2024-11-12 10:30:00,39.02,buy
2024-11-13 11:30:00,38.75,sell
2024-11-13 15:00:00,39.46,buy
2024-11-15 10:30:00,38.66,sell
2024-11-18 11:30:00,39.79,buy
2024-11-19 15:00:00,39.08,sell
2024-11-20 10:30:00,38.24,buy
2024-11-20 11:30:00,38.42,sell
2024-11-25 11:30:00,36.63,buy
2024-11-25 14:00:00,36.43,sell
2024-11-26 15:00:00,36.8,buy
2024-11-29 10:30:00,36.6,sell
2024-11-29 11:30:00,36.99,buy
2024-12-03 11:30:00,37.85,sell
2024-12-04 15:00:00,38.25,buy
2024-12-06 11:30:00,38.63,sell
2024-12-10 11:30:00,37.52,buy
2024-12-11 14:00:00,37.23,sell
2024-12-13 10:30:00,36.54,buy
2024-12-13 11:30:00,36.12,sell
2024-12-17 10:30:00,36.3,buy
2024-12-20 10:30:00,37.02,sell
2024-12-24 14:00:00,37.08,buy
2024-12-26 15:00:00,37.08,sell
2024-12-30 11:30:00,37.88,buy
2024-12-31 10:30:00,37.54,sell
2025-01-06 11:30:00,35.26,buy
2025-01-08 14:00:00,36.03,sell
2025-01-08 15:00:00,35.93,buy
2025-01-09 14:00:00,35.09,sell
