time,open,high,low,close,volume
2019-01-02 10:30:00,2.7887697600,2.7965814400,2.7575230400,2.7653347200,4456300
2019-01-02 11:30:00,2.7575230400,2.7653347200,2.7418996800,2.7497113600,3233860
2019-01-02 14:00:00,2.7497113600,2.7497113600,2.7106529600,2.7184646400,4605790
2019-01-02 15:00:00,2.7184646400,2.7340880000,2.7106529600,2.7106529600,3448345
2019-01-03 10:30:00,2.7028412800,2.7575230400,2.6950296000,2.7418996800,4596050
2019-01-03 11:30:00,2.7497113600,2.7575230400,2.7340880000,2.7575230400,4149190
2019-01-03 14:00:00,2.7575230400,2.7731464000,2.7340880000,2.7575230400,4976182
2019-01-03 15:00:00,2.7575230400,2.7731464000,2.7418996800,2.7497113600,3854719
2019-01-04 10:30:00,2.7340880000,2.7653347200,2.7184646400,2.7418996800,4431720
2019-01-04 11:30:00,2.7497113600,2.7887697600,2.7418996800,2.7887697600,3162480
2019-01-04 14:00:00,2.7809580800,2.7965814400,2.7653347200,2.7809580800,3129206
2019-01-04 15:00:00,2.7809580800,2.7887697600,2.7653347200,2.7809580800,2256656
2019-01-07 10:30:00,2.7965814400,2.8122048000,2.7887697600,2.8043931200,6757528
2019-01-07 11:30:00,2.8043931200,2.8200164800,2.7965814400,2.8122048000,4590302
2019-01-07 14:00:00,2.8122048000,2.8122048000,2.7887697600,2.8043931200,3161855
2019-01-07 15:00:00,2.8122048000,2.8278281600,2.8043931200,2.8200164800,4323693
2019-01-08 10:30:00,2.8278281600,2.8356398400,2.8122048000,2.8356398400,5404182
2019-01-08 11:30:00,2.8356398400,2.8512632000,2.8278281600,2.8356398400,5608623
2019-01-08 14:00:00,2.8356398400,2.8590748800,2.8278281600,2.8278281600,3921800
2019-01-08 15:00:00,2.8278281600,2.8434515200,2.8278281600,2.8356398400,2401600
2019-01-09 10:30:00,2.8434515200,2.8746982400,2.8356398400,2.8668865600,5442789
2019-01-09 11:30:00,2.8668865600,2.8746982400,2.8590748800,2.8668865600,3483300
2019-01-09 14:00:00,2.8668865600,2.8746982400,2.8512632000,2.8590748800,2549130
2019-01-09 15:00:00,2.8590748800,2.8668865600,2.8278281600,2.8434515200,3451273
2019-01-10 10:30:00,2.8590748800,2.8590748800,2.8278281600,2.8278281600,3939622
2019-01-10 11:30:00,2.8278281600,2.8434515200,2.8200164800,2.8434515200,2523360
2019-01-10 14:00:00,2.8434515200,2.8434515200,2.8278281600,2.8434515200,2006400
2019-01-10 15:00:00,2.8356398400,2.8434515200,2.8200164800,2.8278281600,2672300
2019-01-11 10:30:00,2.8278281600,2.8434515200,2.8122048000,2.8278281600,3811011
2019-01-11 11:30:00,2.8122048000,2.8278281600,2.7965814400,2.8043931200,3115760
2019-01-11 14:00:00,2.8043931200,2.8278281600,2.8043931200,2.8200164800,2613600
2019-01-11 15:00:00,2.8200164800,2.8356398400,2.8122048000,2.8356398400,1884958
2019-01-14 10:30:00,2.8434515200,2.8746982400,2.8278281600,2.8668865600,6398095
2019-01-14 11:30:00,2.8668865600,2.8668865600,2.8356398400,2.8434515200,3291776
2019-01-14 14:00:00,2.8434515200,2.8668865600,2.8434515200,2.8512632000,4227861
2019-01-14 15:00:00,2.8590748800,2.8590748800,2.8434515200,2.8512632000,4353890
2019-01-15 10:30:00,2.8512632000,2.8746982400,2.8356398400,2.8668865600,4863265
2019-01-15 11:30:00,2.8590748800,2.8746982400,2.8512632000,2.8668865600,3659133
2019-01-15 14:00:00,2.8668865600,2.8746982400,2.8512632000,2.8668865600,3150912
2019-01-15 15:00:00,2.8590748800,2.8668865600,2.8512632000,2.8590748800,4593372
2019-01-16 10:30:00,2.8668865600,2.8903216000,2.8590748800,2.8746982400,5827378
2019-01-16 11:30:00,2.8746982400,2.8825099200,2.8668865600,2.8825099200,2821160
2019-01-16 14:00:00,2.8825099200,2.8825099200,2.8590748800,2.8590748800,3410700
2019-01-16 15:00:00,2.8746982400,2.8746982400,2.8512632000,2.8590748800,3617450
2019-01-17 10:30:00,2.8668865600,2.8746982400,2.8434515200,2.8512632000,3661670
2019-01-17 11:30:00,2.8512632000,2.8746982400,2.8434515200,2.8746982400,2877923
2019-01-17 14:00:00,2.8746982400,2.8746982400,2.8590748800,2.8746982400,2229104
2019-01-17 15:00:00,2.8746982400,2.8825099200,2.8668865600,2.8668865600,6482476
2019-01-18 10:30:00,2.8668865600,2.8981332800,2.8590748800,2.8981332800,7516908
2019-01-18 11:30:00,2.8981332800,2.8981332800,2.8746982400,2.8825099200,4569521
2019-01-18 14:00:00,2.8825099200,2.8903216000,2.8746982400,2.8825099200,3122505
2019-01-18 15:00:00,2.8825099200,2.8903216000,2.8825099200,2.8903216000,4921307
2019-01-21 10:30:00,2.9059449600,2.9137566400,2.8903216000,2.8981332800,4147439
2019-01-21 11:30:00,2.8981332800,2.9137566400,2.8981332800,2.9059449600,3227064
2019-01-21 14:00:00,2.9059449600,2.9059449600,2.8825099200,2.8825099200,3619966
2019-01-21 15:00:00,2.8825099200,2.8981332800,2.8746982400,2.8825099200,3985352
2019-01-22 10:30:00,2.8903216000,2.9059449600,2.8825099200,2.8981332800,4710388
2019-01-22 11:30:00,2.8981332800,2.9059449600,2.8825099200,2.8825099200,3658329
2019-01-22 14:00:00,2.8825099200,2.8981332800,2.8825099200,2.8903216000,3846670
2019-01-22 15:00:00,2.8903216000,2.8981332800,2.8825099200,2.8903216000,4629500
2019-01-23 10:30:00,2.8903216000,2.8981332800,2.8825099200,2.8825099200,3992829
2019-01-23 11:30:00,2.8903216000,2.8981332800,2.8825099200,2.8825099200,2971000
2019-01-23 14:00:00,2.8825099200,2.8825099200,2.8668865600,2.8668865600,2228171
2019-01-23 15:00:00,2.8668865600,2.8746982400,2.8590748800,2.8746982400,3636853
2019-01-24 10:30:00,2.8825099200,2.8903216000,2.8590748800,2.8825099200,3675978
2019-01-24 11:30:00,2.8825099200,2.9059449600,2.8746982400,2.8981332800,4340091
2019-01-24 14:00:00,2.8981332800,2.9059449600,2.8903216000,2.9059449600,3562655
2019-01-24 15:00:00,2.9059449600,2.9137566400,2.8981332800,2.9059449600,4420092
2019-01-25 10:30:00,2.9059449600,2.9215683200,2.8981332800,2.9137566400,5235983
2019-01-25 11:30:00,2.9137566400,2.9215683200,2.9059449600,2.9137566400,3185391
2019-01-25 14:00:00,2.9137566400,2.9293800000,2.9137566400,2.9215683200,3355264
2019-01-25 15:00:00,2.9293800000,2.9293800000,2.9137566400,2.9215683200,5271129
2019-01-28 10:30:00,2.9293800000,2.9528150400,2.9215683200,2.9215683200,6668284
2019-01-28 11:30:00,2.9215683200,2.9371916800,2.9215683200,2.9215683200,2445522
2019-01-28 14:00:00,2.9215683200,2.9293800000,2.8981332800,2.8981332800,2262853
2019-01-28 15:00:00,2.8981332800,2.9059449600,2.8746982400,2.8825099200,4451817
2019-01-29 10:30:00,2.9059449600,2.9215683200,2.8668865600,2.8746982400,7768410
2019-01-29 11:30:00,2.8825099200,2.9215683200,2.8746982400,2.9137566400,4397931
2019-01-29 14:00:00,2.9137566400,2.9215683200,2.9059449600,2.9059449600,2763963
2019-01-29 15:00:00,2.9059449600,2.9215683200,2.9059449600,2.9137566400,3032050
2019-01-30 10:30:00,2.8981332800,2.9215683200,2.8825099200,2.8981332800,4284313
2019-01-30 11:30:00,2.8981332800,2.9137566400,2.8903216000,2.9137566400,1778970
2019-01-30 14:00:00,2.9137566400,2.9137566400,2.8903216000,2.8981332800,3129131
2019-01-30 15:00:00,2.8981332800,2.8981332800,2.8668865600,2.8903216000,7206260
2019-01-31 10:30:00,2.8903216000,2.9137566400,2.8903216000,2.9137566400,5057911
2019-01-31 11:30:00,2.9137566400,2.9293800000,2.9059449600,2.9059449600,5027800
2019-01-31 14:00:00,2.9059449600,2.9137566400,2.8903216000,2.8981332800,3828170
2019-01-31 15:00:00,2.9059449600,2.9137566400,2.8825099200,2.9059449600,5530604
2019-02-01 10:30:00,2.9137566400,2.9137566400,2.8668865600,2.8981332800,5756045
2019-02-01 11:30:00,2.8981332800,2.9137566400,2.8825099200,2.9059449600,3205358
2019-02-01 14:00:00,2.9059449600,2.9059449600,2.8903216000,2.9059449600,3691840
2019-02-01 15:00:00,2.9059449600,2.9293800000,2.8981332800,2.9293800000,7609331
2019-02-11 10:30:00,2.9293800000,2.9996851200,2.9293800000,2.9840617600,11841870
2019-02-11 11:30:00,2.9840617600,3.0074968000,2.9840617600,3.0074968000,5900440
2019-02-11 14:00:00,2.9996851200,3.0153084800,2.9918734400,3.0074968000,5390768
2019-02-11 15:00:00,3.0074968000,3.0153084800,2.9996851200,3.0074968000,5647000
2019-02-12 10:30:00,3.0153084800,3.0387435200,2.9996851200,3.0387435200,7834537
2019-02-12 11:30:00,3.0387435200,3.0543668800,3.0309318400,3.0465552000,6551860
2019-02-12 14:00:00,3.0465552000,3.0465552000,3.0153084800,3.0231201600,4945441
2019-02-12 15:00:00,3.0231201600,3.0309318400,3.0074968000,3.0231201600,5737320
2019-02-13 10:30:00,3.0387435200,3.0621785600,3.0309318400,3.0465552000,9897648
2019-02-13 11:30:00,3.0543668800,3.0699902400,3.0465552000,3.0699902400,6449480
2019-02-13 14:00:00,3.0699902400,3.0778019200,3.0543668800,3.0778019200,7178510
2019-02-13 15:00:00,3.0778019200,3.0856136000,3.0699902400,3.0699902400,6394561
2019-02-14 10:30:00,3.0699902400,3.1168603200,3.0621785600,3.0934252800,12649540
2019-02-14 11:30:00,3.0934252800,3.1090486400,3.0778019200,3.0856136000,4457820
2019-02-14 14:00:00,3.0856136000,3.1012369600,3.0778019200,3.1012369600,4079904
2019-02-14 15:00:00,3.1012369600,3.1090486400,3.0934252800,3.1012369600,7732754
2019-02-15 10:30:00,3.1012369600,3.1168603200,3.0934252800,3.1012369600,7315860
2019-02-15 11:30:00,3.0934252800,3.1012369600,3.0856136000,3.1012369600,3907161
2019-02-15 14:00:00,3.1012369600,3.1090486400,3.0856136000,3.1090486400,5283651
2019-02-15 15:00:00,3.0934252800,3.1090486400,3.0856136000,3.0856136000,6968258
2019-02-18 10:30:00,3.0856136000,3.1637304000,3.0778019200,3.1637304000,12390418
2019-02-18 11:30:00,3.1637304000,3.1793537600,3.1559187200,3.1793537600,10319831
2019-02-18 14:00:00,3.1793537600,3.1871654400,3.1715420800,3.1715420800,7760325
2019-02-18 15:00:00,3.1715420800,3.1871654400,3.1715420800,3.1793537600,6810226
2019-02-19 10:30:00,3.1793537600,3.1949771200,3.1637304000,3.1715420800,8637851
2019-02-19 11:30:00,3.1715420800,3.1793537600,3.1481070400,3.1481070400,5675937
2019-02-19 14:00:00,3.1481070400,3.1559187200,3.1324836800,3.1481070400,4868728
2019-02-19 15:00:00,3.1402953600,3.1715420800,3.1402953600,3.1559187200,4810877
2019-02-20 10:30:00,3.1637304000,3.1793537600,3.1324836800,3.1481070400,7830590
2019-02-20 11:30:00,3.1481070400,3.1637304000,3.1481070400,3.1481070400,4266544
2019-02-20 14:00:00,3.1481070400,3.1481070400,3.1246720000,3.1481070400,4079440
2019-02-20 15:00:00,3.1481070400,3.1559187200,3.1402953600,3.1559187200,4674820
2019-02-21 10:30:00,3.1559187200,3.1637304000,3.1090486400,3.1402953600,6177367
2019-02-21 11:30:00,3.1402953600,3.1637304000,3.1402953600,3.1559187200,3454165
2019-02-21 14:00:00,3.1559187200,3.1715420800,3.1481070400,3.1637304000,7047144
2019-02-21 15:00:00,3.1637304000,3.1637304000,3.1246720000,3.1559187200,9033216
2019-02-22 10:30:00,3.1402953600,3.1481070400,3.1246720000,3.1324836800,6725554
2019-02-22 11:30:00,3.1402953600,3.1715420800,3.1324836800,3.1715420800,5884005
2019-02-22 14:00:00,3.1715420800,3.2027888000,3.1559187200,3.1949771200,11538923
2019-02-22 15:00:00,3.1949771200,3.2106004800,3.1871654400,3.2027888000,8669856
2019-02-25 10:30:00,3.2027888000,3.2574705600,3.2027888000,3.2574705600,20159685
2019-02-25 11:30:00,3.2574705600,3.2652822400,3.2340355200,3.2652822400,10120670
2019-02-25 14:00:00,3.2652822400,3.3043406400,3.2574705600,3.2809056000,17518756
2019-02-25 15:00:00,3.2887172800,3.3199640000,3.2809056000,3.3199640000,18207645
2019-02-26 10:30:00,3.3121523200,3.3590224000,3.2652822400,3.3199640000,28288915
2019-02-26 11:30:00,3.3121523200,3.3355873600,3.2887172800,3.3277756800,9602521
2019-02-26 14:00:00,3.3277756800,3.3590224000,3.3199640000,3.3433990400,12883746
2019-02-26 15:00:00,3.3355873600,3.3512107200,3.2887172800,3.2965289600,13128015
2019-02-27 10:30:00,3.3121523200,3.3433990400,3.2965289600,3.3121523200,13351802
2019-02-27 11:30:00,3.3121523200,3.3277756800,3.3043406400,3.3121523200,6609416
2019-02-27 14:00:00,3.3121523200,3.3277756800,3.2809056000,3.2965289600,9094554
2019-02-27 15:00:00,3.2965289600,3.2965289600,3.2496588800,3.2730939200,10414517
2019-02-28 10:30:00,3.2887172800,3.2965289600,3.2652822400,3.2887172800,11271112
2019-02-28 11:30:00,3.2965289600,3.2965289600,3.2496588800,3.2809056000,7862696
2019-02-28 14:00:00,3.2809056000,3.2887172800,3.2574705600,3.2730939200,6549249
2019-02-28 15:00:00,3.2730939200,3.2809056000,3.2574705600,3.2809056000,8529023
2019-03-01 10:30:00,3.2965289600,3.3043406400,3.2652822400,3.2887172800,12393562
2019-03-01 11:30:00,3.2809056000,3.3043406400,3.2730939200,3.2809056000,6041700
2019-03-01 14:00:00,3.2809056000,3.2809056000,3.2652822400,3.2809056000,4560400
2019-03-01 15:00:00,3.2730939200,3.3121523200,3.2730939200,3.3043406400,12788280
2019-03-04 10:30:00,3.3121523200,3.4215158400,3.3043406400,3.4058924800,33587851
2019-03-04 11:30:00,3.4058924800,3.4137041600,3.3668340800,3.4137041600,11382879
2019-03-04 14:00:00,3.4137041600,3.4449508800,3.3980808000,3.4371392000,20932858
2019-03-04 15:00:00,3.4293275200,3.4371392000,3.3668340800,3.3668340800,15056626
2019-03-05 10:30:00,3.3590224000,3.3980808000,3.3512107200,3.3746457600,15255553
2019-03-05 11:30:00,3.3824574400,3.3980808000,3.3746457600,3.3902691200,9139886
2019-03-05 14:00:00,3.3902691200,3.4137041600,3.3746457600,3.3980808000,10740020
2019-03-05 15:00:00,3.3902691200,3.4293275200,3.3902691200,3.4215158400,13139679
2019-03-06 10:30:00,3.4527625600,3.4527625600,3.4058924800,3.4215158400,17388250
2019-03-06 11:30:00,3.4215158400,3.4371392000,3.4137041600,3.4371392000,8980419
2019-03-06 14:00:00,3.4371392000,3.4449508800,3.4215158400,3.4371392000,13393005
2019-03-06 15:00:00,3.4293275200,3.4449508800,3.4058924800,3.4449508800,13909298
2019-03-07 10:30:00,3.4527625600,3.4605742400,3.4137041600,3.4527625600,18452474
2019-03-07 11:30:00,3.4449508800,3.4527625600,3.4137041600,3.4371392000,12755051
2019-03-07 14:00:00,3.4371392000,3.4371392000,3.4058924800,3.4215158400,10645802
2019-03-07 15:00:00,3.4137041600,3.4449508800,3.4137041600,3.4293275200,15145879
2019-03-08 10:30:00,3.3980808000,3.3980808000,3.3277756800,3.3433990400,22497726
2019-03-08 11:30:00,3.3433990400,3.3980808000,3.3121523200,3.3121523200,21766516
2019-03-08 14:00:00,3.3121523200,3.3199640000,3.2809056000,3.2809056000,15637401
2019-03-08 15:00:00,3.2887172800,3.3121523200,3.2262238400,3.2574705600,19236930
2019-03-11 10:30:00,3.2496588800,3.3043406400,3.2496588800,3.2809056000,19429969
2019-03-11 11:30:00,3.2809056000,3.3277756800,3.2730939200,3.3199640000,10141133
2019-03-11 14:00:00,3.3199640000,3.3355873600,3.3121523200,3.3199640000,7883396
2019-03-11 15:00:00,3.3199640000,3.3590224000,3.3121523200,3.3512107200,12927789
2019-03-12 10:30:00,3.3746457600,3.4137041600,3.3746457600,3.4058924800,14986959
2019-03-12 11:30:00,3.4058924800,3.4371392000,3.3980808000,3.4371392000,14710841
2019-03-12 14:00:00,3.4371392000,3.4527625600,3.3980808000,3.4058924800,15431940
2019-03-12 15:00:00,3.4137041600,3.4137041600,3.3746457600,3.4058924800,11080168
2019-03-13 10:30:00,3.4137041600,3.4215158400,3.3668340800,3.3824574400,11271415
2019-03-13 11:30:00,3.3824574400,3.4137041600,3.3746457600,3.4058924800,7222943
2019-03-13 14:00:00,3.4058924800,3.4058924800,3.3746457600,3.3902691200,8455332
2019-03-13 15:00:00,3.3902691200,3.4058924800,3.3355873600,3.3512107200,9947082
2019-03-14 10:30:00,3.3590224000,3.3980808000,3.3355873600,3.3590224000,13778660
2019-03-14 11:30:00,3.3590224000,3.3668340800,3.3199640000,3.3512107200,9750494
2019-03-14 14:00:00,3.3512107200,3.3590224000,3.3277756800,3.3355873600,7732914
2019-03-14 15:00:00,3.3355873600,3.3433990400,3.3043406400,3.3199640000,7773872
2019-03-15 10:30:00,3.3277756800,3.4527625600,3.3277756800,3.4293275200,24590435
2019-03-15 11:30:00,3.4371392000,3.4918209600,3.4293275200,3.4683859200,29273446
2019-03-15 14:00:00,3.4683859200,3.4840092800,3.4293275200,3.4527625600,17861483
2019-03-15 15:00:00,3.4527625600,3.5152560000,3.4449508800,3.4996326400,37138714
2019-03-18 10:30:00,3.5386910400,3.6558662400,3.5152560000,3.6246195200,53081241
2019-03-18 11:30:00,3.6246195200,3.6324312000,3.5699377600,3.6089961600,12560853
2019-03-18 14:00:00,3.6089961600,3.6168078400,3.5699377600,3.5933728000,9985076
2019-03-18 15:00:00,3.5933728000,3.6246195200,3.5777494400,3.6168078400,16515052
2019-03-19 10:30:00,3.5699377600,3.6011844800,3.5386910400,3.5465027200,21996747
2019-03-19 11:30:00,3.5465027200,3.5699377600,3.5074443200,3.5386910400,11591154
2019-03-19 14:00:00,3.5386910400,3.5465027200,3.5152560000,3.5308793600,6634607
2019-03-19 15:00:00,3.5230676800,3.5465027200,3.5152560000,3.5386910400,8369170
2019-03-20 10:30:00,3.5465027200,3.6246195200,3.5152560000,3.5933728000,22632618
2019-03-20 11:30:00,3.5933728000,3.6089961600,3.5074443200,3.5230676800,12453448
2019-03-20 14:00:00,3.5230676800,3.5699377600,3.5152560000,3.5465027200,8802657
2019-03-20 15:00:00,3.5386910400,3.5855611200,3.5308793600,3.5699377600,7878815
2019-03-21 10:30:00,3.5933728000,3.6168078400,3.5230676800,3.5543144000,15655317
2019-03-21 11:30:00,3.5543144000,3.5699377600,3.5386910400,3.5543144000,6946972
2019-03-21 14:00:00,3.5543144000,3.5933728000,3.5543144000,3.5621260800,9312200
2019-03-21 15:00:00,3.5621260800,3.5855611200,3.5543144000,3.5621260800,9594589
2019-03-22 10:30:00,3.5699377600,3.5777494400,3.5465027200,3.5621260800,14348372
2019-03-22 11:30:00,3.5621260800,3.5777494400,3.5308793600,3.5465027200,7367050
2019-03-22 14:00:00,3.5465027200,3.5621260800,3.5386910400,3.5543144000,5232900
2019-03-22 15:00:00,3.5543144000,3.5777494400,3.5465027200,3.5699377600,7149972
2019-03-25 10:30:00,3.5308793600,3.5699377600,3.4996326400,3.5699377600,14631577
2019-03-25 11:30:00,3.5699377600,3.5699377600,3.5465027200,3.5543144000,6600450
2019-03-25 14:00:00,3.5543144000,3.6089961600,3.5386910400,3.5855611200,13192582
2019-03-25 15:00:00,3.5933728000,3.5933728000,3.5386910400,3.5386910400,10577558
2019-03-26 10:30:00,3.5465027200,3.5699377600,3.4605742400,3.4840092800,13385453
2019-03-26 11:30:00,3.4840092800,3.5074443200,3.4371392000,3.4371392000,12622727
2019-03-26 14:00:00,3.4371392000,3.4918209600,3.4371392000,3.4605742400,12587234
2019-03-26 15:00:00,3.4761976000,3.4840092800,3.4371392000,3.4683859200,16589130
2019-03-27 10:30:00,3.4761976000,3.4918209600,3.3824574400,3.4449508800,13765428
2019-03-27 11:30:00,3.4449508800,3.4761976000,3.4293275200,3.4683859200,5467369
2019-03-27 14:00:00,3.4683859200,3.5152560000,3.4527625600,3.4918209600,12795365
2019-03-27 15:00:00,3.4996326400,3.5230676800,3.4761976000,3.4996326400,10293578
2019-03-28 10:30:00,3.4840092800,3.4918209600,3.4449508800,3.4683859200,8363719
2019-03-28 11:30:00,3.4683859200,3.4761976000,3.4449508800,3.4527625600,4814725
2019-03-28 14:00:00,3.4527625600,3.4605742400,3.4215158400,3.4293275200,6464715
2019-03-28 15:00:00,3.4293275200,3.4527625600,3.4058924800,3.4215158400,7674286
2019-03-29 10:30:00,3.4137041600,3.4527625600,3.3902691200,3.4449508800,10964160
2019-03-29 11:30:00,3.4449508800,3.4918209600,3.4449508800,3.4761976000,9025774
2019-03-29 14:00:00,3.4840092800,3.4918209600,3.4683859200,3.4840092800,6020241
2019-03-29 15:00:00,3.4840092800,3.4996326400,3.4683859200,3.4996326400,8919012
2019-04-01 10:30:00,3.5386910400,3.6324312000,3.5386910400,3.6168078400,29668773
2019-04-01 11:30:00,3.6246195200,3.6480545600,3.6089961600,3.6402428800,19099192
2019-04-01 14:00:00,3.6402428800,3.6402428800,3.6011844800,3.6246195200,9704723
2019-04-01 15:00:00,3.6168078400,3.6246195200,3.6011844800,3.6168078400,11314890
2019-04-02 10:30:00,3.6636779200,3.6949246400,3.6402428800,3.6636779200,27977205
2019-04-02 11:30:00,3.6636779200,3.6714896000,3.6480545600,3.6714896000,10060281
2019-04-02 14:00:00,3.6714896000,3.6871129600,3.6558662400,3.6714896000,9263568
2019-04-02 15:00:00,3.6636779200,3.6636779200,3.6324312000,3.6480545600,11854234
2019-04-03 10:30:00,3.6558662400,3.7730414400,3.6558662400,3.7574180800,34311024
2019-04-03 11:30:00,3.7652297600,3.8745932800,3.7574180800,3.8433465600,45688789
2019-04-03 14:00:00,3.8433465600,3.8824049600,3.8277232000,3.8667816000,22520279
2019-04-03 15:00:00,3.8667816000,3.9527100800,3.8589699200,3.9058400000,40083882
2019-04-04 10:30:00,3.9214633600,3.9761451200,3.8745932800,3.9527100800,48646754
2019-04-04 11:30:00,3.9605217600,3.9683334400,3.8980283200,3.9292750400,22369983
2019-04-04 14:00:00,3.9292750400,3.9605217600,3.9214633600,3.9448984000,12490199
2019-04-04 15:00:00,3.9448984000,3.9605217600,3.9292750400,3.9448984000,17564363
2019-04-08 10:30:00,4.1323787200,4.2573656000,4.1323787200,4.1558137600,74714790
2019-04-08 11:30:00,4.1636254400,4.1948721600,4.1167553600,4.1714371200,37292043
2019-04-08 14:00:00,4.1714371200,4.1792488000,4.1167553600,4.1792488000,30480202
2019-04-08 15:00:00,4.1714371200,4.3354824000,4.1636254400,4.2729889600,65939729
2019-04-09 10:30:00,4.2808006400,4.3511057600,4.1714371200,4.2651772800,61593764
2019-04-09 11:30:00,4.2573656000,4.2886123200,4.2417422400,4.2651772800,19351972
2019-04-09 14:00:00,4.2651772800,4.2729889600,4.2104955200,4.2183072000,17557720
2019-04-09 15:00:00,4.2183072000,4.2573656000,4.1792488000,4.2573656000,23163444
2019-04-10 10:30:00,4.2183072000,4.4292225600,4.1792488000,4.3589174400,55583348
2019-04-10 11:30:00,4.3511057600,4.3667291200,4.2964240000,4.3198590400,20351076
2019-04-10 14:00:00,4.3198590400,4.3432940800,4.2729889600,4.3198590400,17219132
2019-04-10 15:00:00,4.3276707200,4.3589174400,4.2808006400,4.3120473600,21516177
2019-04-11 10:30:00,4.3120473600,4.3511057600,4.2651772800,4.2886123200,27719475
2019-04-11 11:30:00,4.2886123200,4.3042356800,4.2183072000,4.2339305600,26092301
2019-04-11 14:00:00,4.2339305600,4.2573656000,4.2183072000,4.2417422400,15307599
2019-04-11 15:00:00,4.2339305600,4.2886123200,4.2183072000,4.2261188800,18821113
2019-04-12 10:30:00,4.2026838400,4.2729889600,4.1558137600,4.1870604800,35421011
2019-04-12 11:30:00,4.1792488000,4.2026838400,4.1245670400,4.1792488000,20989421
2019-04-12 14:00:00,4.1792488000,4.2026838400,4.1558137600,4.1558137600,9748101
2019-04-12 15:00:00,4.1636254400,4.2026838400,4.1480020800,4.1792488000,15893865
2019-04-15 10:30:00,4.2964240000,4.3432940800,4.1792488000,4.2183072000,38115322
2019-04-15 11:30:00,4.2183072000,4.2261188800,4.1948721600,4.2026838400,9794516
2019-04-15 14:00:00,4.2026838400,4.2104955200,4.1401904000,4.1558137600,16715164
2019-04-15 15:00:00,4.1558137600,4.1558137600,4.0776969600,4.0933203200,24414159
2019-04-16 10:30:00,4.0776969600,4.1636254400,4.0698852800,4.0776969600,24248725
2019-04-16 11:30:00,4.0855086400,4.1323787200,4.0776969600,4.1245670400,9407398
2019-04-16 14:00:00,4.1245670400,4.1480020800,4.1011320000,4.1323787200,13652990
2019-04-16 15:00:00,4.1323787200,4.1870604800,4.1323787200,4.1714371200,25024725
2019-04-17 10:30:00,4.2104955200,4.2104955200,4.1480020800,4.1558137600,19319092
2019-04-17 11:30:00,4.1636254400,4.1792488000,4.1480020800,4.1714371200,8959170
2019-04-17 14:00:00,4.1714371200,4.2104955200,4.1636254400,4.1948721600,14353290
2019-04-17 15:00:00,4.2026838400,4.2339305600,4.1792488000,4.2026838400,18616329
2019-04-18 10:30:00,4.1948721600,4.2964240000,4.1245670400,4.2573656000,29743159
2019-04-18 11:30:00,4.2417422400,4.2495539200,4.1792488000,4.1870604800,11414019
2019-04-18 14:00:00,4.1870604800,4.1948721600,4.1480020800,4.1792488000,7155760
2019-04-18 15:00:00,4.1792488000,4.1870604800,4.1401904000,4.1636254400,8814338
2019-04-19 10:30:00,4.1558137600,4.2183072000,4.1401904000,4.1558137600,11993598
2019-04-19 11:30:00,4.1480020800,4.1714371200,4.1245670400,4.1636254400,7744771
2019-04-19 14:00:00,4.1636254400,4.1792488000,4.1401904000,4.1480020800,8213573
2019-04-19 15:00:00,4.1480020800,4.1870604800,4.1401904000,4.1558137600,13082700
2019-04-22 10:30:00,4.1792488000,4.1870604800,4.0933203200,4.1011320000,18441800
2019-04-22 11:30:00,4.1089436800,4.1245670400,4.0308268800,4.0308268800,21224082
2019-04-22 14:00:00,4.0308268800,4.0542619200,4.0073918400,4.0230152000,14154013
2019-04-22 15:00:00,4.0230152000,4.0386385600,3.9995801600,4.0308268800,14049682
2019-04-23 10:30:00,4.0542619200,4.0620736000,4.0073918400,4.0464502400,17448663
2019-04-23 11:30:00,4.0464502400,4.0620736000,4.0230152000,4.0464502400,11713533
2019-04-23 14:00:00,4.0464502400,4.0620736000,4.0230152000,4.0386385600,10775417
2019-04-23 15:00:00,4.0386385600,4.0464502400,4.0073918400,4.0152035200,9173261
2019-04-24 10:30:00,4.0542619200,4.0620736000,3.9839568000,4.0308268800,10626993
2019-04-24 11:30:00,4.0230152000,4.0308268800,3.9839568000,4.0073918400,6499833
2019-04-24 14:00:00,4.0073918400,4.0386385600,3.9839568000,4.0230152000,9809825
2019-04-24 15:00:00,4.0230152000,4.0386385600,4.0073918400,4.0152035200,11522359
2019-04-25 10:30:00,4.0230152000,4.0230152000,3.9605217600,3.9761451200,13571382
2019-04-25 11:30:00,3.9839568000,3.9839568000,3.9292750400,3.9370867200,12926590
2019-04-25 14:00:00,3.9370867200,3.9448984000,3.8980283200,3.9214633600,17144920
2019-04-25 15:00:00,3.9136516800,3.9292750400,3.8433465600,3.8589699200,20132612
2019-04-26 10:30:00,3.8355348800,3.8745932800,3.8199115200,3.8433465600,18504199
2019-04-26 11:30:00,3.8433465600,3.8433465600,3.7730414400,3.7886648000,12076621
2019-04-26 14:00:00,3.7886648000,3.8433465600,3.7808531200,3.8042881600,10350930
2019-04-26 15:00:00,3.7964764800,3.8277232000,3.7886648000,3.7964764800,8379286
2019-04-29 10:30:00,3.7964764800,3.9214633600,3.7964764800,3.8902166400,20666541
2019-04-29 11:30:00,3.8902166400,3.9058400000,3.8511582400,3.8824049600,13360986
2019-04-29 14:00:00,3.8824049600,3.9214633600,3.8511582400,3.8824049600,13364128
2019-04-29 15:00:00,3.8824049600,3.8902166400,3.8355348800,3.8589699200,11516109
2019-04-30 10:30:00,3.8745932800,3.9136516800,3.8355348800,3.8667816000,17612958
2019-04-30 11:30:00,3.8745932800,3.8980283200,3.8589699200,3.8902166400,7759488
2019-04-30 14:00:00,3.8902166400,3.9058400000,3.8667816000,3.8902166400,8958473
2019-04-30 15:00:00,3.8824049600,3.8902166400,3.8589699200,3.8667816000,9746819
2019-05-06 10:30:00,3.7496064000,3.8120998400,3.7183596800,3.7574180800,23448821
2019-05-06 11:30:00,3.7574180800,3.7574180800,3.6246195200,3.6714896000,20146421
2019-05-06 14:00:00,3.6714896000,3.6793012800,3.6011844800,3.6168078400,14580395
2019-05-06 15:00:00,3.6168078400,3.6714896000,3.5777494400,3.6636779200,14901695
2019-05-07 10:30:00,3.6714896000,3.7652297600,3.6714896000,3.7574180800,25790933
2019-05-07 11:30:00,3.7574180800,3.7808531200,3.7183596800,3.7574180800,16614904
2019-05-07 14:00:00,3.7574180800,3.7652297600,3.6949246400,3.7027363200,18051715
2019-05-07 15:00:00,3.7027363200,3.7496064000,3.6714896000,3.7496064000,18401321
2019-05-08 10:30:00,3.6714896000,3.7339830400,3.6402428800,3.7261713600,20234593
2019-05-08 11:30:00,3.7261713600,3.7574180800,3.7105480000,3.7496064000,12144887
2019-05-08 14:00:00,3.7496064000,3.7574180800,3.6949246400,3.7027363200,9155027
2019-05-08 15:00:00,3.7027363200,3.7183596800,3.6714896000,3.6949246400,9196440
2019-05-09 10:30:00,3.6714896000,3.6871129600,3.6168078400,3.6324312000,13797644
2019-05-09 11:30:00,3.6246195200,3.6324312000,3.5933728000,3.6011844800,9846095
2019-05-09 14:00:00,3.6011844800,3.6480545600,3.6011844800,3.6402428800,6065498
2019-05-09 15:00:00,3.6402428800,3.6402428800,3.5933728000,3.5933728000,7478099
2019-05-10 10:30:00,3.6324312000,3.7105480000,3.6246195200,3.6871129600,16317429
2019-05-10 11:30:00,3.6793012800,3.6793012800,3.6324312000,3.6402428800,9384400
2019-05-10 14:00:00,3.6402428800,3.6714896000,3.5543144000,3.6636779200,11103182
2019-05-10 15:00:00,3.6714896000,3.7339830400,3.6636779200,3.7261713600,14124860
2019-05-13 10:30:00,3.6714896000,3.7105480000,3.6636779200,3.6949246400,11494850
2019-05-13 11:30:00,3.6949246400,3.7027363200,3.6714896000,3.6949246400,6572663
2019-05-13 14:00:00,3.6949246400,3.7261713600,3.6793012800,3.7261713600,6539317
2019-05-13 15:00:00,3.7261713600,3.7339830400,3.7027363200,3.7183596800,10433957
2019-05-14 10:30:00,3.8980283200,4.0152035200,3.8589699200,3.9370867200,56735102
2019-05-14 11:30:00,3.9448984000,3.9683334400,3.9136516800,3.9605217600,12828955
2019-05-14 14:00:00,3.9605217600,3.9917684800,3.9448984000,3.9683334400,21813041
2019-05-14 15:00:00,3.9761451200,3.9917684800,3.9448984000,3.9527100800,24257436
2019-05-15 10:30:00,3.9839568000,4.0308268800,3.9605217600,3.9683334400,31220567
2019-05-15 11:30:00,3.9605217600,3.9917684800,3.9605217600,3.9839568000,9587510
2019-05-15 14:00:00,3.9839568000,3.9917684800,3.9683334400,3.9839568000,10336769
2019-05-15 15:00:00,3.9839568000,3.9995801600,3.9683334400,3.9995801600,19112307
2019-05-16 10:30:00,4.0230152000,4.1323787200,3.9917684800,4.1167553600,39574913
2019-05-16 11:30:00,4.1167553600,4.1401904000,4.0933203200,4.1167553600,18880853
2019-05-16 14:00:00,4.1167553600,4.1323787200,4.1089436800,4.1167553600,11776167
2019-05-16 15:00:00,4.1089436800,4.1714371200,4.1011320000,4.1480020800,22892262
2019-05-17 10:30:00,4.1480020800,4.1714371200,4.0464502400,4.0542619200,36526041
2019-05-17 11:30:00,4.0464502400,4.0933203200,4.0386385600,4.0698852800,20252425
2019-05-17 14:00:00,4.0698852800,4.1011320000,4.0464502400,4.0620736000,13294800
2019-05-17 15:00:00,4.0620736000,4.0776969600,3.9995801600,3.9995801600,20190566
2019-05-20 10:30:00,4.0230152000,4.0464502400,3.9605217600,4.0230152000,29333049
2019-05-20 11:30:00,4.0230152000,4.0464502400,3.9917684800,3.9995801600,13801048
2019-05-20 14:00:00,3.9995801600,4.0152035200,3.9839568000,3.9917684800,9709204
2019-05-20 15:00:00,3.9917684800,4.0073918400,3.9761451200,3.9917684800,12257084
2019-05-21 10:30:00,3.9761451200,4.1089436800,3.9761451200,4.0620736000,27169864
2019-05-21 11:30:00,4.0620736000,4.1167553600,4.0620736000,4.1011320000,17230478
2019-05-21 14:00:00,4.1011320000,4.1167553600,4.0464502400,4.0620736000,12659159
2019-05-21 15:00:00,4.0542619200,4.0620736000,4.0308268800,4.0464502400,11385747
2019-05-22 10:30:00,4.0542619200,4.1089436800,4.0542619200,4.1011320000,20189114
2019-05-22 11:30:00,4.0933203200,4.1011320000,4.0698852800,4.0776969600,9019503
2019-05-22 14:00:00,4.0776969600,4.0933203200,4.0542619200,4.0620736000,10355000
2019-05-22 15:00:00,4.0698852800,4.0855086400,4.0542619200,4.0855086400,10678549
2019-05-23 10:30:00,4.0620736000,4.0855086400,4.0152035200,4.0542619200,18747651
2019-05-23 11:30:00,4.0542619200,4.1089436800,4.0464502400,4.0620736000,15855626
2019-05-23 14:00:00,4.0620736000,4.0776969600,4.0542619200,4.0620736000,10247950
2019-05-23 15:00:00,4.0620736000,4.1011320000,4.0230152000,4.0308268800,16400753
2019-05-24 10:30:00,4.0464502400,4.1245670400,4.0464502400,4.1245670400,35421287
2019-05-24 11:30:00,4.1245670400,4.1792488000,4.1167553600,4.1558137600,21908540
2019-05-24 14:00:00,4.1558137600,4.1636254400,4.1401904000,4.1480020800,10629676
2019-05-24 15:00:00,4.1480020800,4.1792488000,4.1480020800,4.1714371200,20840575
2019-05-27 10:30:00,4.1870604800,4.2729889600,4.1714371200,4.1870604800,35218760
2019-05-27 11:30:00,4.1870604800,4.1948721600,4.1089436800,4.1714371200,16190997
2019-05-27 14:00:00,4.1714371200,4.2026838400,4.1480020800,4.1870604800,15325553
2019-05-27 15:00:00,4.1792488000,4.2183072000,4.1558137600,4.2104955200,17886677
2019-05-28 10:30:00,4.2026838400,4.2026838400,4.1558137600,4.1870604800,16255052
2019-05-28 11:30:00,4.1792488000,4.1792488000,4.1480020800,4.1558137600,11715857
2019-05-28 14:00:00,4.1636254400,4.2417422400,4.1558137600,4.1948721600,24170824
2019-05-28 15:00:00,4.2026838400,4.2026838400,4.1089436800,4.1792488000,28729012
2019-05-29 10:30:00,4.1401904000,4.1714371200,4.1167553600,4.1480020800,16325021
2019-05-29 11:30:00,4.1480020800,4.1636254400,4.1401904000,4.1480020800,6557971
2019-05-29 14:00:00,4.1480020800,4.1636254400,4.1089436800,4.1401904000,11530847
2019-05-29 15:00:00,4.1401904000,4.1480020800,4.1089436800,4.1167553600,10065054
2019-05-30 10:30:00,4.1011320000,4.1558137600,4.0933203200,4.1089436800,18127662
2019-05-30 11:30:00,4.1011320000,4.1167553600,4.0776969600,4.0933203200,8625120
2019-05-30 14:00:00,4.0933203200,4.1089436800,4.0698852800,4.1089436800,7678360
2019-05-30 15:00:00,4.1011320000,4.1245670400,4.0933203200,4.1167553600,7122083
2019-05-31 10:30:00,4.1011320000,4.1870604800,4.0933203200,4.1636254400,20102077
2019-05-31 11:30:00,4.1636254400,4.1714371200,4.1401904000,4.1558137600,7838157
2019-05-31 14:00:00,4.1558137600,4.2026838400,4.1558137600,4.1870604800,16366212
2019-05-31 15:00:00,4.1870604800,4.2104955200,4.1714371200,4.1948721600,17062777
2019-06-03 10:30:00,4.2026838400,4.2261188800,4.1558137600,4.1636254400,13689249
2019-06-03 11:30:00,4.1558137600,4.1792488000,4.1480020800,4.1636254400,8530691
2019-06-03 14:00:00,4.1636254400,4.1792488000,4.1480020800,4.1636254400,7589265
2019-06-03 15:00:00,4.1558137600,4.1636254400,4.0933203200,4.1401904000,17216549
2019-06-04 10:30:00,4.1011320000,4.1558137600,4.1011320000,4.1089436800,13799347
2019-06-04 11:30:00,4.1089436800,4.1480020800,4.0776969600,4.1480020800,12611457
2019-06-04 14:00:00,4.1480020800,4.1480020800,4.1167553600,4.1245670400,9696315
2019-06-04 15:00:00,4.1323787200,4.1401904000,4.1089436800,4.1245670400,8573310
2019-06-05 10:30:00,4.1480020800,4.1792488000,4.1245670400,4.1323787200,9969887
2019-06-05 11:30:00,4.1323787200,4.1792488000,4.1245670400,4.1792488000,12513248
2019-06-05 14:00:00,4.1792488000,4.1870604800,4.1636254400,4.1792488000,9906710
2019-06-05 15:00:00,4.1792488000,4.1792488000,4.1245670400,4.1245670400,9296280
2019-06-06 10:30:00,4.1480020800,4.1558137600,4.1011320000,4.1089436800,9553223
2019-06-06 11:30:00,4.1167553600,4.1245670400,4.0855086400,4.1167553600,8296956
2019-06-06 14:00:00,4.1167553600,4.1558137600,4.1011320000,4.1245670400,12851018
2019-06-06 15:00:00,4.1323787200,4.1401904000,4.0542619200,4.0776969600,14155152
2019-06-10 10:30:00,4.0855086400,4.1167553600,4.0776969600,4.0933203200,10911133
2019-06-10 11:30:00,4.0933203200,4.1167553600,4.0776969600,4.1011320000,11892661
2019-06-10 14:00:00,4.1011320000,4.1089436800,4.0776969600,4.0933203200,8415830
2019-06-10 15:00:00,4.0933203200,4.0933203200,4.0698852800,4.0855086400,6627518
2019-06-11 10:30:00,4.0933203200,4.2729889600,4.0933203200,4.1948721600,39749929
2019-06-11 11:30:00,4.1948721600,4.2495539200,4.1870604800,4.2417422400,12654654
2019-06-11 14:00:00,4.2417422400,4.2417422400,4.2183072000,4.2261188800,8962638
2019-06-11 15:00:00,4.2261188800,4.2573656000,4.2261188800,4.2495539200,14753339
2019-06-12 10:30:00,4.2495539200,4.2964240000,4.2417422400,4.2808006400,25274095
2019-06-12 11:30:00,4.2808006400,4.2808006400,4.2495539200,4.2729889600,8688649
2019-06-12 14:00:00,4.2729889600,4.2729889600,4.2495539200,4.2651772800,5705700
2019-06-12 15:00:00,4.2729889600,4.2808006400,4.2495539200,4.2573656000,11167921
2019-06-13 10:30:00,4.2417422400,4.2886123200,4.2261188800,4.2573656000,16692496
2019-06-13 11:30:00,4.2573656000,4.4214108800,4.2573656000,4.4057875200,42851968
2019-06-13 14:00:00,4.4057875200,4.4057875200,4.3745408000,4.3901641600,8067190
2019-06-13 15:00:00,4.3901641600,4.3979758400,4.3667291200,4.3979758400,14830880
2019-06-14 10:30:00,4.4057875200,4.4370342400,4.3354824000,4.3745408000,22238965
2019-06-14 11:30:00,4.3745408000,4.3979758400,4.3667291200,4.3745408000,9267019
2019-06-14 14:00:00,4.3745408000,4.4292225600,4.3667291200,4.3823524800,11462722
2019-06-14 15:00:00,4.3823524800,4.3979758400,4.3198590400,4.3354824000,17701735
2019-06-17 10:30:00,4.3589174400,4.4292225600,4.3276707200,4.3979758400,19356024
2019-06-17 11:30:00,4.3979758400,4.4448459200,4.3823524800,4.4135992000,14457744
2019-06-17 14:00:00,4.4135992000,4.4370342400,4.4057875200,4.4135992000,8837535
2019-06-17 15:00:00,4.4135992000,4.4292225600,4.3979758400,4.4135992000,12000235
2019-06-18 10:30:00,4.4135992000,4.4604692800,4.3745408000,4.4604692800,21819220
2019-06-18 11:30:00,4.4526576000,4.4682809600,4.4448459200,4.4604692800,11898770
2019-06-18 14:00:00,4.4604692800,4.4604692800,4.4214108800,4.4292225600,10127670
2019-06-18 15:00:00,4.4292225600,4.4526576000,4.4214108800,4.4448459200,7005865
2019-06-19 10:30:00,4.4995276800,4.5542094400,4.4839043200,4.5073393600,21263192
2019-06-19 11:30:00,4.4995276800,4.5151510400,4.4839043200,4.4995276800,8753591
2019-06-19 14:00:00,4.4995276800,4.5151510400,4.4917160000,4.4995276800,7678703
2019-06-19 15:00:00,4.4995276800,4.4995276800,4.4682809600,4.4839043200,16360649
2019-06-20 10:30:00,4.4526576000,4.5463977600,4.4526576000,4.5385860800,17632834
2019-06-20 11:30:00,4.5385860800,4.6401379200,4.5307744000,4.6167028800,28538730
2019-06-20 14:00:00,4.6167028800,4.6323262400,4.5620211200,4.5776444800,12562731
2019-06-20 15:00:00,4.5932678400,4.6088912000,4.5776444800,4.6010795200,10053524
2019-06-21 10:30:00,4.6088912000,4.6557612800,4.6088912000,4.6245145600,20270923
2019-06-21 11:30:00,4.6245145600,4.6323262400,4.5776444800,4.6010795200,13940411
2019-06-21 14:00:00,4.6010795200,4.6010795200,4.5776444800,4.5932678400,10192362
2019-06-21 15:00:00,4.6010795200,4.6401379200,4.5776444800,4.6401379200,16386085
2019-06-24 10:30:00,4.6479496000,4.6635729600,4.5854561600,4.6323262400,22176512
2019-06-24 11:30:00,4.6323262400,4.6713846400,4.6088912000,4.6323262400,12554643
2019-06-24 14:00:00,4.6323262400,4.6557612800,4.6245145600,4.6401379200,8587249
2019-06-24 15:00:00,4.6401379200,4.6557612800,4.6323262400,4.6557612800,8943663
2019-06-25 10:30:00,4.6635729600,4.6791963200,4.6245145600,4.6401379200,14474226
2019-06-25 11:30:00,4.6323262400,4.6401379200,4.5854561600,4.5932678400,16141307
2019-06-25 14:00:00,4.5932678400,4.6713846400,4.5854561600,4.6479496000,13178475
2019-06-25 15:00:00,4.6479496000,4.6791963200,4.6479496000,4.6713846400,11678018
2019-06-26 10:30:00,4.6401379200,4.6870080000,4.6167028800,4.6557612800,14805819
2019-06-26 11:30:00,4.6557612800,4.6713846400,4.6479496000,4.6635729600,6531870
2019-06-26 14:00:00,4.6635729600,4.7026313600,4.6479496000,4.6870080000,17093199
2019-06-26 15:00:00,4.6870080000,4.6948196800,4.6635729600,4.6791963200,9014600
2019-06-27 10:30:00,4.6791963200,4.7416897600,4.6791963200,4.7104430400,22678184
2019-06-27 11:30:00,4.7104430400,4.7260664000,4.7104430400,4.7182547200,7434857
2019-06-27 14:00:00,4.7182547200,4.7416897600,4.7182547200,4.7338780800,9399715
2019-06-27 15:00:00,4.7338780800,4.7416897600,4.7260664000,4.7416897600,11883850
2019-06-28 10:30:00,4.7416897600,4.9447934400,4.7260664000,4.7729364800,44473429
2019-06-28 11:30:00,4.7651248000,4.7963715200,4.7416897600,4.7729364800,10346542
2019-06-28 14:00:00,4.7729364800,4.7807481600,4.7416897600,4.7573131200,6382070
2019-06-28 15:00:00,4.7495014400,4.7573131200,4.6870080000,4.6948196800,16699729
2019-07-01 10:30:00,4.7416897600,4.7651248000,4.5307744000,4.5698328000,64376730
2019-07-01 11:30:00,4.5776444800,4.5854561600,4.5229627200,4.5307744000,27958717
2019-07-01 14:00:00,4.5307744000,4.5698328000,4.5073393600,4.5542094400,25209446
2019-07-01 15:00:00,4.5463977600,4.5542094400,4.4917160000,4.5463977600,37047689
2019-07-02 10:30:00,4.5463977600,4.5620211200,4.4682809600,4.4995276800,36118128
2019-07-02 11:30:00,4.5073393600,4.5151510400,4.4760926400,4.5073393600,14313955
2019-07-02 14:00:00,4.5073393600,4.5307744000,4.4995276800,4.5073393600,12213780
2019-07-02 15:00:00,4.5073393600,4.5151510400,4.4917160000,4.5073393600,13318576
2019-07-03 10:30:00,4.5307744000,4.5385860800,4.4760926400,4.4917160000,17439321
2019-07-03 11:30:00,4.4917160000,4.5229627200,4.4760926400,4.5151510400,11469610
2019-07-03 14:00:00,4.5151510400,4.5229627200,4.4917160000,4.5151510400,9174690
2019-07-03 15:00:00,4.5151510400,4.5151510400,4.4839043200,4.5073393600,11945580
2019-07-04 10:30:00,4.4917160000,4.5229627200,4.4917160000,4.5073393600,10938316
2019-07-04 11:30:00,4.5151510400,4.5151510400,4.4370342400,4.4526576000,13286754
2019-07-04 14:00:00,4.4526576000,4.4604692800,4.4370342400,4.4448459200,6590440
2019-07-04 15:00:00,4.4448459200,4.4526576000,4.3745408000,4.4057875200,20390385
2019-07-05 10:30:00,4.4448459200,4.4604692800,4.4057875200,4.4214108800,10550491
2019-07-05 11:30:00,4.4214108800,4.4292225600,4.3901641600,4.3979758400,5738091
2019-07-05 14:00:00,4.3979758400,4.4370342400,4.3979758400,4.4370342400,5837704
2019-07-05 15:00:00,4.4370342400,4.4370342400,4.4135992000,4.4135992000,8591387
2019-07-08 10:30:00,4.4214108800,4.4292225600,4.2729889600,4.2808006400,20706829
2019-07-08 11:30:00,4.2808006400,4.2886123200,4.2417422400,4.2651772800,14097761
2019-07-08 14:00:00,4.2651772800,4.2964240000,4.2573656000,4.2729889600,9068351
2019-07-08 15:00:00,4.2808006400,4.2964240000,4.2729889600,4.2886123200,8298480
2019-07-09 10:30:00,4.2886123200,4.3354824000,4.2729889600,4.3120473600,10622061
2019-07-09 11:30:00,4.3120473600,4.3198590400,4.2886123200,4.3042356800,5776833
2019-07-09 14:00:00,4.3042356800,4.3198590400,4.2964240000,4.3120473600,5126585
2019-07-09 15:00:00,4.3120473600,4.3511057600,4.2964240000,4.3276707200,12255677
2019-07-10 10:30:00,4.3511057600,4.3589174400,4.2573656000,4.2729889600,14855192
2019-07-10 11:30:00,4.2729889600,4.2964240000,4.2729889600,4.2964240000,4557054
2019-07-10 14:00:00,4.2964240000,4.3120473600,4.2808006400,4.2886123200,3622290
2019-07-10 15:00:00,4.2808006400,4.2886123200,4.2339305600,4.2573656000,10828066
2019-07-11 10:30:00,4.2729889600,4.3198590400,4.2651772800,4.3042356800,14454131
2019-07-11 11:30:00,4.3042356800,4.3042356800,4.2573656000,4.2729889600,5872253
2019-07-11 14:00:00,4.2729889600,4.2808006400,4.2573656000,4.2729889600,5791670
2019-07-11 15:00:00,4.2729889600,4.2886123200,4.2573656000,4.2651772800,6570434
2019-07-12 10:30:00,4.2886123200,4.3198590400,4.2573656000,4.2964240000,10337000
2019-07-12 11:30:00,4.2964240000,4.3667291200,4.2886123200,4.3589174400,11912363
2019-07-12 14:00:00,4.3589174400,4.3589174400,4.3276707200,4.3511057600,5854514
2019-07-12 15:00:00,4.3511057600,4.3823524800,4.3432940800,4.3745408000,12911170
2019-07-15 10:30:00,4.5073393600,4.5463977600,4.4057875200,4.5385860800,45271820
2019-07-15 11:30:00,4.5385860800,4.5932678400,4.5229627200,4.5932678400,16433864
2019-07-15 14:00:00,4.5932678400,4.6010795200,4.5620211200,4.5854561600,10904363
2019-07-15 15:00:00,4.5854561600,4.6245145600,4.5776444800,4.6245145600,18286653
2019-07-16 10:30:00,4.6245145600,4.7182547200,4.6088912000,4.7026313600,33423326
2019-07-16 11:30:00,4.7026313600,4.7963715200,4.6791963200,4.7651248000,23847483
2019-07-16 14:00:00,4.7651248000,4.7807481600,4.7338780800,4.7573131200,13265620
2019-07-16 15:00:00,4.7573131200,4.7807481600,4.7495014400,4.7807481600,15846845
2019-07-17 10:30:00,4.7573131200,4.8588649600,4.7495014400,4.7885598400,34382571
2019-07-17 11:30:00,4.7807481600,4.7963715200,4.7651248000,4.7963715200,10732845
2019-07-17 14:00:00,4.7963715200,4.8041832000,4.7338780800,4.7495014400,13477978
2019-07-17 15:00:00,4.7495014400,4.7807481600,4.7338780800,4.7729364800,14866507
2019-07-18 10:30:00,4.7807481600,4.8432416000,4.7729364800,4.8276182400,26899356
2019-07-18 11:30:00,4.8198065600,4.8588649600,4.8119948800,4.8276182400,17484934
2019-07-18 14:00:00,4.8354299200,4.8354299200,4.7729364800,4.8041832000,11868676
2019-07-18 15:00:00,4.7963715200,4.8276182400,4.7807481600,4.7885598400,11882124
2019-07-19 10:30:00,4.8276182400,4.8744883200,4.7885598400,4.8432416000,21463785
2019-07-19 11:30:00,4.8432416000,4.8588649600,4.8354299200,4.8510532800,7316510
2019-07-19 14:00:00,4.8510532800,4.8588649600,4.8276182400,4.8354299200,7727679
2019-07-19 15:00:00,4.8276182400,4.8432416000,4.8198065600,4.8354299200,10427466
2019-07-22 10:30:00,4.8666766400,4.8744883200,4.7104430400,4.8276182400,19324128
2019-07-22 11:30:00,4.8276182400,4.8823000000,4.8198065600,4.8744883200,17472475
2019-07-22 14:00:00,4.8744883200,4.8823000000,4.8432416000,4.8588649600,9939542
2019-07-22 15:00:00,4.8588649600,4.8823000000,4.7963715200,4.7963715200,13687031
2019-07-23 10:30:00,4.8666766400,4.8979233600,4.8198065600,4.8354299200,18024555
2019-07-23 11:30:00,4.8354299200,4.8432416000,4.8041832000,4.8041832000,8736584
2019-07-23 14:00:00,4.8119948800,4.8276182400,4.7963715200,4.8276182400,7149804
2019-07-23 15:00:00,4.8276182400,4.8276182400,4.7807481600,4.8119948800,14439946
2019-07-24 10:30:00,4.8276182400,4.9369817600,4.8198065600,4.9057350400,28505531
2019-07-24 11:30:00,4.9135467200,4.9447934400,4.9057350400,4.9213584000,11356356
2019-07-24 14:00:00,4.9291700800,4.9369817600,4.8901116800,4.9291700800,10500598
2019-07-24 15:00:00,4.9213584000,4.9447934400,4.9057350400,4.9447934400,20057742
2019-07-25 10:30:00,4.9447934400,4.9604168000,4.8744883200,4.8744883200,17766982
2019-07-25 11:30:00,4.8744883200,4.9213584000,4.8744883200,4.9135467200,8042030
2019-07-25 14:00:00,4.9135467200,4.9135467200,4.8744883200,4.8979233600,6438580
2019-07-25 15:00:00,4.8979233600,4.9057350400,4.8744883200,4.8979233600,10035670
2019-07-26 10:30:00,4.9057350400,4.9526051200,4.8666766400,4.9447934400,15394698
2019-07-26 11:30:00,4.9447934400,4.9994752000,4.9369817600,4.9682284800,18997476
2019-07-26 14:00:00,4.9682284800,5.0072868800,4.9604168000,4.9838518400,19179389
2019-07-26 15:00:00,4.9838518400,5.0385336000,4.9760401600,5.0385336000,22562589
2019-07-29 10:30:00,5.0541569600,5.0541569600,4.7963715200,4.8041832000,46651868
2019-07-29 11:30:00,4.8041832000,4.8510532800,4.8041832000,4.8276182400,15240666
2019-07-29 14:00:00,4.8276182400,4.8276182400,4.7338780800,4.7963715200,23167579
2019-07-29 15:00:00,4.7885598400,4.8041832000,4.7651248000,4.7807481600,17095549
2019-07-30 10:30:00,4.7807481600,4.8823000000,4.7651248000,4.8744883200,27655430
2019-07-30 11:30:00,4.8744883200,4.8823000000,4.8354299200,4.8588649600,8978242
2019-07-30 14:00:00,4.8588649600,4.8666766400,4.8432416000,4.8510532800,8498647
2019-07-30 15:00:00,4.8510532800,4.8510532800,4.8041832000,4.8119948800,12742975
2019-07-31 10:30:00,4.8198065600,4.8432416000,4.7963715200,4.8276182400,15552620
2019-07-31 11:30:00,4.8198065600,4.8588649600,4.8198065600,4.8432416000,7498800
2019-07-31 14:00:00,4.8432416000,4.8510532800,4.8276182400,4.8510532800,6632095
2019-07-31 15:00:00,4.8432416000,4.8510532800,4.7885598400,4.8198065600,13115475
2019-08-01 10:30:00,4.8119948800,4.8276182400,4.7651248000,4.7885598400,12960905
2019-08-01 11:30:00,4.7885598400,4.8119948800,4.7651248000,4.8041832000,9509587
2019-08-01 14:00:00,4.8041832000,4.8119948800,4.7807481600,4.8041832000,6361506
2019-08-01 15:00:00,4.8041832000,4.8198065600,4.7729364800,4.7885598400,11372888
2019-08-02 10:30:00,4.6870080000,4.7260664000,4.6167028800,4.6635729600,30209257
2019-08-02 11:30:00,4.6557612800,4.6635729600,4.6245145600,4.6323262400,8695230
2019-08-02 14:00:00,4.6323262400,4.6323262400,4.5932678400,4.6010795200,14859618
2019-08-02 15:00:00,4.6010795200,4.6557612800,4.5932678400,4.6479496000,15472565
2019-08-05 10:30:00,4.6642034600,4.6642034600,4.5098134500,4.5748197700,26324195
2019-08-05 11:30:00,4.5829455600,4.6317003000,4.5748197700,4.5991971400,7168783
2019-08-05 14:00:00,4.5991971400,4.5991971400,4.5585681900,4.5748197700,7600862
2019-08-05 15:00:00,4.5666939800,4.5748197700,4.5179392400,4.5179392400,12744870
2019-08-06 10:30:00,4.4285555500,4.4285555500,4.2822913300,4.2985429100,31711052
2019-08-06 11:30:00,4.3066687000,4.3635492300,4.2904171200,4.3391718600,9794742
2019-08-06 14:00:00,4.3391718600,4.4448071300,4.3391718600,4.4285555500,10311312
2019-08-06 15:00:00,4.4285555500,4.4529329200,4.3960523900,4.4366813400,9454850
2019-08-07 10:30:00,4.4854360800,4.5098134500,4.4448071300,4.4448071300,13423314
2019-08-07 11:30:00,4.4448071300,4.4610587100,4.4285555500,4.4529329200,5141762
2019-08-07 14:00:00,4.4529329200,4.4691845000,4.4285555500,4.4448071300,5240301
2019-08-07 15:00:00,4.4366813400,4.4529329200,4.3960523900,4.4204297600,12646827
2019-08-08 10:30:00,4.4366813400,4.4854360800,4.4204297600,4.4366813400,11183697
2019-08-08 11:30:00,4.4366813400,4.4448071300,4.4041781800,4.4448071300,5982065
2019-08-08 14:00:00,4.4448071300,4.4610587100,4.4285555500,4.4448071300,5723230
2019-08-08 15:00:00,4.4448071300,4.4529329200,4.4285555500,4.4529329200,6941020
2019-08-09 10:30:00,4.4691845000,4.4935618700,4.3798008100,4.3960523900,18152831
2019-08-09 11:30:00,4.3879266000,4.4041781800,4.3472976500,4.3635492300,8754686
2019-08-09 14:00:00,4.3635492300,4.3798008100,4.3472976500,4.3716750200,4954404
2019-08-09 15:00:00,4.3635492300,4.3716750200,4.3391718600,4.3635492300,6505801
2019-08-12 10:30:00,4.3554234400,4.4041781800,4.2904171200,4.3960523900,12558184
2019-08-12 11:30:00,4.3960523900,4.4854360800,4.3879266000,4.4854360800,11593576
2019-08-12 14:00:00,4.4854360800,4.4935618700,4.4448071300,4.4691845000,7951546
2019-08-12 15:00:00,4.4691845000,4.5016876600,4.4610587100,4.5016876600,10793757
2019-08-13 10:30:00,4.4529329200,4.4529329200,4.3960523900,4.4123039700,11849130
2019-08-13 11:30:00,4.4123039700,4.4123039700,4.3879266000,4.4123039700,5205894
2019-08-13 14:00:00,4.4123039700,4.4123039700,4.3716750200,4.3798008100,4901500
2019-08-13 15:00:00,4.3879266000,4.4123039700,4.3798008100,4.4041781800,6515546
2019-08-14 10:30:00,4.4854360800,4.5016876600,4.3798008100,4.3798008100,21007842
2019-08-14 11:30:00,4.3879266000,4.4366813400,4.3798008100,4.4123039700,5673266
2019-08-14 14:00:00,4.4123039700,4.4285555500,4.3960523900,4.4123039700,5659239
2019-08-14 15:00:00,4.4204297600,4.4285555500,4.3879266000,4.3960523900,7088324
2019-08-15 10:30:00,4.2660397500,4.3310460700,4.2335365900,4.3147944900,15445308
2019-08-15 11:30:00,4.3229202800,4.3391718600,4.2660397500,4.3066687000,10394735
2019-08-15 14:00:00,4.3066687000,4.3229202800,4.2822913300,4.3147944900,5475956
2019-08-15 15:00:00,4.3147944900,4.3635492300,4.3066687000,4.3472976500,11225424
2019-08-16 10:30:00,4.3472976500,4.4041781800,4.3147944900,4.3879266000,11727597
2019-08-16 11:30:00,4.3798008100,4.4285555500,4.3798008100,4.4123039700,6981240
2019-08-16 14:00:00,4.4123039700,4.4204297600,4.3798008100,4.3879266000,5378694
2019-08-16 15:00:00,4.3798008100,4.3879266000,4.3310460700,4.3472976500,10017468
2019-08-19 10:30:00,4.4041781800,4.4123039700,4.3554234400,4.3879266000,12132928
2019-08-19 11:30:00,4.3879266000,4.4529329200,4.3716750200,4.4529329200,10883221
2019-08-19 14:00:00,4.4529329200,4.4610587100,4.4285555500,4.4610587100,9226854
2019-08-19 15:00:00,4.4610587100,4.4691845000,4.4366813400,4.4610587100,10609781
2019-08-20 10:30:00,4.4610587100,4.5098134500,4.4366813400,4.4935618700,12400911
2019-08-20 11:30:00,4.4935618700,4.5098134500,4.4691845000,4.5098134500,6520621
2019-08-20 14:00:00,4.5098134500,4.5179392400,4.4935618700,4.5016876600,7422800
2019-08-20 15:00:00,4.5098134500,4.5098134500,4.4691845000,4.4854360800,10050748
2019-08-21 10:30:00,4.4610587100,4.4854360800,4.4366813400,4.4366813400,9214798
2019-08-21 11:30:00,4.4285555500,4.4529329200,4.4204297600,4.4529329200,6274421
2019-08-21 14:00:00,4.4529329200,4.4529329200,4.4366813400,4.4366813400,3648330
2019-08-21 15:00:00,4.4366813400,4.4448071300,4.4123039700,4.4204297600,6852748
2019-08-22 10:30:00,4.4366813400,4.4448071300,4.3554234400,4.3960523900,9903290
2019-08-22 11:30:00,4.3960523900,4.4041781800,4.3635492300,4.3879266000,4924130
2019-08-22 14:00:00,4.3879266000,4.4041781800,4.3716750200,4.3960523900,3430524
2019-08-22 15:00:00,4.3960523900,4.4123039700,4.3798008100,4.4123039700,4397187
2019-08-23 10:30:00,4.4123039700,4.4854360800,4.3879266000,4.4691845000,11722120
2019-08-23 11:30:00,4.4691845000,4.5423166100,4.4691845000,4.5179392400,15798430
2019-08-23 14:00:00,4.5179392400,4.5260650300,4.4854360800,4.4854360800,5610315
2019-08-23 15:00:00,4.4854360800,4.5179392400,4.4854360800,4.5098134500,7644485
2019-08-26 10:30:00,4.4041781800,4.4123039700,4.3147944900,4.3391718600,25661890
2019-08-26 11:30:00,4.3391718600,4.3554234400,4.3147944900,4.3472976500,11868800
2019-08-26 14:00:00,4.3472976500,4.3554234400,4.3229202800,4.3391718600,6593415
2019-08-26 15:00:00,4.3391718600,4.3635492300,4.3310460700,4.3554234400,6136441
2019-08-27 10:30:00,4.3879266000,4.4529329200,4.3716750200,4.4529329200,15164534
2019-08-27 11:30:00,4.4529329200,4.4691845000,4.4448071300,4.4529329200,11038195
2019-08-27 14:00:00,4.4529329200,4.4610587100,4.4041781800,4.4204297600,6286196
2019-08-27 15:00:00,4.4123039700,4.4448071300,4.4041781800,4.4041781800,10052078
2019-08-28 10:30:00,4.4204297600,4.4366813400,4.3798008100,4.3960523900,9512471
2019-08-28 11:30:00,4.3960523900,4.4366813400,4.3960523900,4.4123039700,5721043
2019-08-28 14:00:00,4.4123039700,4.4204297600,4.3798008100,4.3879266000,6079856
2019-08-28 15:00:00,4.3879266000,4.4041781800,4.3716750200,4.3879266000,7864662
2019-08-29 10:30:00,4.4123039700,4.4204297600,4.3310460700,4.3391718600,12838213
2019-08-29 11:30:00,4.3391718600,4.3554234400,4.3391718600,4.3391718600,5681515
2019-08-29 14:00:00,4.3391718600,4.3554234400,4.3391718600,4.3391718600,4766916
2019-08-29 15:00:00,4.3472976500,4.3554234400,4.3310460700,4.3554234400,9564259
2019-08-30 10:30:00,4.3798008100,4.4204297600,4.3554234400,4.3716750200,11303081
2019-08-30 11:30:00,4.3635492300,4.3716750200,4.3229202800,4.3391718600,7185367
2019-08-30 14:00:00,4.3391718600,4.3554234400,4.3229202800,4.3310460700,4701302
2019-08-30 15:00:00,4.3310460700,4.3310460700,4.2985429100,4.3066687000,11167281
2019-09-02 10:30:00,4.3472976500,4.4610587100,4.3066687000,4.4448071300,29893252
2019-09-02 11:30:00,4.4529329200,4.4691845000,4.4285555500,4.4691845000,13725989
2019-09-02 14:00:00,4.4691845000,4.5910713500,4.4610587100,4.5585681900,24012870
2019-09-02 15:00:00,4.5666939800,4.6479518800,4.5504424000,4.6073229300,25024655
2019-09-03 10:30:00,4.6317003000,4.6804550400,4.5829455600,4.6479518800,25129415
2019-09-03 11:30:00,4.6479518800,4.7373355700,4.6398260900,4.6804550400,20239039
2019-09-03 14:00:00,4.6804550400,4.6967066200,4.6317003000,4.6723292500,10716705
2019-09-03 15:00:00,4.6723292500,4.7129582000,4.6560776700,4.7048324100,12735861
2019-09-04 10:30:00,4.7048324100,4.7698387300,4.6642034600,4.7454613600,18898043
2019-09-04 11:30:00,4.7454613600,4.7698387300,4.7129582000,4.7292097800,11187096
2019-09-04 14:00:00,4.7292097800,4.7454613600,4.6642034600,4.7129582000,12563070
2019-09-04 15:00:00,4.7129582000,4.7454613600,4.6967066200,4.7454613600,13726959
2019-09-05 10:30:00,4.7779645200,4.8592224200,4.7129582000,4.8429708400,27353725
2019-09-05 11:30:00,4.8429708400,4.8835997900,4.8429708400,4.8510966300,17708438
2019-09-05 14:00:00,4.8510966300,4.8917255800,4.8510966300,4.8592224200,12929885
2019-09-05 15:00:00,4.8592224200,4.8673482100,4.8023418900,4.8104676800,15055325
2019-09-06 10:30:00,4.8673482100,4.8835997900,4.8185934700,4.8267192600,13252195
2019-09-06 11:30:00,4.8348450500,4.8592224200,4.8104676800,4.8592224200,8545060
2019-09-06 14:00:00,4.8592224200,4.8673482100,4.8348450500,4.8429708400,8292950
2019-09-06 15:00:00,4.8429708400,4.8673482100,4.8267192600,4.8673482100,16184205
2019-09-09 10:30:00,4.9242287400,4.9242287400,4.8429708400,4.8592224200,14293320
2019-09-09 11:30:00,4.8673482100,4.8673482100,4.8104676800,4.8348450500,9727240
2019-09-09 14:00:00,4.8348450500,4.8429708400,4.8104676800,4.8185934700,11238834
2019-09-09 15:00:00,4.8185934700,4.8185934700,4.7942161000,4.8185934700,15528591
2019-09-10 10:30:00,4.8348450500,4.8429708400,4.7617129400,4.7942161000,16983859
2019-09-10 11:30:00,4.7942161000,4.8185934700,4.7860903100,4.8185934700,7307763
2019-09-10 14:00:00,4.8185934700,4.8592224200,4.8185934700,4.8429708400,9995798
2019-09-10 15:00:00,4.8510966300,4.8510966300,4.8185934700,4.8510966300,11057219
2019-09-11 10:30:00,4.8673482100,4.8673482100,4.8104676800,4.8267192600,11400720
2019-09-11 11:30:00,4.8348450500,4.8510966300,4.8185934700,4.8510966300,6335265
2019-09-11 14:00:00,4.8510966300,4.8592224200,4.8023418900,4.8185934700,6200170
2019-09-11 15:00:00,4.8023418900,4.8510966300,4.7779645200,4.8510966300,14840486
2019-09-12 10:30:00,4.8673482100,4.8673482100,4.7779645200,4.8023418900,11407282
2019-09-12 11:30:00,4.8023418900,4.8185934700,4.7779645200,4.7942161000,6180268
2019-09-12 14:00:00,4.7942161000,4.8267192600,4.7942161000,4.8104676800,5074006
2019-09-12 15:00:00,4.8185934700,4.8348450500,4.8023418900,4.8348450500,10170494
2019-09-16 10:30:00,4.8673482100,4.8673482100,4.7860903100,4.8023418900,11344667
2019-09-16 11:30:00,4.8023418900,4.8104676800,4.7698387300,4.8104676800,6744292
2019-09-16 14:00:00,4.8104676800,4.8185934700,4.7779645200,4.7942161000,4556184
2019-09-16 15:00:00,4.7942161000,4.7942161000,4.7454613600,4.7617129400,11536170
2019-09-17 10:30:00,4.7373355700,4.7779645200,4.7292097800,4.7779645200,12471939
2019-09-17 11:30:00,4.7779645200,4.7779645200,4.7373355700,4.7373355700,6078700
2019-09-17 14:00:00,4.7373355700,4.7373355700,4.6723292500,4.6723292500,8463332
2019-09-17 15:00:00,4.6723292500,4.6885808300,4.6398260900,4.6804550400,14289840
2019-09-18 10:30:00,4.7129582000,4.7210839900,4.6885808300,4.7048324100,8017849
2019-09-18 11:30:00,4.7048324100,4.7373355700,4.7048324100,4.7210839900,6316370
2019-09-18 14:00:00,4.7210839900,4.7373355700,4.7129582000,4.7292097800,4525226
2019-09-18 15:00:00,4.7292097800,4.7535871500,4.6967066200,4.7535871500,10831346
2019-09-19 10:30:00,4.7535871500,4.7535871500,4.6804550400,4.7129582000,9350772
2019-09-19 11:30:00,4.7210839900,4.7292097800,4.6885808300,4.7048324100,3087700
2019-09-19 14:00:00,4.7048324100,4.7129582000,4.6804550400,4.6885808300,5604720
2019-09-19 15:00:00,4.6885808300,4.7292097800,4.6885808300,4.7292097800,7211470
2019-09-20 10:30:00,4.7454613600,4.8104676800,4.7129582000,4.8023418900,11175689
2019-09-20 11:30:00,4.8023418900,4.8104676800,4.7698387300,4.8023418900,6461981
2019-09-20 14:00:00,4.8023418900,4.8510966300,4.7942161000,4.8185934700,14424399
2019-09-20 15:00:00,4.8185934700,4.8348450500,4.8023418900,4.8023418900,9885905
2019-09-23 10:30:00,4.7779645200,4.7860903100,4.6317003000,4.6398260900,19034860
2019-09-23 11:30:00,4.6479518800,4.6560776700,4.6154487200,4.6398260900,7301384
2019-09-23 14:00:00,4.6398260900,4.6398260900,4.5991971400,4.6154487200,8664662
2019-09-23 15:00:00,4.6154487200,4.6642034600,4.5991971400,4.6642034600,10737108
2019-09-24 10:30:00,4.6479518800,4.6967066200,4.6235745100,4.6885808300,8265167
2019-09-24 11:30:00,4.6967066200,4.7292097800,4.6804550400,4.7210839900,7230449
2019-09-24 14:00:00,4.7210839900,4.7292097800,4.6804550400,4.6885808300,4095836
2019-09-24 15:00:00,4.6885808300,4.6967066200,4.6642034600,4.6804550400,6072045
2019-09-25 10:30:00,4.6723292500,4.6804550400,4.6154487200,4.6317003000,8275974
2019-09-25 11:30:00,4.6317003000,4.6804550400,4.6235745100,4.6479518800,4191501
2019-09-25 14:00:00,4.6479518800,4.6967066200,4.6398260900,4.6967066200,5824868
2019-09-25 15:00:00,4.6967066200,4.7454613600,4.6804550400,4.6967066200,12850340
2019-09-26 10:30:00,4.6967066200,4.7292097800,4.6723292500,4.6967066200,8010873
2019-09-26 11:30:00,4.6967066200,4.7454613600,4.6804550400,4.6804550400,7344940
2019-09-26 14:00:00,4.6804550400,4.6967066200,4.6560776700,4.6642034600,5105351
2019-09-26 15:00:00,4.6642034600,4.6642034600,4.6154487200,4.6317003000,7473395
2019-09-27 10:30:00,4.6479518800,4.6723292500,4.6235745100,4.6398260900,4558542
2019-09-27 11:30:00,4.6398260900,4.6642034600,4.6317003000,4.6398260900,3176303
2019-09-27 14:00:00,4.6398260900,4.6479518800,4.5991971400,4.6317003000,5081065
2019-09-27 15:00:00,4.6317003000,4.6317003000,4.6154487200,4.6235745100,3848147
2019-09-30 10:30:00,4.5991971400,4.7210839900,4.5991971400,4.6560776700,7572195
2019-09-30 11:30:00,4.6560776700,4.6723292500,4.6317003000,4.6560776700,3765882
2019-09-30 14:00:00,4.6560776700,4.6642034600,4.6317003000,4.6560776700,2821678
2019-09-30 15:00:00,4.6560776700,4.6560776700,4.6073229300,4.6317003000,7742280
2019-10-08 10:30:00,4.6885808300,4.8592224200,4.6479518800,4.8510966300,26975017
2019-10-08 11:30:00,4.8510966300,4.9079771600,4.8429708400,4.8998513700,24185110
2019-10-08 14:00:00,4.8998513700,4.8998513700,4.8592224200,4.8754740000,10932268
2019-10-08 15:00:00,4.8754740000,4.8998513700,4.8754740000,4.8917255800,19996995
2019-10-09 10:30:00,4.8835997900,4.8998513700,4.8185934700,4.8510966300,16942736
2019-10-09 11:30:00,4.8510966300,4.8835997900,4.8348450500,4.8510966300,8054430
2019-10-09 14:00:00,4.8510966300,4.8592224200,4.8185934700,4.8348450500,6296642
2019-10-09 15:00:00,4.8348450500,4.8917255800,4.8348450500,4.8917255800,11025275
2019-10-10 10:30:00,4.8917255800,4.9486061100,4.8267192600,4.9079771600,20698139
2019-10-10 11:30:00,4.9079771600,4.9323545300,4.8754740000,4.8835997900,6776617
2019-10-10 14:00:00,4.8835997900,4.8998513700,4.8754740000,4.8754740000,3975150
2019-10-10 15:00:00,4.8754740000,4.9242287400,4.8673482100,4.9242287400,11009259
2019-10-11 10:30:00,4.9242287400,4.9648576900,4.8673482100,4.9567319000,14246329
2019-10-11 11:30:00,4.9567319000,4.9567319000,4.9161029500,4.9486061100,6213980
2019-10-11 14:00:00,4.9486061100,4.9567319000,4.9161029500,4.9404803200,7660140
2019-10-11 15:00:00,4.9404803200,4.9486061100,4.9161029500,4.9486061100,8513007
2019-10-14 10:30:00,4.9648576900,4.9973608500,4.9323545300,4.9567319000,15752463
2019-10-14 11:30:00,4.9567319000,4.9811092700,4.9161029500,4.9161029500,10664666
2019-10-14 14:00:00,4.9161029500,4.9323545300,4.9079771600,4.9242287400,7582412
2019-10-14 15:00:00,4.9242287400,4.9404803200,4.8998513700,4.9404803200,9568565
2019-10-15 10:30:00,4.8917255800,4.9161029500,4.8185934700,4.8348450500,24463899
2019-10-15 11:30:00,4.8348450500,4.8835997900,4.8023418900,4.8673482100,20471055
2019-10-15 14:00:00,4.8673482100,4.8917255800,4.8429708400,4.8917255800,6474696
2019-10-15 15:00:00,4.8835997900,4.9242287400,4.8835997900,4.8998513700,9263755
2019-10-16 10:30:00,4.9161029500,4.9729834800,4.8917255800,4.8998513700,13515368
2019-10-16 11:30:00,4.8998513700,4.9079771600,4.8429708400,4.8592224200,6236230
2019-10-16 14:00:00,4.8592224200,4.8835997900,4.8592224200,4.8673482100,4393867
2019-10-16 15:00:00,4.8673482100,4.8917255800,4.8673482100,4.8917255800,7680797
2019-10-17 10:30:00,4.9161029500,4.9242287400,4.8673482100,4.8754740000,6579983
2019-10-17 11:30:00,4.8835997900,4.8917255800,4.8510966300,4.8673482100,4485461
2019-10-17 14:00:00,4.8673482100,4.8673482100,4.8429708400,4.8429708400,4810720
2019-10-17 15:00:00,4.8429708400,4.8754740000,4.8348450500,4.8592224200,8163185
2019-10-18 10:30:00,4.8673482100,4.8998513700,4.8510966300,4.8673482100,5012685
2019-10-18 11:30:00,4.8673482100,4.8754740000,4.8267192600,4.8267192600,3449510
2019-10-18 14:00:00,4.8267192600,4.8429708400,4.7617129400,4.7779645200,8290100
2019-10-18 15:00:00,4.7779645200,4.8592224200,4.7617129400,4.8267192600,10179500
2019-10-21 10:30:00,4.7779645200,4.8023418900,4.7535871500,4.7698387300,7974223
2019-10-21 11:30:00,4.7698387300,4.8023418900,4.7617129400,4.7860903100,5448561
2019-10-21 14:00:00,4.7860903100,4.8104676800,4.7535871500,4.7617129400,5332830
2019-10-21 15:00:00,4.7617129400,4.7860903100,4.7454613600,4.7860903100,6234351
2019-10-22 10:30:00,4.7942161000,4.8185934700,4.7860903100,4.7942161000,7874013
2019-10-22 11:30:00,4.7942161000,4.8104676800,4.7860903100,4.8023418900,3743558
2019-10-22 14:00:00,4.8023418900,4.8104676800,4.7779645200,4.7779645200,3051231
2019-10-22 15:00:00,4.7779645200,4.8267192600,4.7698387300,4.8267192600,6293602
2019-10-23 10:30:00,4.8023418900,4.8835997900,4.7942161000,4.8673482100,9395388
2019-10-23 11:30:00,4.8673482100,4.8835997900,4.8673482100,4.8754740000,6429055
2019-10-23 14:00:00,4.8754740000,4.8835997900,4.8510966300,4.8673482100,4714760
2019-10-23 15:00:00,4.8673482100,4.8673482100,4.8348450500,4.8429708400,6547900
2019-10-24 10:30:00,4.8510966300,4.8754740000,4.8267192600,4.8429708400,5200344
2019-10-24 11:30:00,4.8429708400,4.8510966300,4.7779645200,4.7942161000,5416591
2019-10-24 14:00:00,4.7942161000,4.7942161000,4.7535871500,4.7779645200,5145215
2019-10-24 15:00:00,4.7698387300,4.7942161000,4.7617129400,4.7617129400,4715500
2019-10-25 10:30:00,4.7860903100,4.8592224200,4.7860903100,4.8104676800,8584626
2019-10-25 11:30:00,4.8104676800,4.8510966300,4.7942161000,4.8429708400,4295449
2019-10-25 14:00:00,4.8429708400,4.8592224200,4.8267192600,4.8429708400,4053921
2019-10-25 15:00:00,4.8429708400,4.8835997900,4.8429708400,4.8835997900,13404651
2019-10-28 10:30:00,4.8835997900,4.9567319000,4.8835997900,4.8998513700,9803041
2019-10-28 11:30:00,4.8998513700,4.9161029500,4.8835997900,4.8998513700,5252751
2019-10-28 14:00:00,4.8998513700,4.8998513700,4.8592224200,4.8835997900,5149809
2019-10-28 15:00:00,4.8754740000,4.8917255800,4.8592224200,4.8917255800,7595713
2019-10-29 10:30:00,4.8917255800,4.9079771600,4.8429708400,4.8429708400,7573901
2019-10-29 11:30:00,4.8429708400,4.8592224200,4.8348450500,4.8429708400,3742150
2019-10-29 14:00:00,4.8429708400,4.8429708400,4.7942161000,4.8023418900,5889549
2019-10-29 15:00:00,4.8104676800,4.8267192600,4.7942161000,4.8267192600,5149515
2019-10-30 10:30:00,4.8023418900,4.8104676800,4.6804550400,4.7210839900,15422100
2019-10-30 11:30:00,4.7210839900,4.7292097800,4.6967066200,4.7048324100,6191870
2019-10-30 14:00:00,4.7048324100,4.7779645200,4.6967066200,4.7454613600,5383483
2019-10-30 15:00:00,4.7454613600,4.7698387300,4.7129582000,4.7454613600,6040374
2019-10-31 10:30:00,4.7942161000,4.7942161000,4.6804550400,4.6967066200,14283500
2019-10-31 11:30:00,4.6967066200,4.7617129400,4.6885808300,4.7617129400,6256887
2019-10-31 14:00:00,4.7617129400,4.7698387300,4.7454613600,4.7617129400,4814070
2019-10-31 15:00:00,4.7535871500,4.7617129400,4.7292097800,4.7535871500,5886610
2019-11-01 10:30:00,4.7535871500,4.7535871500,4.6804550400,4.7454613600,9094541
2019-11-01 11:30:00,4.7454613600,4.7860903100,4.7292097800,4.7779645200,5551812
2019-11-01 14:00:00,4.7779645200,4.8592224200,4.7698387300,4.8348450500,12065006
2019-11-01 15:00:00,4.8348450500,4.8348450500,4.7942161000,4.8185934700,6953992
2019-11-04 10:30:00,4.8185934700,4.8592224200,4.7942161000,4.7942161000,9947705
2019-11-04 11:30:00,4.7942161000,4.8185934700,4.7942161000,4.8185934700,5393339
2019-11-04 14:00:00,4.8185934700,4.8185934700,4.7698387300,4.7860903100,6006899
2019-11-04 15:00:00,4.7779645200,4.8185934700,4.7698387300,4.8185934700,5836101
2019-11-05 10:30:00,4.8185934700,4.8185934700,4.7698387300,4.7779645200,6710314
2019-11-05 11:30:00,4.7779645200,4.8267192600,4.7698387300,4.8104676800,5701262
2019-11-05 14:00:00,4.8104676800,4.8510966300,4.8023418900,4.8104676800,7677134
2019-11-05 15:00:00,4.8185934700,4.8185934700,4.7860903100,4.8185934700,6758402
2019-11-06 10:30:00,4.7942161000,4.8592224200,4.7942161000,4.8510966300,11306719
2019-11-06 11:30:00,4.8510966300,4.9567319000,4.8429708400,4.9567319000,28658421
2019-11-06 14:00:00,4.9567319000,4.9892350600,4.9323545300,4.9567319000,17567518
2019-11-06 15:00:00,4.9486061100,4.9567319000,4.8998513700,4.9161029500,12360808
2019-11-07 10:30:00,4.9323545300,4.9567319000,4.8998513700,4.9404803200,10261935
2019-11-07 11:30:00,4.9404803200,4.9486061100,4.8998513700,4.8998513700,5759582
2019-11-07 14:00:00,4.8998513700,4.9242287400,4.8998513700,4.9079771600,4495615
2019-11-07 15:00:00,4.9079771600,4.9404803200,4.9079771600,4.9404803200,8366632
2019-11-08 10:30:00,4.9729834800,4.9811092700,4.9079771600,4.9242287400,8518930
2019-11-08 11:30:00,4.9242287400,4.9567319000,4.9079771600,4.9486061100,4288403
2019-11-08 14:00:00,4.9486061100,4.9486061100,4.9161029500,4.9242287400,5460030
2019-11-08 15:00:00,4.9242287400,4.9323545300,4.8510966300,4.8510966300,12590703
2019-11-11 10:30:00,4.8754740000,4.8835997900,4.7535871500,4.7698387300,15242440
2019-11-11 11:30:00,4.7698387300,4.7860903100,4.7292097800,4.7617129400,10064525
2019-11-11 14:00:00,4.7617129400,4.7698387300,4.7373355700,4.7373355700,5832690
2019-11-11 15:00:00,4.7373355700,4.7535871500,4.6967066200,4.7048324100,11745389
2019-11-12 10:30:00,4.7210839900,4.7535871500,4.7048324100,4.7292097800,9101729
2019-11-12 11:30:00,4.7292097800,4.7535871500,4.7129582000,4.7373355700,4151209
2019-11-12 14:00:00,4.7373355700,4.7860903100,4.7373355700,4.7860903100,5984927
2019-11-12 15:00:00,4.7779645200,4.8023418900,4.7617129400,4.7779645200,6334877
2019-11-13 10:30:00,4.8185934700,4.8267192600,4.7617129400,4.8023418900,9188233
2019-11-13 11:30:00,4.7942161000,4.8104676800,4.7698387300,4.7860903100,3945060
2019-11-13 14:00:00,4.7860903100,4.8023418900,4.7698387300,4.7942161000,4346981
2019-11-13 15:00:00,4.7942161000,4.8348450500,4.7779645200,4.8185934700,7217272
2019-11-14 10:30:00,4.8510966300,4.9892350600,4.8429708400,4.9648576900,34660079
2019-11-14 11:30:00,4.9729834800,5.0054866400,4.9323545300,4.9404803200,13847286
2019-11-14 14:00:00,4.9404803200,4.9486061100,4.9242287400,4.9486061100,5377322
2019-11-14 15:00:00,4.9404803200,4.9486061100,4.9079771600,4.9242287400,15433770
2019-11-15 10:30:00,4.9648576900,4.9811092700,4.9079771600,4.9323545300,10452478
2019-11-15 11:30:00,4.9323545300,4.9648576900,4.8917255800,4.9079771600,9797587
2019-11-15 14:00:00,4.9079771600,4.9242287400,4.8917255800,4.8917255800,4372012
2019-11-15 15:00:00,4.8917255800,4.8998513700,4.8510966300,4.8673482100,10088638
2019-11-18 10:30:00,4.8510966300,4.9729834800,4.8348450500,4.9079771600,15495080
2019-11-18 11:30:00,4.9079771600,4.9567319000,4.8998513700,4.9486061100,5158430
2019-11-18 14:00:00,4.9486061100,4.9729834800,4.9323545300,4.9486061100,9483248
2019-11-18 15:00:00,4.9486061100,4.9729834800,4.9323545300,4.9729834800,18057135
2019-11-19 10:30:00,5.0054866400,5.0136124300,4.9486061100,4.9811092700,14228227
2019-11-19 11:30:00,4.9729834800,4.9973608500,4.9729834800,4.9811092700,10511833
2019-11-19 14:00:00,4.9811092700,4.9892350600,4.9729834800,4.9729834800,5563090
2019-11-19 15:00:00,4.9729834800,4.9973608500,4.9729834800,4.9973608500,11293465
2019-11-20 10:30:00,5.0054866400,5.0054866400,4.9404803200,4.9567319000,12163729
2019-11-20 11:30:00,4.9567319000,4.9648576900,4.9323545300,4.9567319000,5177571
2019-11-20 14:00:00,4.9567319000,4.9567319000,4.9404803200,4.9567319000,3311380
2019-11-20 15:00:00,4.9567319000,4.9567319000,4.9079771600,4.9242287400,10601839
2019-11-21 10:30:00,4.9079771600,4.9161029500,4.8429708400,4.8917255800,11951732
2019-11-21 11:30:00,4.8917255800,4.8998513700,4.8673482100,4.8754740000,3973301
2019-11-21 14:00:00,4.8754740000,4.8917255800,4.8592224200,4.8917255800,4342410
2019-11-21 15:00:00,4.8917255800,4.8917255800,4.8673482100,4.8673482100,5078069
2019-11-22 10:30:00,4.8917255800,4.9486061100,4.8673482100,4.9079771600,7477463
2019-11-22 11:30:00,4.9079771600,4.9079771600,4.8267192600,4.8429708400,5965500
2019-11-22 14:00:00,4.8348450500,4.8917255800,4.7779645200,4.8185934700,11555735
2019-11-22 15:00:00,4.8104676800,4.8267192600,4.7860903100,4.8185934700,8679862
2019-11-25 10:30:00,4.8104676800,4.9161029500,4.8023418900,4.9079771600,11239022
2019-11-25 11:30:00,4.9079771600,4.9161029500,4.8429708400,4.8510966300,5249410
2019-11-25 14:00:00,4.8510966300,4.9404803200,4.8510966300,4.9323545300,7837258
2019-11-25 15:00:00,4.9323545300,4.9567319000,4.8998513700,4.9567319000,12177078
2019-11-26 10:30:00,4.9404803200,4.9567319000,4.8754740000,4.8917255800,10727880
2019-11-26 11:30:00,4.8917255800,4.8998513700,4.8754740000,4.8917255800,4856373
2019-11-26 14:00:00,4.8917255800,4.9323545300,4.8754740000,4.9242287400,5609463
2019-11-26 15:00:00,4.9242287400,4.9648576900,4.9161029500,4.9648576900,22908386
2019-11-27 10:30:00,4.9242287400,4.9648576900,4.8835997900,4.9567319000,12443006
2019-11-27 11:30:00,4.9567319000,4.9892350600,4.9323545300,4.9811092700,11177972
2019-11-27 14:00:00,4.9811092700,4.9892350600,4.9323545300,4.9404803200,5846432
2019-11-27 15:00:00,4.9323545300,4.9567319000,4.9161029500,4.9242287400,6060986
2019-11-28 10:30:00,4.9567319000,4.9729834800,4.8754740000,4.8754740000,10982327
2019-11-28 11:30:00,4.8754740000,4.8917255800,4.8592224200,4.8754740000,7127186
2019-11-28 14:00:00,4.8754740000,4.8835997900,4.8592224200,4.8673482100,4996317
2019-11-28 15:00:00,4.8673482100,4.8673482100,4.8510966300,4.8592224200,6068143
2019-11-29 10:30:00,4.8592224200,4.9242287400,4.8348450500,4.8510966300,6990963
2019-11-29 11:30:00,4.8510966300,4.8510966300,4.8185934700,4.8267192600,4443400
2019-11-29 14:00:00,4.8267192600,4.8429708400,4.8104676800,4.8267192600,4898409
2019-11-29 15:00:00,4.8348450500,4.8429708400,4.8185934700,4.8348450500,5631417
2019-12-02 10:30:00,4.8429708400,4.8917255800,4.8267192600,4.8754740000,8822610
2019-12-02 11:30:00,4.8673482100,4.8835997900,4.8429708400,4.8510966300,5059504
2019-12-02 14:00:00,4.8510966300,4.8510966300,4.8104676800,4.8104676800,7896500
2019-12-02 15:00:00,4.8185934700,4.8510966300,4.8023418900,4.8429708400,5278101
2019-12-03 10:30:00,4.8185934700,4.8429708400,4.7779645200,4.8023418900,9513333
2019-12-03 11:30:00,4.8023418900,4.8267192600,4.7779645200,4.8267192600,5152958
2019-12-03 14:00:00,4.8267192600,4.8510966300,4.8185934700,4.8348450500,3727599
2019-12-03 15:00:00,4.8429708400,4.8673482100,4.8267192600,4.8673482100,5602986
2019-12-04 10:30:00,4.8510966300,4.8510966300,4.8104676800,4.8348450500,6474587
2019-12-04 11:30:00,4.8348450500,4.8429708400,4.8185934700,4.8348450500,3542360
2019-12-04 14:00:00,4.8348450500,4.8510966300,4.8185934700,4.8429708400,2975300
2019-12-04 15:00:00,4.8429708400,4.8510966300,4.8267192600,4.8348450500,4774723
2019-12-05 10:30:00,4.8592224200,4.9404803200,4.8185934700,4.9323545300,16219597
2019-12-05 11:30:00,4.9404803200,4.9567319000,4.8917255800,4.8917255800,9281060
2019-12-05 14:00:00,4.8917255800,4.9079771600,4.8835997900,4.8998513700,4882639
2019-12-05 15:00:00,4.8917255800,4.9079771600,4.8917255800,4.9079771600,6077572
2019-12-06 10:30:00,4.8835997900,4.9323545300,4.8835997900,4.8998513700,10350653
2019-12-06 11:30:00,4.8917255800,4.9161029500,4.8673482100,4.9079771600,6579285
2019-12-06 14:00:00,4.9161029500,4.9161029500,4.8754740000,4.8917255800,3794452
2019-12-06 15:00:00,4.8917255800,4.8998513700,4.8673482100,4.8917255800,10978298
2019-12-09 10:30:00,4.9161029500,4.9323545300,4.8754740000,4.8998513700,7973151
2019-12-09 11:30:00,4.8998513700,4.9079771600,4.8754740000,4.8917255800,6448685
2019-12-09 14:00:00,4.8917255800,4.8917255800,4.8754740000,4.8835997900,3927700
2019-12-09 15:00:00,4.8754740000,4.8998513700,4.8592224200,4.8998513700,5446850
2019-12-10 10:30:00,4.8917255800,4.8998513700,4.8592224200,4.8835997900,7407560
2019-12-10 11:30:00,4.8754740000,4.8917255800,4.8673482100,4.8917255800,5801656
2019-12-10 14:00:00,4.8917255800,4.8917255800,4.8754740000,4.8754740000,4278930
2019-12-10 15:00:00,4.8754740000,4.8998513700,4.8754740000,4.8917255800,8260439
2019-12-11 10:30:00,4.9079771600,5.1354992800,4.8998513700,5.0623671700,62880629
2019-12-11 11:30:00,5.0542413800,5.1517508600,5.0542413800,5.1436250700,37855353
2019-12-11 14:00:00,5.1517508600,5.2167571800,5.1354992800,5.1923798100,27185454
2019-12-11 15:00:00,5.1923798100,5.2005056000,5.1517508600,5.1842540200,19968939
2019-12-12 10:30:00,5.2005056000,5.2086313900,5.1029961200,5.1192477000,32743557
2019-12-12 11:30:00,5.1192477000,5.1436250700,5.1029961200,5.1192477000,9615047
2019-12-12 14:00:00,5.1192477000,5.1273734900,5.1111219100,5.1192477000,8819122
2019-12-12 15:00:00,5.1192477000,5.1354992800,5.1029961200,5.1111219100,11832175
2019-12-13 10:30:00,5.1354992800,5.1761282300,5.0704929600,5.1111219100,20099515
2019-12-13 11:30:00,5.1192477000,5.1192477000,5.0786187500,5.1029961200,10268227
2019-12-13 14:00:00,5.1029961200,5.1111219100,5.0623671700,5.0948703300,12924479
2019-12-13 15:00:00,5.0948703300,5.1436250700,5.0948703300,5.1354992800,19936352
2019-12-16 10:30:00,5.1680024400,5.1842540200,5.0704929600,5.0786187500,15570535
2019-12-16 11:30:00,5.0786187500,5.1273734900,5.0623671700,5.1192477000,8992977
2019-12-16 14:00:00,5.1111219100,5.1192477000,5.0786187500,5.0867445400,11632600
2019-12-16 15:00:00,5.0948703300,5.1192477000,5.0867445400,5.1192477000,10480790
2019-12-17 10:30:00,5.1436250700,5.1517508600,5.0948703300,5.1029961200,14741350
2019-12-17 11:30:00,5.1029961200,5.1517508600,5.0948703300,5.1517508600,13732770
2019-12-17 14:00:00,5.1436250700,5.2005056000,5.1436250700,5.1598766500,13344526
2019-12-17 15:00:00,5.1680024400,5.1761282300,5.1436250700,5.1680024400,11349519
2019-12-18 10:30:00,5.2086313900,5.2167571800,5.1517508600,5.1598766500,14388057
2019-12-18 11:30:00,5.1598766500,5.1923798100,5.1517508600,5.1842540200,5866871
2019-12-18 14:00:00,5.1842540200,5.2736377100,5.1761282300,5.2411345500,21835459
2019-12-18 15:00:00,5.2411345500,5.2411345500,5.2086313900,5.2411345500,10957591
2019-12-19 10:30:00,5.2411345500,5.3061408700,5.2086313900,5.2736377100,16372126
2019-12-19 11:30:00,5.2817635000,5.2817635000,5.2492603400,5.2573861300,8105723
2019-12-19 14:00:00,5.2655119200,5.2655119200,5.2167571800,5.2411345500,7068750
2019-12-19 15:00:00,5.2411345500,5.2817635000,5.2330087600,5.2736377100,10329353
2019-12-20 10:30:00,5.2330087600,5.2817635000,5.2086313900,5.2817635000,12928944
2019-12-20 11:30:00,5.2817635000,5.2817635000,5.2492603400,5.2573861300,4897803
2019-12-20 14:00:00,5.2573861300,5.2655119200,5.2005056000,5.2167571800,10247057
2019-12-20 15:00:00,5.2248829700,5.2411345500,5.2086313900,5.2086313900,8696146
2019-12-23 10:30:00,5.2086313900,5.3630214000,5.2005056000,5.3386440300,20481462
2019-12-23 11:30:00,5.3386440300,5.3467698200,5.2898892900,5.3223924500,8680840
2019-12-23 14:00:00,5.3223924500,5.3223924500,5.2330087600,5.2411345500,7671807
2019-12-23 15:00:00,5.2411345500,5.2573861300,5.1598766500,5.1923798100,15212782
2019-12-24 10:30:00,5.1923798100,5.2411345500,5.1842540200,5.2005056000,9969040
2019-12-24 11:30:00,5.1923798100,5.2248829700,5.1923798100,5.2086313900,4736685
2019-12-24 14:00:00,5.2248829700,5.2248829700,5.2005056000,5.2086313900,4215670
2019-12-24 15:00:00,5.2086313900,5.2248829700,5.1923798100,5.2248829700,6970745
2019-12-25 10:30:00,5.2248829700,5.3223924500,5.2005056000,5.2736377100,11444727
2019-12-25 11:30:00,5.2736377100,5.2817635000,5.2492603400,5.2817635000,4136820
2019-12-25 14:00:00,5.2817635000,5.3223924500,5.2736377100,5.2736377100,8863559
2019-12-25 15:00:00,5.2736377100,5.3061408700,5.2573861300,5.3061408700,8458616
2019-12-26 10:30:00,5.3142666600,5.3548956100,5.2898892900,5.3386440300,10686207
2019-12-26 11:30:00,5.3467698200,5.3467698200,5.2817635000,5.2817635000,5759400
2019-12-26 14:00:00,5.2817635000,5.2980150800,5.2492603400,5.2573861300,6599501
2019-12-26 15:00:00,5.2573861300,5.3061408700,5.2492603400,5.2980150800,9266765
2019-12-27 10:30:00,5.2980150800,5.3467698200,5.2898892900,5.3305182400,11966249
2019-12-27 11:30:00,5.3305182400,5.3386440300,5.2980150800,5.3142666600,6583400
2019-12-27 14:00:00,5.3142666600,5.3467698200,5.2898892900,5.3223924500,9008177
2019-12-27 15:00:00,5.3223924500,5.3305182400,5.2898892900,5.3142666600,10264699
2019-12-30 10:30:00,5.3142666600,5.3792729800,5.2736377100,5.3711471900,19290420
2019-12-30 11:30:00,5.3711471900,5.3792729800,5.3386440300,5.3548956100,9932671
2019-12-30 14:00:00,5.3548956100,5.3711471900,5.3305182400,5.3467698200,10817131
2019-12-30 15:00:00,5.3386440300,5.3467698200,5.3223924500,5.3467698200,9704566
2019-12-31 10:30:00,5.3630214000,5.4117761400,5.3467698200,5.3792729800,14355577
2019-12-31 11:30:00,5.3792729800,5.3873987700,5.3630214000,5.3792729800,5789367
2019-12-31 14:00:00,5.3792729800,5.4036503500,5.3548956100,5.4036503500,6542822
2019-12-31 15:00:00,5.3955245600,5.4280277200,5.3873987700,5.4280277200,14208985
2020-01-02 10:30:00,5.4849082500,5.6392982600,5.4605308800,5.5986693100,34885798
2020-01-02 11:30:00,5.5986693100,5.5986693100,5.5661661500,5.5824177300,9788702
2020-01-02 14:00:00,5.5824177300,5.5824177300,5.5092856200,5.5661661500,10923780
2020-01-02 15:00:00,5.5661661500,5.6067951000,5.5336629900,5.5824177300,16430934
2020-01-03 10:30:00,5.6067951000,5.6230466800,5.5336629900,5.5742919400,13814298
2020-01-03 11:30:00,5.5742919400,5.5824177300,5.5499145700,5.5661661500,5887828
2020-01-03 14:00:00,5.5661661500,5.5661661500,5.5499145700,5.5580403600,4989410
2020-01-03 15:00:00,5.5580403600,5.5742919400,5.5499145700,5.5580403600,6847976
2020-01-06 10:30:00,5.5174114100,5.5580403600,5.4849082500,5.5417887800,12839056
2020-01-06 11:30:00,5.5417887800,5.5742919400,5.5336629900,5.5580403600,6453230
2020-01-06 14:00:00,5.5580403600,5.5580403600,5.4605308800,5.4849082500,13333456
2020-01-06 15:00:00,5.4767824600,5.4849082500,5.3386440300,5.4036503500,27706233
2020-01-07 10:30:00,5.4036503500,5.4686566700,5.3955245600,5.4361535100,11527803
2020-01-07 11:30:00,5.4361535100,5.4442793000,5.3955245600,5.3955245600,6526480
2020-01-07 14:00:00,5.3955245600,5.4361535100,5.3955245600,5.4280277200,7757315
2020-01-07 15:00:00,5.4280277200,5.4361535100,5.4036503500,5.4280277200,8438671
2020-01-08 10:30:00,5.4117761400,5.4117761400,5.3467698200,5.3548956100,12903372
2020-01-08 11:30:00,5.3548956100,5.4036503500,5.3467698200,5.3792729800,6174161
2020-01-08 14:00:00,5.3792729800,5.3873987700,5.3223924500,5.3223924500,6697048
2020-01-08 15:00:00,5.3223924500,5.3386440300,5.2980150800,5.3223924500,9754769
2020-01-09 10:30:00,5.3711471900,5.4199019300,5.3630214000,5.3711471900,12868825
2020-01-09 11:30:00,5.3630214000,5.3792729800,5.3467698200,5.3548956100,7163106
2020-01-09 14:00:00,5.3548956100,5.3873987700,5.3548956100,5.3792729800,4987766
2020-01-09 15:00:00,5.3792729800,5.4036503500,5.3792729800,5.4036503500,9396739
2020-01-10 10:30:00,5.4117761400,5.4280277200,5.3467698200,5.3548956100,10224977
2020-01-10 11:30:00,5.3548956100,5.3955245600,5.3467698200,5.3792729800,4867033
2020-01-10 14:00:00,5.3792729800,5.4199019300,5.3630214000,5.4117761400,7244740
2020-01-10 15:00:00,5.4117761400,5.4361535100,5.4036503500,5.4199019300,12567662
2020-01-13 10:30:00,5.4361535100,5.4524050900,5.3711471900,5.3792729800,11540380
2020-01-13 11:30:00,5.3711471900,5.3792729800,5.3305182400,5.3386440300,12323127
2020-01-13 14:00:00,5.3386440300,5.3792729800,5.3386440300,5.3711471900,7516319
2020-01-13 15:00:00,5.3792729800,5.4036503500,5.3548956100,5.4036503500,8340043
2020-01-14 10:30:00,5.4117761400,5.4524050900,5.3955245600,5.4199019300,10539885
2020-01-14 11:30:00,5.4199019300,5.4199019300,5.3955245600,5.3955245600,5803190
2020-01-14 14:00:00,5.3955245600,5.4117761400,5.3792729800,5.4117761400,4798678
2020-01-14 15:00:00,5.4036503500,5.4117761400,5.3873987700,5.4036503500,6716190
2020-01-15 10:30:00,5.3955245600,5.3955245600,5.2980150800,5.3223924500,14353746
2020-01-15 11:30:00,5.3223924500,5.3305182400,5.2980150800,5.3223924500,5893860
2020-01-15 14:00:00,5.3223924500,5.3386440300,5.3142666600,5.3386440300,2748070
2020-01-15 15:00:00,5.3305182400,5.3630214000,5.3223924500,5.3467698200,8597581
2020-01-16 10:30:00,5.3548956100,5.4605308800,5.3548956100,5.3548956100,22728095
2020-01-16 11:30:00,5.3548956100,5.4280277200,5.3467698200,5.4280277200,10489495
2020-01-16 14:00:00,5.4280277200,5.4605308800,5.4199019300,5.4280277200,17541958
2020-01-16 15:00:00,5.4280277200,5.4361535100,5.3873987700,5.4117761400,8985591
2020-01-17 10:30:00,5.4280277200,5.5092856200,5.4117761400,5.4930340400,15137135
2020-01-17 11:30:00,5.4930340400,5.5661661500,5.4849082500,5.5499145700,14822294
2020-01-17 14:00:00,5.5499145700,5.5499145700,5.5011598300,5.5417887800,10024948
2020-01-17 15:00:00,5.5417887800,5.5824177300,5.5336629900,5.5824177300,19017715
2020-01-20 10:30:00,5.5824177300,5.5986693100,5.5011598300,5.5255372000,16864965
2020-01-20 11:30:00,5.5174114100,5.5336629900,5.5092856200,5.5255372000,8571442
2020-01-20 14:00:00,5.5255372000,5.5336629900,5.5092856200,5.5336629900,6254046
2020-01-20 15:00:00,5.5255372000,5.5742919400,5.5255372000,5.5742919400,7474215
2020-01-21 10:30:00,5.5742919400,5.5824177300,5.3711471900,5.4036503500,20505805
2020-01-21 11:30:00,5.3955245600,5.3955245600,5.3548956100,5.3792729800,12035414
2020-01-21 14:00:00,5.3873987700,5.3873987700,5.3305182400,5.3467698200,11161105
2020-01-21 15:00:00,5.3467698200,5.3630214000,5.3223924500,5.3223924500,10641000
2020-01-22 10:30:00,5.2980150800,5.3142666600,5.1029961200,5.2411345500,22918458
2020-01-22 11:30:00,5.2330087600,5.3467698200,5.2086313900,5.3386440300,8836974
2020-01-22 14:00:00,5.3305182400,5.4117761400,5.3305182400,5.4117761400,10938020
2020-01-22 15:00:00,5.4117761400,5.4361535100,5.3955245600,5.4117761400,11509000
2020-01-23 10:30:00,5.3061408700,5.3548956100,5.2817635000,5.3061408700,10123841
2020-01-23 11:30:00,5.2980150800,5.3061408700,5.2167571800,5.2411345500,8995740
2020-01-23 14:00:00,5.2411345500,5.2411345500,5.1273734900,5.1273734900,14251531
2020-01-23 15:00:00,5.1273734900,5.1598766500,5.0623671700,5.1192477000,12928753
2020-02-03 10:30:00,4.6073229300,4.6073229300,4.6073229300,4.6073229300,13613800
2020-02-03 11:30:00,4.6073229300,4.6073229300,4.6073229300,4.6073229300,775900
2020-02-03 14:00:00,4.6073229300,4.6073229300,4.6073229300,4.6073229300,745500
2020-02-03 15:00:00,4.6073229300,4.6073229300,4.6073229300,4.6073229300,1260500
2020-02-04 10:30:00,4.3554234400,4.6642034600,4.3554234400,4.6642034600,32422272
2020-02-04 11:30:00,4.6560776700,4.6642034600,4.5991971400,4.6560776700,16599032
2020-02-04 14:00:00,4.6560776700,4.7779645200,4.6479518800,4.7617129400,16113135
2020-02-04 15:00:00,4.7617129400,4.7860903100,4.7292097800,4.7454613600,15391207
2020-02-05 10:30:00,4.7210839900,4.9079771600,4.7210839900,4.8754740000,19848637
2020-02-05 11:30:00,4.8754740000,4.8998513700,4.8348450500,4.8429708400,8724475
2020-02-05 14:00:00,4.8348450500,4.8592224200,4.7535871500,4.7535871500,9757103
2020-02-05 15:00:00,4.7535871500,4.7779645200,4.7292097800,4.7454613600,9583757
2020-02-06 10:30:00,4.7617129400,4.7942161000,4.6723292500,4.7779645200,13475937
2020-02-06 11:30:00,4.7698387300,4.8104676800,4.7698387300,4.8023418900,6916791
2020-02-06 14:00:00,4.8104676800,4.8917255800,4.7942161000,4.8754740000,11336423
2020-02-06 15:00:00,4.8754740000,4.9161029500,4.8348450500,4.8592224200,13274170
2020-02-07 10:30:00,4.8348450500,4.8917255800,4.8023418900,4.8673482100,10356451
2020-02-07 11:30:00,4.8835997900,4.8835997900,4.8104676800,4.8267192600,9139342
2020-02-07 14:00:00,4.8348450500,4.8429708400,4.8104676800,4.8348450500,8406856
2020-02-07 15:00:00,4.8348450500,4.8673482100,4.8267192600,4.8510966300,8761918
2020-02-10 10:30:00,4.8429708400,4.9567319000,4.8023418900,4.9404803200,14408913
2020-02-10 11:30:00,4.9486061100,5.0379898000,4.9404803200,4.9567319000,11579565
2020-02-10 14:00:00,4.9567319000,5.0786187500,4.9567319000,5.0704929600,9922705
2020-02-10 15:00:00,5.0623671700,5.1029961200,5.0379898000,5.0542413800,11159421
2020-02-11 10:30:00,5.0379898000,5.1598766500,5.0217382200,5.1354992800,13308470
2020-02-11 11:30:00,5.1354992800,5.1680024400,5.0786187500,5.1192477000,8634032
2020-02-11 14:00:00,5.1192477000,5.1273734900,5.0623671700,5.1029961200,7080019
2020-02-11 15:00:00,5.0948703300,5.1111219100,5.0542413800,5.0786187500,6411435
2020-02-12 10:30:00,5.0379898000,5.1111219100,5.0298640100,5.0623671700,6566243
2020-02-12 11:30:00,5.0623671700,5.0704929600,5.0136124300,5.0461155900,5721298
2020-02-12 14:00:00,5.0542413800,5.0623671700,5.0217382200,5.0217382200,8225916
2020-02-12 15:00:00,5.0217382200,5.0542413800,5.0136124300,5.0461155900,10925014
2020-02-13 10:30:00,5.0217382200,5.0948703300,5.0054866400,5.0786187500,14171953
2020-02-13 11:30:00,5.0786187500,5.2005056000,5.0623671700,5.1517508600,16964356
2020-02-13 14:00:00,5.1517508600,5.1517508600,5.0786187500,5.1111219100,12080275
2020-02-13 15:00:00,5.1029961200,5.1354992800,5.0786187500,5.1029961200,7111947
2020-02-14 10:30:00,5.0623671700,5.1273734900,5.0623671700,5.1029961200,6927041
2020-02-14 11:30:00,5.0948703300,5.1111219100,5.0786187500,5.1029961200,4666063
2020-02-14 14:00:00,5.1029961200,5.1192477000,5.0704929600,5.1029961200,4964890
2020-02-14 15:00:00,5.1029961200,5.1111219100,5.0461155900,5.1029961200,8640229
2020-02-17 10:30:00,5.1192477000,5.1842540200,5.0948703300,5.1517508600,8544349
2020-02-17 11:30:00,5.1517508600,5.2167571800,5.1436250700,5.1761282300,8585539
2020-02-17 14:00:00,5.1761282300,5.2005056000,5.1680024400,5.2005056000,5529126
2020-02-17 15:00:00,5.2005056000,5.2086313900,5.1761282300,5.2005056000,8865548
2020-02-18 10:30:00,5.2005056000,5.2167571800,5.1598766500,5.1680024400,8407004
2020-02-18 11:30:00,5.1680024400,5.1923798100,5.1273734900,5.1598766500,7159389
2020-02-18 14:00:00,5.1598766500,5.1842540200,5.1436250700,5.1680024400,4111100
2020-02-18 15:00:00,5.1680024400,5.1923798100,5.1598766500,5.1761282300,5767444
2020-02-19 10:30:00,5.1517508600,5.2330087600,5.1436250700,5.1761282300,8653196
2020-02-19 11:30:00,5.1761282300,5.1842540200,5.1436250700,5.1598766500,5390421
2020-02-19 14:00:00,5.1598766500,5.1842540200,5.1517508600,5.1598766500,4071013
2020-02-19 15:00:00,5.1598766500,5.1680024400,5.1436250700,5.1598766500,7078069
2020-02-20 10:30:00,5.1598766500,5.2248829700,5.1273734900,5.1680024400,13475157
2020-02-20 11:30:00,5.1680024400,5.1761282300,5.1273734900,5.1680024400,4858494
2020-02-20 14:00:00,5.1680024400,5.2005056000,5.1598766500,5.1923798100,6302493
2020-02-20 15:00:00,5.2005056000,5.2411345500,5.1842540200,5.2248829700,13931509
2020-02-21 10:30:00,5.2248829700,5.2736377100,5.2005056000,5.2492603400,10546003
2020-02-21 11:30:00,5.2573861300,5.2817635000,5.2330087600,5.2817635000,7160198
2020-02-21 14:00:00,5.2736377100,5.3305182400,5.2492603400,5.2655119200,9829923
2020-02-21 15:00:00,5.2736377100,5.2817635000,5.2573861300,5.2817635000,5789472
2020-02-24 10:30:00,5.2736377100,5.3305182400,5.1842540200,5.1923798100,15344289
2020-02-24 11:30:00,5.1923798100,5.2330087600,5.1761282300,5.2330087600,6681477
2020-02-24 14:00:00,5.2330087600,5.2573861300,5.2167571800,5.2411345500,7330633
2020-02-24 15:00:00,5.2330087600,5.2411345500,5.2005056000,5.2086313900,7450814
2020-02-25 10:30:00,5.0379898000,5.1680024400,5.0217382200,5.1517508600,17708138
2020-02-25 11:30:00,5.1517508600,5.2005056000,4.9892350600,5.0542413800,13806583
2020-02-25 14:00:00,5.0542413800,5.1029961200,5.0542413800,5.0948703300,5465648
2020-02-25 15:00:00,5.0948703300,5.1192477000,5.0623671700,5.0948703300,8505403
2020-02-26 10:30:00,5.0461155900,5.2167571800,5.0379898000,5.1680024400,23052990
2020-02-26 11:30:00,5.1761282300,5.2005056000,5.1598766500,5.1842540200,6759489
2020-02-26 14:00:00,5.1842540200,5.2330087600,5.1680024400,5.1761282300,10719088
2020-02-26 15:00:00,5.1761282300,5.1842540200,5.1192477000,5.1354992800,8093115
2020-02-27 10:30:00,5.1761282300,5.3873987700,5.1761282300,5.3061408700,36087934
2020-02-27 11:30:00,5.2980150800,5.3467698200,5.2898892900,5.3305182400,8604637
2020-02-27 14:00:00,5.3386440300,5.3467698200,5.2980150800,5.3305182400,10563202
2020-02-27 15:00:00,5.3223924500,5.3467698200,5.3142666600,5.3467698200,15849034
2020-02-28 10:30:00,5.2898892900,5.3467698200,5.2005056000,5.2248829700,30872179
2020-02-28 11:30:00,5.2330087600,5.2573861300,5.1192477000,5.1273734900,16476850
2020-02-28 14:00:00,5.1273734900,5.2005056000,5.0867445400,5.1761282300,9611503
2020-02-28 15:00:00,5.1761282300,5.1923798100,5.1029961200,5.1029961200,12289054
2020-03-02 10:30:00,5.1517508600,5.5661661500,5.1273734900,5.5092856200,54154954
2020-03-02 11:30:00,5.5092856200,5.5580403600,5.4442793000,5.4686566700,17998488
2020-03-02 14:00:00,5.4686566700,5.4849082500,5.4199019300,5.4442793000,10609356
2020-03-02 15:00:00,5.4361535100,5.5011598300,5.4280277200,5.4849082500,17160344
2020-03-03 10:30:00,5.5986693100,5.6474240500,5.4199019300,5.4524050900,37861801
2020-03-03 11:30:00,5.4686566700,5.4686566700,5.3955245600,5.4117761400,17009135
2020-03-03 14:00:00,5.4199019300,5.4199019300,5.2980150800,5.3142666600,21842301
2020-03-03 15:00:00,5.3142666600,5.4117761400,5.3061408700,5.4036503500,14131069
2020-03-04 10:30:00,5.3630214000,5.4280277200,5.2817635000,5.3305182400,22534498
2020-03-04 11:30:00,5.3305182400,5.3305182400,5.2817635000,5.3061408700,9838731
2020-03-04 14:00:00,5.3061408700,5.4361535100,5.3061408700,5.4036503500,15053813
2020-03-04 15:00:00,5.4117761400,5.4524050900,5.3873987700,5.4280277200,19591560
2020-03-05 10:30:00,5.4442793000,5.4767824600,5.3630214000,5.4117761400,20988762
2020-03-05 11:30:00,5.4199019300,5.4280277200,5.3711471900,5.3873987700,10804378
2020-03-05 14:00:00,5.3873987700,5.4442793000,5.3873987700,5.4117761400,8636314
2020-03-05 15:00:00,5.4117761400,5.4361535100,5.4117761400,5.4361535100,9932918
2020-03-06 10:30:00,5.3873987700,5.3873987700,5.2898892900,5.3142666600,18272129
2020-03-06 11:30:00,5.3142666600,5.3386440300,5.2736377100,5.3061408700,12269753
2020-03-06 14:00:00,5.3061408700,5.3386440300,5.2898892900,5.3061408700,7570121
2020-03-06 15:00:00,5.3142666600,5.3386440300,5.2817635000,5.3061408700,14372120
2020-03-09 10:30:00,5.2167571800,5.2248829700,5.0461155900,5.0786187500,31087919
2020-03-09 11:30:00,5.0786187500,5.0948703300,5.0379898000,5.0704929600,15608426
2020-03-09 14:00:00,5.0623671700,5.0786187500,5.0298640100,5.0786187500,9752230
2020-03-09 15:00:00,5.0704929600,5.1111219100,5.0217382200,5.0217382200,14848353
2020-03-10 10:30:00,4.9404803200,5.1029961200,4.9323545300,4.9811092700,21415739
2020-03-10 11:30:00,4.9811092700,5.0623671700,4.9161029500,5.0542413800,10766740
2020-03-10 14:00:00,5.0623671700,5.1192477000,5.0623671700,5.0704929600,12981919
2020-03-10 15:00:00,5.0786187500,5.0948703300,5.0623671700,5.0704929600,10400572
2020-03-11 10:30:00,5.0867445400,5.1029961200,5.0217382200,5.0379898000,13930521
2020-03-11 11:30:00,5.0379898000,5.0623671700,5.0217382200,5.0542413800,5546181
2020-03-11 14:00:00,5.0542413800,5.0623671700,4.9811092700,4.9892350600,10706333
2020-03-11 15:00:00,4.9973608500,5.0461155900,4.9811092700,4.9811092700,8300211
2020-03-12 10:30:00,4.9323545300,4.9323545300,4.7942161000,4.8348450500,21815852
2020-03-12 11:30:00,4.8348450500,4.8917255800,4.8185934700,4.8673482100,6461960
2020-03-12 14:00:00,4.8754740000,4.8998513700,4.8185934700,4.8429708400,7443360
2020-03-12 15:00:00,4.8348450500,4.8673482100,4.8185934700,4.8348450500,10269440
2020-03-13 10:30:00,4.4854360800,4.6642034600,4.4854360800,4.6642034600,24084356
2020-03-13 11:30:00,4.6560776700,4.6967066200,4.6154487200,4.6235745100,7292126
2020-03-13 14:00:00,4.6317003000,4.8510966300,4.6317003000,4.7454613600,10231176
2020-03-13 15:00:00,4.7373355700,4.7535871500,4.6967066200,4.7129582000,10903963
2020-03-16 10:30:00,4.7535871500,4.7779645200,4.5666939800,4.5748197700,20249672
2020-03-16 11:30:00,4.5748197700,4.6479518800,4.5585681900,4.5991971400,8641088
2020-03-16 14:00:00,4.5991971400,4.6073229300,4.5016876600,4.5016876600,14234115
2020-03-16 15:00:00,4.5016876600,4.5098134500,4.4041781800,4.4204297600,26092444
2020-03-17 10:30:00,4.4041781800,4.5260650300,4.3879266000,4.4448071300,26075708
2020-03-17 11:30:00,4.4529329200,4.5260650300,4.4448071300,4.5098134500,10009098
2020-03-17 14:00:00,4.5179392400,4.5423166100,4.4691845000,4.4854360800,8614867
2020-03-17 15:00:00,4.4854360800,4.5179392400,4.4691845000,4.5098134500,7561658
2020-03-18 10:30:00,4.5341908200,4.6560776700,4.5260650300,4.5748197700,21421177
2020-03-18 11:30:00,4.5748197700,4.6073229300,4.5585681900,4.5910713500,6855901
2020-03-18 14:00:00,4.5991971400,4.5991971400,4.4773102900,4.4935618700,12570947
2020-03-18 15:00:00,4.4854360800,4.5016876600,4.4285555500,4.4285555500,10888445
2020-03-19 10:30:00,4.4123039700,4.5910713500,4.4041781800,4.5260650300,25876861
2020-03-19 11:30:00,4.5179392400,4.5260650300,4.3472976500,4.4285555500,20312883
2020-03-19 14:00:00,4.4204297600,4.4448071300,4.2904171200,4.4285555500,21689752
2020-03-19 15:00:00,4.4285555500,4.4691845000,4.3798008100,4.4204297600,14119231
2020-03-20 10:30:00,4.4854360800,4.5666939800,4.4123039700,4.5179392400,21217690
2020-03-20 11:30:00,4.5179392400,4.5504424000,4.4773102900,4.4935618700,8545844
2020-03-20 14:00:00,4.5016876600,4.5341908200,4.4691845000,4.4935618700,9153723
2020-03-20 15:00:00,4.5016876600,4.5666939800,4.4935618700,4.5423166100,16085903
2020-03-23 10:30:00,4.4691845000,4.5585681900,4.4123039700,4.4854360800,18297398
2020-03-23 11:30:00,4.4854360800,4.5991971400,4.4773102900,4.5991971400,15912911
2020-03-23 14:00:00,4.5991971400,4.6073229300,4.5341908200,4.5423166100,6293901
2020-03-23 15:00:00,4.5423166100,4.5748197700,4.5098134500,4.5748197700,11115361
2020-03-24 10:30:00,4.6073229300,4.6885808300,4.5910713500,4.6317003000,25778886
2020-03-24 11:30:00,4.6317003000,4.6398260900,4.5585681900,4.5666939800,10851186
2020-03-24 14:00:00,4.5666939800,4.5910713500,4.5179392400,4.5748197700,10961237
2020-03-24 15:00:00,4.5829455600,4.6317003000,4.5666939800,4.6154487200,13835025
2020-03-25 10:30:00,4.7210839900,4.7617129400,4.6235745100,4.6317003000,23147011
2020-03-25 11:30:00,4.6317003000,4.6804550400,4.6073229300,4.6317003000,8958251
2020-03-25 14:00:00,4.6317003000,4.7210839900,4.6154487200,4.6885808300,11464586
2020-03-25 15:00:00,4.6885808300,4.7129582000,4.6479518800,4.6642034600,10918979
2020-03-26 10:30:00,4.6560776700,4.7292097800,4.6073229300,4.7048324100,19989359
2020-03-26 11:30:00,4.7129582000,4.7292097800,4.6885808300,4.6967066200,8968415
2020-03-26 14:00:00,4.6967066200,4.7210839900,4.6885808300,4.7048324100,5086869
2020-03-26 15:00:00,4.7048324100,4.7210839900,4.6967066200,4.7129582000,9387148
2020-03-27 10:30:00,4.7535871500,4.7860903100,4.7129582000,4.7698387300,12242000
2020-03-27 11:30:00,4.7698387300,4.8835997900,4.7617129400,4.8754740000,24889935
2020-03-27 14:00:00,4.8754740000,4.8754740000,4.8267192600,4.8592224200,9594531
2020-03-27 15:00:00,4.8592224200,4.8835997900,4.8185934700,4.8429708400,11910937
2020-03-30 10:30:00,4.7779645200,4.8592224200,4.7617129400,4.8348450500,16755493
2020-03-30 11:30:00,4.8348450500,4.8429708400,4.7942161000,4.8185934700,6545315
2020-03-30 14:00:00,4.8185934700,4.8673482100,4.8023418900,4.8267192600,8546960
2020-03-30 15:00:00,4.8267192600,4.8429708400,4.8023418900,4.8429708400,6089206
2020-03-31 10:30:00,4.7535871500,4.7779645200,4.6073229300,4.6804550400,36415141
2020-03-31 11:30:00,4.6723292500,4.6885808300,4.6398260900,4.6479518800,10597353
2020-03-31 14:00:00,4.6398260900,4.6560776700,4.6154487200,4.6317003000,10188452
2020-03-31 15:00:00,4.6235745100,4.6479518800,4.5991971400,4.6235745100,18541609
2020-04-01 10:30:00,4.5504424000,4.6479518800,4.5504424000,4.5910713500,15693600
2020-04-01 11:30:00,4.5910713500,4.6398260900,4.5748197700,4.5991971400,11550572
2020-04-01 14:00:00,4.6073229300,4.6317003000,4.5666939800,4.5666939800,7839785
2020-04-01 15:00:00,4.5829455600,4.5829455600,4.5341908200,4.5423166100,13333586
2020-04-02 10:30:00,4.5098134500,4.5504424000,4.4854360800,4.5260650300,11124234
2020-04-02 11:30:00,4.5260650300,4.5829455600,4.5179392400,4.5585681900,8138187
2020-04-02 14:00:00,4.5585681900,4.5748197700,4.5341908200,4.5666939800,5741292
2020-04-02 15:00:00,4.5585681900,4.6154487200,4.5585681900,4.5991971400,11442250
2020-04-03 10:30:00,4.6073229300,4.7048324100,4.5991971400,4.6560776700,14968401
2020-04-03 11:30:00,4.6560776700,4.6723292500,4.6317003000,4.6398260900,9718060
2020-04-03 14:00:00,4.6398260900,4.6560776700,4.6317003000,4.6398260900,5173036
2020-04-03 15:00:00,4.6479518800,4.6804550400,4.6317003000,4.6723292500,11007361
2020-04-07 10:30:00,4.7942161000,4.8998513700,4.7535871500,4.8429708400,33349468
2020-04-07 11:30:00,4.8429708400,4.9161029500,4.8429708400,4.8835997900,14450037
2020-04-07 14:00:00,4.8835997900,4.9404803200,4.8835997900,4.9161029500,12252656
2020-04-07 15:00:00,4.9161029500,4.9242287400,4.8998513700,4.9079771600,11907291
2020-04-08 10:30:00,4.9079771600,4.9486061100,4.8754740000,4.8998513700,17770595
2020-04-08 11:30:00,4.8998513700,4.9729834800,4.8998513700,4.9323545300,11159939
2020-04-08 14:00:00,4.9323545300,4.9567319000,4.9242287400,4.9323545300,6139211
2020-04-08 15:00:00,4.9404803200,4.9648576900,4.9242287400,4.9567319000,10892268
2020-04-09 10:30:00,4.9648576900,4.9892350600,4.9242287400,4.9404803200,8146241
2020-04-09 11:30:00,4.9404803200,4.9567319000,4.9323545300,4.9567319000,5344650
2020-04-09 14:00:00,4.9567319000,4.9648576900,4.9242287400,4.9648576900,6743479
2020-04-09 15:00:00,4.9648576900,4.9811092700,4.9567319000,4.9567319000,10215751
2020-04-10 10:30:00,5.0054866400,5.2167571800,4.9973608500,5.1680024400,40702676
2020-04-10 11:30:00,5.1761282300,5.1842540200,5.0623671700,5.0704929600,12223412
2020-04-10 14:00:00,5.0623671700,5.1273734900,5.0379898000,5.1192477000,12998496
2020-04-10 15:00:00,5.1192477000,5.1192477000,5.0623671700,5.0623671700,11984340
2020-04-13 10:30:00,5.1436250700,5.2817635000,5.1436250700,5.2573861300,41981137
2020-04-13 11:30:00,5.2655119200,5.3630214000,5.2573861300,5.3467698200,25581309
2020-04-13 14:00:00,5.3467698200,5.3467698200,5.2736377100,5.2898892900,10008312
2020-04-13 15:00:00,5.2898892900,5.3142666600,5.2330087600,5.2817635000,14850899
2020-04-14 10:30:00,5.3305182400,5.3955245600,5.2655119200,5.3305182400,28427956
2020-04-14 11:30:00,5.3386440300,5.3467698200,5.2817635000,5.2817635000,11002047
2020-04-14 14:00:00,5.2817635000,5.3223924500,5.2573861300,5.2898892900,18151619
2020-04-14 15:00:00,5.2817635000,5.3142666600,5.2736377100,5.3142666600,15399496
2020-04-15 10:30:00,5.3223924500,5.3386440300,5.1761282300,5.1923798100,24452906
2020-04-15 11:30:00,5.1923798100,5.2248829700,5.1842540200,5.2086313900,11219734
2020-04-15 14:00:00,5.2167571800,5.2248829700,5.1842540200,5.1923798100,7928421
2020-04-15 15:00:00,5.1842540200,5.2005056000,5.1436250700,5.2005056000,17983057
2020-04-16 10:30:00,5.1192477000,5.1923798100,5.1192477000,5.1598766500,12334390
2020-04-16 11:30:00,5.1680024400,5.1842540200,5.1436250700,5.1761282300,5213250
2020-04-16 14:00:00,5.1680024400,5.2005056000,5.1436250700,5.1680024400,7343978
2020-04-16 15:00:00,5.1761282300,5.1761282300,5.1436250700,5.1761282300,9826367
2020-04-17 10:30:00,5.1923798100,5.3386440300,5.1923798100,5.2817635000,26883638
2020-04-17 11:30:00,5.2817635000,5.2817635000,5.2167571800,5.2330087600,6378067
2020-04-17 14:00:00,5.2330087600,5.3142666600,5.2248829700,5.2655119200,13832814
2020-04-17 15:00:00,5.2736377100,5.2736377100,5.2086313900,5.2248829700,11103825
2020-04-20 10:30:00,5.2736377100,5.3305182400,5.2492603400,5.2980150800,18589219
2020-04-20 11:30:00,5.2980150800,5.3142666600,5.2655119200,5.2736377100,6814280
2020-04-20 14:00:00,5.2817635000,5.2817635000,5.2330087600,5.2411345500,5968680
2020-04-20 15:00:00,5.2330087600,5.2573861300,5.2248829700,5.2492603400,8411511
2020-04-21 10:30:00,5.2248829700,5.2492603400,5.1354992800,5.1761282300,11542953
2020-04-21 11:30:00,5.1680024400,5.1842540200,5.0948703300,5.1029961200,12564078
2020-04-21 14:00:00,5.1111219100,5.1436250700,5.0867445400,5.1111219100,13842490
2020-04-21 15:00:00,5.1111219100,5.1842540200,5.1111219100,5.1517508600,11203500
2020-04-22 10:30:00,5.1598766500,5.1680024400,5.0867445400,5.1273734900,9121605
2020-04-22 11:30:00,5.1354992800,5.1436250700,5.0786187500,5.1192477000,6351702
2020-04-22 14:00:00,5.1111219100,5.1517508600,5.1029961200,5.1273734900,5533830
2020-04-22 15:00:00,5.1354992800,5.1517508600,5.1192477000,5.1354992800,7702480
2020-04-23 10:30:00,5.1680024400,5.1923798100,5.0542413800,5.0786187500,14730392
2020-04-23 11:30:00,5.0786187500,5.0948703300,5.0379898000,5.0542413800,12799360
2020-04-23 14:00:00,5.0379898000,5.0867445400,5.0379898000,5.0704929600,13982559
2020-04-23 15:00:00,5.0704929600,5.0786187500,5.0217382200,5.0217382200,16468240
2020-04-24 10:30:00,5.0542413800,5.1517508600,5.0298640100,5.0379898000,18468550
2020-04-24 11:30:00,5.0379898000,5.0623671700,5.0217382200,5.0217382200,5847195
2020-04-24 14:00:00,5.0298640100,5.0461155900,4.9973608500,5.0054866400,6779400
2020-04-24 15:00:00,4.9973608500,5.0379898000,4.9973608500,5.0298640100,12686283
2020-04-27 10:30:00,5.0379898000,5.0623671700,4.9242287400,4.9811092700,16527119
2020-04-27 11:30:00,4.9811092700,5.0298640100,4.9729834800,5.0298640100,7408169
2020-04-27 14:00:00,5.0298640100,5.0786187500,5.0217382200,5.0623671700,9692238
2020-04-27 15:00:00,5.0542413800,5.0623671700,4.9973608500,5.0054866400,8141450
2020-04-28 10:30:00,5.0298640100,5.0542413800,4.9242287400,5.0054866400,12617482
2020-04-28 11:30:00,5.0054866400,5.0379898000,4.9973608500,5.0298640100,5959030
2020-04-28 14:00:00,5.0298640100,5.0786187500,4.9973608500,5.0786187500,6691346
2020-04-28 15:00:00,5.0786187500,5.0786187500,5.0217382200,5.0298640100,12643780
2020-04-29 10:30:00,5.0298640100,5.0867445400,4.9567319000,5.0704929600,11047031
2020-04-29 11:30:00,5.0704929600,5.0786187500,5.0298640100,5.0461155900,4835790
2020-04-29 14:00:00,5.0461155900,5.0542413800,5.0298640100,5.0298640100,4309500
2020-04-29 15:00:00,5.0298640100,5.0786187500,5.0298640100,5.0542413800,11010689
2020-04-30 10:30:00,5.1354992800,5.2167571800,5.1192477000,5.1436250700,23076516
2020-04-30 11:30:00,5.1517508600,5.1923798100,5.1354992800,5.1761282300,7549615
2020-04-30 14:00:00,5.1761282300,5.1923798100,5.1598766500,5.1761282300,6034774
2020-04-30 15:00:00,5.1761282300,5.2330087600,5.1680024400,5.2005056000,15482953
2020-05-06 10:30:00,5.1598766500,5.3061408700,5.1598766500,5.2736377100,32482117
2020-05-06 11:30:00,5.2736377100,5.3142666600,5.2411345500,5.2817635000,12988922
2020-05-06 14:00:00,5.2817635000,5.3061408700,5.2573861300,5.2980150800,13208975
2020-05-06 15:00:00,5.2980150800,5.3548956100,5.2898892900,5.3386440300,22079855
2020-05-07 10:30:00,5.3467698200,5.3873987700,5.2898892900,5.3630214000,18667917
2020-05-07 11:30:00,5.3630214000,5.4524050900,5.3630214000,5.4361535100,31483126
2020-05-07 14:00:00,5.4280277200,5.4605308800,5.3873987700,5.4524050900,18377796
2020-05-07 15:00:00,5.4524050900,5.4605308800,5.4199019300,5.4361535100,16352591
2020-05-08 10:30:00,5.4280277200,5.5986693100,5.4199019300,5.5742919400,38265946
2020-05-08 11:30:00,5.5742919400,5.6474240500,5.5336629900,5.6149208900,27554717
2020-05-08 14:00:00,5.6230466800,5.6392982600,5.5824177300,5.5986693100,13900505
2020-05-08 15:00:00,5.6067951000,5.6149208900,5.5905435200,5.6067951000,17807183
2020-05-11 10:30:00,5.6311724700,5.7205561600,5.6149208900,5.6718014200,40541672
2020-05-11 11:30:00,5.6718014200,5.7286819500,5.6636756300,5.6799272100,19529066
2020-05-11 14:00:00,5.6880530000,5.6880530000,5.6149208900,5.6392982600,14779140
2020-05-11 15:00:00,5.6392982600,5.6880530000,5.6230466800,5.6474240500,18702569
2020-05-12 10:30:00,5.6880530000,5.8018140600,5.6474240500,5.6636756300,40525654
2020-05-12 11:30:00,5.6555498400,5.7205561600,5.6230466800,5.6392982600,11440222
2020-05-12 14:00:00,5.6392982600,5.6880530000,5.6149208900,5.6555498400,11940599
2020-05-12 15:00:00,5.6474240500,5.6880530000,5.6230466800,5.6636756300,16457118
2020-05-13 10:30:00,5.6392982600,5.6799272100,5.5742919400,5.6718014200,19527572
2020-05-13 11:30:00,5.6718014200,5.6718014200,5.6230466800,5.6636756300,6695619
2020-05-13 14:00:00,5.6555498400,5.7124303700,5.6474240500,5.6880530000,14239892
2020-05-13 15:00:00,5.6880530000,5.6961787900,5.6555498400,5.6961787900,13480434
2020-05-14 10:30:00,5.6474240500,5.6799272100,5.5742919400,5.5905435200,21036660
2020-05-14 11:30:00,5.5905435200,5.6067951000,5.5742919400,5.6067951000,9147714
2020-05-14 14:00:00,5.6067951000,5.6230466800,5.5742919400,5.6067951000,10965231
2020-05-14 15:00:00,5.6067951000,5.6230466800,5.5824177300,5.5824177300,13819154
2020-05-15 10:30:00,5.6230466800,5.6636756300,5.5255372000,5.5499145700,20899633
2020-05-15 11:30:00,5.5417887800,5.5905435200,5.5336629900,5.5742919400,5703846
2020-05-15 14:00:00,5.5742919400,5.6067951000,5.5661661500,5.5905435200,7138820
2020-05-15 15:00:00,5.5905435200,5.6067951000,5.5417887800,5.5580403600,8561109
2020-05-18 10:30:00,5.6149208900,5.6392982600,5.5255372000,5.5986693100,13631996
2020-05-18 11:30:00,5.5986693100,5.6474240500,5.5824177300,5.5986693100,6901614
2020-05-18 14:00:00,5.6067951000,5.6067951000,5.5580403600,5.5905435200,6802046
2020-05-18 15:00:00,5.5905435200,5.6067951000,5.5417887800,5.5824177300,11177121
2020-05-19 10:30:00,5.6230466800,5.7286819500,5.5986693100,5.7124303700,22381871
2020-05-19 11:30:00,5.7043045800,5.7124303700,5.6636756300,5.6718014200,8644503
2020-05-19 14:00:00,5.6718014200,5.6880530000,5.6392982600,5.6392982600,9648827
2020-05-19 15:00:00,5.6392982600,5.6636756300,5.6230466800,5.6474240500,10303623
2020-05-20 10:30:00,5.6636756300,5.6718014200,5.5661661500,5.6149208900,16340357
2020-05-20 11:30:00,5.6067951000,5.6149208900,5.5336629900,5.5417887800,5852785
2020-05-20 14:00:00,5.5336629900,5.6067951000,5.5336629900,5.5824177300,7638650
2020-05-20 15:00:00,5.5742919400,5.5824177300,5.5336629900,5.5499145700,9593154
2020-05-21 10:30:00,5.5824177300,5.5986693100,5.4036503500,5.4117761400,17141563
2020-05-21 11:30:00,5.4036503500,5.4767824600,5.4036503500,5.4361535100,7915093
2020-05-21 14:00:00,5.4361535100,5.4686566700,5.3873987700,5.3955245600,9727900
2020-05-21 15:00:00,5.3955245600,5.4199019300,5.3711471900,5.3955245600,12127141
2020-05-22 10:30:00,5.3955245600,5.4117761400,5.2655119200,5.3223924500,19440204
2020-05-22 11:30:00,5.3223924500,5.3305182400,5.2736377100,5.2980150800,6007000
2020-05-22 14:00:00,5.2898892900,5.2980150800,5.1761282300,5.2005056000,16300345
2020-05-22 15:00:00,5.1923798100,5.2817635000,5.1923798100,5.2330087600,11079419
2020-05-25 10:30:00,5.2492603400,5.2817635000,5.2005056000,5.2573861300,11661466
2020-05-25 11:30:00,5.2655119200,5.3223924500,5.2492603400,5.2655119200,7144000
2020-05-25 14:00:00,5.2573861300,5.3061408700,5.2330087600,5.2573861300,6568585
2020-05-25 15:00:00,5.2573861300,5.2980150800,5.2492603400,5.2736377100,10018279
2020-05-26 10:30:00,5.2817635000,5.3305182400,5.2817635000,5.2980150800,14212906
2020-05-26 11:30:00,5.2980150800,5.2980150800,5.2411345500,5.2817635000,11764856
2020-05-26 14:00:00,5.2817635000,5.2980150800,5.2655119200,5.2655119200,8572812
2020-05-26 15:00:00,5.2736377100,5.2980150800,5.2655119200,5.2817635000,13525854
2020-05-27 10:30:00,5.2898892900,5.3142666600,5.1761282300,5.2005056000,15174848
2020-05-27 11:30:00,5.2005056000,5.2492603400,5.1598766500,5.2248829700,11225054
2020-05-27 14:00:00,5.2248829700,5.2492603400,5.1923798100,5.2248829700,4774645
2020-05-27 15:00:00,5.2330087600,5.2492603400,5.1761282300,5.2167571800,8681100
2020-05-28 10:30:00,5.2248829700,5.3305182400,5.2248829700,5.2411345500,15790985
2020-05-28 11:30:00,5.2411345500,5.2411345500,5.1598766500,5.1598766500,8513744
2020-05-28 14:00:00,5.1598766500,5.1923798100,5.1436250700,5.1598766500,7435686
2020-05-28 15:00:00,5.1598766500,5.2167571800,5.1598766500,5.2005056000,8625009
2020-05-29 10:30:00,5.1923798100,5.2330087600,5.1354992800,5.1436250700,20451405
2020-05-29 11:30:00,5.1354992800,5.1842540200,5.1192477000,5.1517508600,14248760
2020-05-29 14:00:00,5.1680024400,5.1842540200,5.1273734900,5.1842540200,6893296
2020-05-29 15:00:00,5.1761282300,5.2005056000,5.1680024400,5.1761282300,9289333
2020-06-01 10:30:00,5.2330087600,5.3061408700,5.2248829700,5.2573861300,22422551
2020-06-01 11:30:00,5.2573861300,5.3223924500,5.2411345500,5.3142666600,13588369
2020-06-01 14:00:00,5.3061408700,5.3467698200,5.2898892900,5.3305182400,11996869
2020-06-01 15:00:00,5.3305182400,5.3467698200,5.3142666600,5.3223924500,10562164
2020-06-02 10:30:00,5.3305182400,5.3630214000,5.2411345500,5.2573861300,19226405
2020-06-02 11:30:00,5.2573861300,5.2736377100,5.2411345500,5.2655119200,5833173
2020-06-02 14:00:00,5.2655119200,5.2980150800,5.2411345500,5.2898892900,7323534
2020-06-02 15:00:00,5.2898892900,5.2898892900,5.2573861300,5.2898892900,8867023
2020-06-03 10:30:00,5.3061408700,5.3955245600,5.2898892900,5.3630214000,18586182
2020-06-03 11:30:00,5.3711471900,5.3711471900,5.3305182400,5.3305182400,6468950
2020-06-03 14:00:00,5.3305182400,5.3548956100,5.2980150800,5.3061408700,8860855
2020-06-03 15:00:00,5.3061408700,5.3223924500,5.2330087600,5.2573861300,15388818
2020-06-04 10:30:00,5.2411345500,5.2736377100,5.2005056000,5.2248829700,12828072
2020-06-04 11:30:00,5.2248829700,5.2330087600,5.2005056000,5.2167571800,3642118
2020-06-04 14:00:00,5.2167571800,5.2248829700,5.2005056000,5.2005056000,5169962
2020-06-04 15:00:00,5.2005056000,5.2248829700,5.1923798100,5.2086313900,9938966
2020-06-05 10:30:00,5.2167571800,5.2411345500,5.1680024400,5.1761282300,7390651
2020-06-05 11:30:00,5.1761282300,5.1923798100,5.1517508600,5.1517508600,6402430
2020-06-05 14:00:00,5.1517508600,5.1680024400,5.1273734900,5.1598766500,5874887
2020-06-05 15:00:00,5.1598766500,5.1842540200,5.1517508600,5.1598766500,6311304
2020-06-08 10:30:00,5.2248829700,5.2411345500,5.1761282300,5.2005056000,19031685
2020-06-08 11:30:00,5.1923798100,5.2005056000,5.1517508600,5.1517508600,9462856
2020-06-08 14:00:00,5.1598766500,5.1680024400,5.1354992800,5.1680024400,5119942
2020-06-08 15:00:00,5.1680024400,5.1680024400,5.1273734900,5.1517508600,7323905
2020-06-09 10:30:00,5.1761282300,5.2330087600,5.1598766500,5.2005056000,14085042
2020-06-09 11:30:00,5.2005056000,5.2411345500,5.1923798100,5.2411345500,12510042
2020-06-09 14:00:00,5.2411345500,5.2492603400,5.2086313900,5.2248829700,8231365
2020-06-09 15:00:00,5.2248829700,5.2248829700,5.1761282300,5.2167571800,15018716
2020-06-10 10:30:00,5.2086313900,5.2167571800,5.1354992800,5.2005056000,16578387
2020-06-10 11:30:00,5.2005056000,5.2330087600,5.1761282300,5.2086313900,10376091
2020-06-10 14:00:00,5.2086313900,5.2248829700,5.1842540200,5.1923798100,6548717
2020-06-10 15:00:00,5.1923798100,5.1923798100,5.1680024400,5.1923798100,11586036
2020-06-11 10:30:00,5.1923798100,5.2655119200,5.1436250700,5.2655119200,25356295
2020-06-11 11:30:00,5.2655119200,5.2898892900,5.2411345500,5.2411345500,12596304
2020-06-11 14:00:00,5.2411345500,5.2492603400,5.1842540200,5.1842540200,12570756
2020-06-11 15:00:00,5.2005056000,5.2086313900,5.1598766500,5.2005056000,10521200
2020-06-12 10:30:00,5.1029961200,5.1111219100,5.0217382200,5.0461155900,28212736
2020-06-12 11:30:00,5.0461155900,5.0704929600,5.0379898000,5.0461155900,10445320
2020-06-12 14:00:00,5.0461155900,5.0542413800,5.0217382200,5.0461155900,15246535
2020-06-12 15:00:00,5.0379898000,5.0867445400,5.0379898000,5.0786187500,16051012
2020-06-15 10:30:00,5.0704929600,5.0867445400,5.0217382200,5.0786187500,11532194
2020-06-15 11:30:00,5.0786187500,5.0867445400,5.0542413800,5.0623671700,7225342
2020-06-15 14:00:00,5.0704929600,5.0704929600,5.0217382200,5.0298640100,8915347
2020-06-15 15:00:00,5.0217382200,5.0379898000,4.9811092700,4.9892350600,13094210
2020-06-16 10:30:00,5.0379898000,5.0867445400,5.0136124300,5.0461155900,16203354
2020-06-16 11:30:00,5.0542413800,5.1192477000,5.0461155900,5.0786187500,12067629
2020-06-16 14:00:00,5.0786187500,5.1598766500,5.0704929600,5.1436250700,15248478
2020-06-16 15:00:00,5.1436250700,5.2330087600,5.1354992800,5.2167571800,26573030
2020-06-17 10:30:00,5.2005056000,5.2411345500,5.1517508600,5.1680024400,14967688
2020-06-17 11:30:00,5.1598766500,5.1761282300,5.1354992800,5.1680024400,4913745
2020-06-17 14:00:00,5.1598766500,5.1842540200,5.1436250700,5.1680024400,4830613
2020-06-17 15:00:00,5.1598766500,5.2167571800,5.1517508600,5.2005056000,8579200
2020-06-18 10:30:00,5.2086313900,5.2086313900,5.1598766500,5.1923798100,8087176
2020-06-18 11:30:00,5.1842540200,5.2248829700,5.1680024400,5.2167571800,5011836
2020-06-18 14:00:00,5.2167571800,5.2248829700,5.1923798100,5.1923798100,6101412
2020-06-18 15:00:00,5.1923798100,5.2167571800,5.1761282300,5.2086313900,7867005
2020-06-19 10:30:00,5.2167571800,5.2573861300,5.1842540200,5.2248829700,10708006
2020-06-19 11:30:00,5.2167571800,5.2330087600,5.2086313900,5.2167571800,4921990
2020-06-19 14:00:00,5.2167571800,5.2248829700,5.1761282300,5.2248829700,8740389
2020-06-19 15:00:00,5.2248829700,5.2411345500,5.2086313900,5.2248829700,14665400
2020-06-22 10:30:00,5.2248829700,5.2330087600,5.1680024400,5.1842540200,12594798
2020-06-22 11:30:00,5.1923798100,5.1923798100,5.1680024400,5.1842540200,6014100
2020-06-22 14:00:00,5.1842540200,5.1842540200,5.1354992800,5.1436250700,9522379
2020-06-22 15:00:00,5.1517508600,5.1517508600,5.1192477000,5.1354992800,10636624
2020-06-23 10:30:00,5.1192477000,5.1761282300,5.0623671700,5.1761282300,14322129
2020-06-23 11:30:00,5.1761282300,5.1842540200,5.0786187500,5.1354992800,12469081
2020-06-23 14:00:00,5.1273734900,5.1273734900,5.0623671700,5.0704929600,19628138
2020-06-23 15:00:00,5.0786187500,5.0948703300,5.0704929600,5.0948703300,13280673
2020-06-24 10:30:00,5.0948703300,5.1436250700,5.0786187500,5.1029961200,10493558
2020-06-24 11:30:00,5.0948703300,5.1029961200,5.0542413800,5.0948703300,7243440
2020-06-24 14:00:00,5.0867445400,5.1029961200,5.0704929600,5.0704929600,5314642
2020-06-24 15:00:00,5.0704929600,5.1029961200,5.0704929600,5.0786187500,11966759
2020-06-29 10:30:00,5.0379898000,5.0786187500,5.0217382200,5.0786187500,10199925
2020-06-29 11:30:00,5.0786187500,5.0786187500,5.0298640100,5.0379898000,6924643
2020-06-29 14:00:00,5.0461155900,5.0623671700,5.0379898000,5.0542413800,4617091
2020-06-29 15:00:00,5.0623671700,5.0623671700,5.0298640100,5.0461155900,10189240
2020-06-30 10:30:00,5.0786187500,5.1761282300,5.0786187500,5.1680024400,15051364
2020-06-30 11:30:00,5.1680024400,5.2492603400,5.1517508600,5.2411345500,14717291
2020-06-30 14:00:00,5.2492603400,5.2492603400,5.1923798100,5.1923798100,9334376
2020-06-30 15:00:00,5.2005056000,5.2248829700,5.1517508600,5.2248829700,12551436
2020-07-01 10:30:00,5.2817635000,5.5174114100,5.2655119200,5.4605308800,52058129
2020-07-01 11:30:00,5.4686566700,5.6555498400,5.4605308800,5.5986693100,32065786
2020-07-01 14:00:00,5.5986693100,5.6718014200,5.5499145700,5.5986693100,31913917
2020-07-01 15:00:00,5.5905435200,5.6067951000,5.5661661500,5.6067951000,17160305
2020-07-02 10:30:00,5.6799272100,5.7449335300,5.6067951000,5.7286819500,54296904
2020-07-02 11:30:00,5.7286819500,5.7936882700,5.7205561600,5.7693109000,23513640
2020-07-02 14:00:00,5.7693109000,5.8749461700,5.7530593200,5.8018140600,43105556
2020-07-02 15:00:00,5.8018140600,5.8343172200,5.7855624800,5.8261914300,24115574
2020-07-03 10:30:00,5.8343172200,6.0699651300,5.8343172200,5.8993235400,53022230
2020-07-03 11:30:00,5.9074493300,5.9480782800,5.8018140600,5.8343172200,29889643
2020-07-03 14:00:00,5.8261914300,5.9074493300,5.8099398500,5.8180656400,23423691
2020-07-03 15:00:00,5.8180656400,5.8911977500,5.8018140600,5.8668203800,28332663
2020-07-06 10:30:00,6.0943425000,6.1105940800,5.8668203800,5.9237009100,71546198
2020-07-06 11:30:00,5.9155751200,5.9724556500,5.8749461700,5.9562040700,32382297
2020-07-06 14:00:00,5.9643298600,6.0212103900,5.8911977500,5.9480782800,33569575
2020-07-06 15:00:00,5.9480782800,5.9887072300,5.9399524900,5.9887072300,26579363
2020-07-07 10:30:00,6.1024682900,6.3381162000,6.1024682900,6.1756004000,68911871
2020-07-07 11:30:00,6.1756004000,6.3218646200,6.1268456600,6.3137388300,41442905
2020-07-07 14:00:00,6.2974872500,6.3137388300,6.2406067200,6.2974872500,30411886
2020-07-07 15:00:00,6.2974872500,6.3137388300,6.2406067200,6.2406067200,38917305
2020-07-08 10:30:00,6.1430972400,6.1918519800,6.0212103900,6.0699651300,48432307
2020-07-08 11:30:00,6.0618393400,6.1593488200,6.0537135500,6.1512230300,14445209
2020-07-08 14:00:00,6.1512230300,6.1674746100,6.1105940800,6.1512230300,18511996
2020-07-08 15:00:00,6.1512230300,6.2162293500,6.1512230300,6.1999777700,26029460
2020-07-09 10:30:00,6.1999777700,6.2568583000,6.1674746100,6.2162293500,31285502
2020-07-09 11:30:00,6.2081035600,6.2487325100,6.1837261900,6.2487325100,11968435
2020-07-09 14:00:00,6.2406067200,6.3056130400,6.2243551400,6.2406067200,21190403
2020-07-09 15:00:00,6.2406067200,6.2649840900,6.2081035600,6.2568583000,18251874
2020-07-10 10:30:00,6.2406067200,6.4437514700,6.1756004000,6.3706193600,38069051
2020-07-10 11:30:00,6.3624935700,6.3868709400,6.2893614600,6.3543677800,17335529
2020-07-10 14:00:00,6.3543677800,6.3706193600,6.3056130400,6.3137388300,12815305
2020-07-10 15:00:00,6.3137388300,6.3299904100,6.2243551400,6.2731098800,18923241
2020-07-13 10:30:00,6.2568583000,6.5331351600,6.2568583000,6.5250093700,39945622
2020-07-13 11:30:00,6.5250093700,6.5575125300,6.4762546300,6.5575125300,19055778
2020-07-13 14:00:00,6.5575125300,6.5818899000,6.5168835800,6.5168835800,20168811
2020-07-13 15:00:00,6.5168835800,6.5331351600,6.4437514700,6.5168835800,23675179
2020-07-14 10:30:00,6.4843804200,6.4843804200,6.3299904100,6.3381162000,34650915
2020-07-14 11:30:00,6.3381162000,6.3868709400,6.2568583000,6.3299904100,20600331
2020-07-14 14:00:00,6.3218646200,6.4031225200,6.2649840900,6.3056130400,17411987
2020-07-14 15:00:00,6.2974872500,6.4193741000,6.2731098800,6.3543677800,17620609
2020-07-15 10:30:00,6.6631478000,6.9312988700,6.5818899000,6.8337893900,88247327
2020-07-15 11:30:00,6.8337893900,6.8337893900,6.6793993800,6.7525314900,26310261
2020-07-15 14:00:00,6.7525314900,6.8256636000,6.7037767500,6.7931604400,21785750
2020-07-15 15:00:00,6.7931604400,6.8094120200,6.6956509600,6.7037767500,31015654
2020-07-16 10:30:00,6.8256636000,6.9556762400,6.7119025400,6.7850346500,51730588
2020-07-16 11:30:00,6.8094120200,6.8175378100,6.7119025400,6.7606572800,17554748
2020-07-16 14:00:00,6.7525314900,6.7606572800,6.5087577900,6.6468962200,26793928
2020-07-16 15:00:00,6.6387704300,6.6793993800,6.4843804200,6.5250093700,27780393
2020-07-17 10:30:00,6.5818899000,6.7525314900,6.5493867400,6.6306446400,43362324
2020-07-17 11:30:00,6.6468962200,6.6793993800,6.5250093700,6.5250093700,18137691
2020-07-17 14:00:00,6.5250093700,6.5981414800,6.4356256800,6.5087577900,25642645
2020-07-17 15:00:00,6.5168835800,6.6306446400,6.5168835800,6.6225188500,16730227
2020-07-20 10:30:00,6.7444057000,7.0694373000,6.7444057000,7.0694373000,67529472
2020-07-20 11:30:00,7.0694373000,7.2563304700,7.0044309800,7.2238273100,47369453
2020-07-20 14:00:00,7.2157015200,7.2888336300,7.1181920400,7.1344436200,33561120
2020-07-20 15:00:00,7.1344436200,7.2888336300,7.1100662500,7.2400788900,28951827
2020-07-21 10:30:00,7.2807078400,7.2807078400,7.0531857200,7.1994499400,54939765
2020-07-21 11:30:00,7.2075757300,7.2644562600,7.1506952000,7.2319531000,16548623
2020-07-21 14:00:00,7.2238273100,7.2482046800,7.1506952000,7.2075757300,13308941
2020-07-21 15:00:00,7.2075757300,7.2725820500,7.1588209900,7.2482046800,22542997
2020-07-22 10:30:00,7.2319531000,7.2400788900,7.0856888800,7.1588209900,25918226
2020-07-22 11:30:00,7.1669467800,7.2482046800,7.1100662500,7.1994499400,18398254
2020-07-22 14:00:00,7.2075757300,7.2157015200,7.1181920400,7.1506952000,14173458
2020-07-22 15:00:00,7.1506952000,7.1994499400,7.1100662500,7.1344436200,18635705
2020-07-23 10:30:00,7.0694373000,7.1506952000,6.9394246600,6.9638020300,42578463
2020-07-23 11:30:00,6.9638020300,7.0288083500,6.8094120200,7.0125567700,31017055
2020-07-23 14:00:00,7.0044309800,7.0450599300,6.9475504500,7.0369341400,11931506
2020-07-23 15:00:00,7.0450599300,7.0775630900,6.9963051900,7.0613115100,15347012
2020-07-24 10:30:00,6.9963051900,7.1019404600,6.8825441300,6.8906699200,31333379
2020-07-24 11:30:00,6.9069215000,6.9394246600,6.7931604400,6.7931604400,28956752
2020-07-24 14:00:00,6.8094120200,6.8094120200,6.6875251700,6.7037767500,26410045
2020-07-24 15:00:00,6.7119025400,6.7606572800,6.6468962200,6.6956509600,20147918
2020-07-27 10:30:00,6.7444057000,6.8987957100,6.6712735900,6.6956509600,30744974
2020-07-27 11:30:00,6.6956509600,6.7606572800,6.6550220100,6.6793993800,12706070
2020-07-27 14:00:00,6.6793993800,6.7200283300,6.6225188500,6.6793993800,12070355
2020-07-27 15:00:00,6.7037767500,6.7037767500,6.6225188500,6.6793993800,10230802
2020-07-28 10:30:00,6.7769088600,6.8825441300,6.6468962200,6.8256636000,35388937
2020-07-28 11:30:00,6.8337893900,6.8581667600,6.7281541200,6.7850346500,12855898
2020-07-28 14:00:00,6.7850346500,6.7850346500,6.6712735900,6.7037767500,9521620
2020-07-28 15:00:00,6.6956509600,6.7606572800,6.6550220100,6.7606572800,14349200
2020-07-29 10:30:00,6.6631478000,6.8094120200,6.5818899000,6.7931604400,25908960
2020-07-29 11:30:00,6.7850346500,6.8337893900,6.7362799100,6.7850346500,16683872
2020-07-29 14:00:00,6.7931604400,6.7931604400,6.7444057000,6.7769088600,12893311
2020-07-29 15:00:00,6.7769088600,6.8581667600,6.7444057000,6.8256636000,28940839
2020-07-30 10:30:00,6.8500409700,6.9312988700,6.7444057000,6.7687830700,26920221
2020-07-30 11:30:00,6.7769088600,6.7769088600,6.6875251700,6.7037767500,16758779
2020-07-30 14:00:00,6.7037767500,6.7606572800,6.6875251700,6.7362799100,12117716
2020-07-30 15:00:00,6.7281541200,6.7362799100,6.6793993800,6.6956509600,17534069
2020-07-31 10:30:00,6.7281541200,6.8744183400,6.6793993800,6.7200283300,28221665
2020-07-31 11:30:00,6.7119025400,6.7281541200,6.5818899000,6.6712735900,25642697
2020-07-31 14:00:00,6.6712735900,6.7119025400,6.6550220100,6.6631478000,7014187
2020-07-31 15:00:00,6.6631478000,6.7362799100,6.6550220100,6.7119025400,12220710
2020-08-03 10:30:00,6.7362799100,6.9475504500,6.7281541200,6.8987957100,37716756
2020-08-03 11:30:00,6.8987957100,6.9231730800,6.8500409700,6.8744183400,13503030
2020-08-03 14:00:00,6.8662925500,6.9069215000,6.8419151800,6.8744183400,11421958
2020-08-03 15:00:00,6.8744183400,6.8987957100,6.8500409700,6.8825441300,12645858
2020-08-04 10:30:00,6.9312988700,6.9394246600,6.7606572800,6.8012862300,23042918
2020-08-04 11:30:00,6.8094120200,6.8337893900,6.7606572800,6.8256636000,13256784
2020-08-04 14:00:00,6.8256636000,6.8662925500,6.7606572800,6.8337893900,16045349
2020-08-04 15:00:00,6.8337893900,6.8825441300,6.8256636000,6.8581667600,17188230
2020-08-05 10:30:00,6.8012862300,6.8175378100,6.6712735900,6.7362799100,21379200
2020-08-05 11:30:00,6.7444057000,6.7769088600,6.7119025400,6.7606572800,8934159
2020-08-05 14:00:00,6.7687830700,6.7850346500,6.7119025400,6.7281541200,7920296
2020-08-05 15:00:00,6.7362799100,6.7525314900,6.7037767500,6.7444057000,11776686
2020-08-06 10:30:00,6.7769088600,6.7769088600,6.6306446400,6.6631478000,19125506
2020-08-06 11:30:00,6.6631478000,6.6712735900,6.5900156900,6.6306446400,13462225
2020-08-06 14:00:00,6.6306446400,6.6468962200,6.5981414800,6.6062672700,8573216
2020-08-06 15:00:00,6.6143930600,6.6793993800,6.6062672700,6.6550220100,8592394
2020-08-07 10:30:00,6.5981414800,6.7444057000,6.5900156900,6.6225188500,15557230
2020-08-07 11:30:00,6.6306446400,6.6550220100,6.6062672700,6.6062672700,7218822
2020-08-07 14:00:00,6.5981414800,6.6550220100,6.5250093700,6.6306446400,15139349
2020-08-07 15:00:00,6.6306446400,6.6875251700,6.6306446400,6.6631478000,11980922
2020-08-10 10:30:00,6.6306446400,6.7037767500,6.6062672700,6.6387704300,12845412
2020-08-10 11:30:00,6.6306446400,6.6631478000,6.5981414800,6.6550220100,7691037
2020-08-10 14:00:00,6.6550220100,6.7606572800,6.6306446400,6.7444057000,17205022
2020-08-10 15:00:00,6.7444057000,6.7769088600,6.7200283300,6.7606572800,14826484
2020-08-11 10:30:00,6.7444057000,6.8094120200,6.6712735900,6.7606572800,19301776
2020-08-11 11:30:00,6.7769088600,6.7769088600,6.6956509600,6.7281541200,9812329
2020-08-11 14:00:00,6.7200283300,6.7444057000,6.7119025400,6.7444057000,4890517
2020-08-11 15:00:00,6.7444057000,6.7606572800,6.6387704300,6.6550220100,18332086
2020-08-12 10:30:00,6.6062672700,6.6631478000,6.4681288400,6.4843804200,30692005
2020-08-12 11:30:00,6.4925062100,6.4925062100,6.3706193600,6.3706193600,19470715
2020-08-12 14:00:00,6.3706193600,6.4600030500,6.3462419900,6.4274998900,11715322
2020-08-12 15:00:00,6.4112483100,6.5331351600,6.4112483100,6.5087577900,9429699
2020-08-13 10:30:00,6.5331351600,6.6225188500,6.5006320000,6.5412609500,16018879
2020-08-13 11:30:00,6.5412609500,6.5656383200,6.5087577900,6.5168835800,7137474
2020-08-13 14:00:00,6.5168835800,6.5737641100,6.5087577900,6.5331351600,4890975
2020-08-13 15:00:00,6.5250093700,6.5412609500,6.4843804200,6.5331351600,7069407
2020-08-14 10:30:00,6.5412609500,6.5575125300,6.4600030500,6.5087577900,8107634
2020-08-14 11:30:00,6.5087577900,6.5168835800,6.4112483100,6.4600030500,7736863
2020-08-14 14:00:00,6.4600030500,6.5168835800,6.4518772600,6.5087577900,4411894
2020-08-14 15:00:00,6.5087577900,6.5818899000,6.4925062100,6.5737641100,11302965
2020-08-17 10:30:00,6.5737641100,6.7687830700,6.5737641100,6.7200283300,24480231
2020-08-17 11:30:00,6.7200283300,6.8012862300,6.7119025400,6.7931604400,16951316
2020-08-17 14:00:00,6.8012862300,6.8419151800,6.7769088600,6.7931604400,21869984
2020-08-17 15:00:00,6.8012862300,6.8094120200,6.7606572800,6.8012862300,12047482
2020-08-18 10:30:00,6.8337893900,6.9556762400,6.7769088600,6.9150472900,27543630
2020-08-18 11:30:00,6.9069215000,6.9312988700,6.8581667600,6.8987957100,10114825
2020-08-18 14:00:00,6.9069215000,6.9231730800,6.8581667600,6.8987957100,9446768
2020-08-18 15:00:00,6.8987957100,6.9394246600,6.8662925500,6.9231730800,16248801
2020-08-19 10:30:00,6.8744183400,6.9394246600,6.7931604400,6.8337893900,17410072
2020-08-19 11:30:00,6.8419151800,6.9312988700,6.8337893900,6.8825441300,7049280
2020-08-19 14:00:00,6.8825441300,6.9394246600,6.8500409700,6.9231730800,12155327
2020-08-19 15:00:00,6.9231730800,6.9312988700,6.8419151800,6.8906699200,16026977
2020-08-20 10:30:00,6.8581667600,6.9475504500,6.7931604400,6.9069215000,15493447
2020-08-20 11:30:00,6.8987957100,6.9150472900,6.8094120200,6.8256636000,7654759
2020-08-20 14:00:00,6.8256636000,6.8337893900,6.7444057000,6.8012862300,9352043
2020-08-20 15:00:00,6.8012862300,6.8256636000,6.7525314900,6.7769088600,9274586
2020-08-21 10:30:00,6.8987957100,6.9069215000,6.7525314900,6.7769088600,12552124
2020-08-21 11:30:00,6.7769088600,6.7931604400,6.7362799100,6.7606572800,10481165
2020-08-21 14:00:00,6.7687830700,6.7850346500,6.7119025400,6.7200283300,7414154
2020-08-21 15:00:00,6.7281541200,6.7769088600,6.6793993800,6.7769088600,14637025
2020-08-24 10:30:00,6.8906699200,7.2319531000,6.8581667600,7.0613115100,73608008
2020-08-24 11:30:00,7.0531857200,7.0775630900,6.9719278200,7.0125567700,13966658
2020-08-24 14:00:00,7.0206825600,7.0288083500,6.9475504500,6.9800536100,12772277
2020-08-24 15:00:00,6.9800536100,7.0125567700,6.9638020300,6.9800536100,12879474
2020-08-25 10:30:00,7.0206825600,7.2157015200,6.9638020300,7.1913241500,44077528
2020-08-25 11:30:00,7.1831983600,7.2563304700,7.0856888800,7.1263178300,27874091
2020-08-25 14:00:00,7.1263178300,7.1344436200,7.0531857200,7.0613115100,13060738
2020-08-25 15:00:00,7.0531857200,7.1344436200,7.0531857200,7.1263178300,12774600
2020-08-26 10:30:00,7.1344436200,7.1831983600,7.0369341400,7.0613115100,22468452
2020-08-26 11:30:00,7.0613115100,7.0938146700,6.9719278200,6.9963051900,14344522
2020-08-26 14:00:00,6.9963051900,7.0288083500,6.9231730800,6.9394246600,13917800
2020-08-26 15:00:00,6.9394246600,6.9719278200,6.8906699200,6.9312988700,16642540
2020-08-27 10:30:00,6.9312988700,6.9638020300,6.8500409700,6.9150472900,14257055
2020-08-27 11:30:00,6.9150472900,6.9312988700,6.8744183400,6.9150472900,7177482
2020-08-27 14:00:00,6.9231730800,6.9800536100,6.9231730800,6.9475504500,8152002
2020-08-27 15:00:00,6.9475504500,6.9638020300,6.9150472900,6.9394246600,7621859
2020-08-28 10:30:00,6.9069215000,6.9394246600,6.8012862300,6.8744183400,14486869
2020-08-28 11:30:00,6.8825441300,6.9231730800,6.8662925500,6.8744183400,6960669
2020-08-28 14:00:00,6.8744183400,7.0531857200,6.8744183400,7.0288083500,14725104
2020-08-28 15:00:00,7.0288083500,7.0694373000,7.0125567700,7.0450599300,15934861
2020-08-31 10:30:00,7.1263178300,7.2807078400,7.0856888800,7.1913241500,28871160
2020-08-31 11:30:00,7.1831983600,7.1913241500,7.1019404600,7.1181920400,10784781
2020-08-31 14:00:00,7.1263178300,7.1425694100,7.0613115100,7.0694373000,7937194
2020-08-31 15:00:00,7.0613115100,7.0613115100,6.9231730800,6.9231730800,21651033
2020-09-01 10:30:00,6.9231730800,7.0450599300,6.9150472900,6.9394246600,17238873
2020-09-01 11:30:00,6.9394246600,7.0369341400,6.9312988700,6.9963051900,9417374
2020-09-01 14:00:00,7.0044309800,7.0288083500,6.9719278200,7.0044309800,8830567
2020-09-01 15:00:00,7.0125567700,7.0206825600,6.9394246600,6.9963051900,10700471
2020-09-02 10:30:00,6.9963051900,7.0206825600,6.8500409700,6.8744183400,18414730
2020-09-02 11:30:00,6.8744183400,6.8825441300,6.7850346500,6.8500409700,14131141
2020-09-02 14:00:00,6.8500409700,6.9475504500,6.8337893900,6.9394246600,9226483
2020-09-02 15:00:00,6.9394246600,7.0044309800,6.9231730800,6.9231730800,13549067
2020-09-03 10:30:00,6.9312988700,7.2319531000,6.8906699200,7.1263178300,44615893
2020-09-03 11:30:00,7.1344436200,7.1506952000,6.9719278200,7.0044309800,16903231
2020-09-03 14:00:00,7.0125567700,7.0125567700,6.9475504500,6.9638020300,8520226
2020-09-03 15:00:00,6.9556762400,6.9963051900,6.9475504500,6.9881794000,11293990
2020-09-04 10:30:00,6.8419151800,6.9475504500,6.7769088600,6.9150472900,26095282
2020-09-04 11:30:00,6.9150472900,6.9475504500,6.8987957100,6.9150472900,6709560
2020-09-04 14:00:00,6.9150472900,6.9312988700,6.8419151800,6.8825441300,7539690
2020-09-04 15:00:00,6.8825441300,6.9312988700,6.8662925500,6.8906699200,6032734
2020-09-07 10:30:00,6.8744183400,6.9312988700,6.8012862300,6.8094120200,12563495
2020-09-07 11:30:00,6.8094120200,6.8337893900,6.7687830700,6.8337893900,7929590
2020-09-07 14:00:00,6.8419151800,6.8419151800,6.7606572800,6.7769088600,8310311
2020-09-07 15:00:00,6.7606572800,6.7769088600,6.6306446400,6.6631478000,18081737
2020-09-08 10:30:00,6.6631478000,6.6956509600,6.6062672700,6.6225188500,15141796
2020-09-08 11:30:00,6.6225188500,6.6631478000,6.6062672700,6.6387704300,5527955
2020-09-08 14:00:00,6.6387704300,6.7687830700,6.6225188500,6.7525314900,9556347
2020-09-08 15:00:00,6.7525314900,6.7769088600,6.7362799100,6.7525314900,7484271
2020-09-09 10:30:00,6.6631478000,6.6793993800,6.5168835800,6.5412609500,20465225
2020-09-09 11:30:00,6.5331351600,6.5656383200,6.4762546300,6.5493867400,13079275
2020-09-09 14:00:00,6.5493867400,6.5575125300,6.5006320000,6.5168835800,9896702
2020-09-09 15:00:00,6.5168835800,6.5412609500,6.4925062100,6.5087577900,11513604
2020-09-10 10:30:00,6.5737641100,6.6143930600,6.5250093700,6.5412609500,15831039
2020-09-10 11:30:00,6.5493867400,6.5656383200,6.5006320000,6.5168835800,6676816
2020-09-10 14:00:00,6.5250093700,6.5818899000,6.5087577900,6.5656383200,7920198
2020-09-10 15:00:00,6.5656383200,6.5737641100,6.4843804200,6.4925062100,10413200
2020-09-11 10:30:00,6.4843804200,6.5656383200,6.4600030500,6.5168835800,9955725
2020-09-11 11:30:00,6.5250093700,6.5331351600,6.4518772600,6.4518772600,7487036
2020-09-11 14:00:00,6.4600030500,6.5087577900,6.4600030500,6.4843804200,6556697
2020-09-11 15:00:00,6.4843804200,6.5168835800,6.4681288400,6.5006320000,9928931
2020-09-14 10:30:00,6.5412609500,6.5737641100,6.4925062100,6.5250093700,12237600
2020-09-14 11:30:00,6.5168835800,6.5493867400,6.5087577900,6.5331351600,6578610
2020-09-14 14:00:00,6.5331351600,6.5331351600,6.4762546300,6.4843804200,8931033
2020-09-14 15:00:00,6.4843804200,6.5575125300,6.4681288400,6.5575125300,9513692
2020-09-15 10:30:00,6.5331351600,6.7119025400,6.4762546300,6.6793993800,20858324
2020-09-15 11:30:00,6.6793993800,6.7525314900,6.6550220100,6.7444057000,15555609
2020-09-15 14:00:00,6.7362799100,6.7606572800,6.6712735900,6.6875251700,9102911
2020-09-15 15:00:00,6.6875251700,6.7525314900,6.6631478000,6.7444057000,13853304
2020-09-16 10:30:00,6.7037767500,6.7687830700,6.6387704300,6.7362799100,13614024
2020-09-16 11:30:00,6.7362799100,6.8012862300,6.7281541200,6.7444057000,7969139
2020-09-16 14:00:00,6.7362799100,6.7525314900,6.6875251700,6.7281541200,6691030
2020-09-16 15:00:00,6.7281541200,6.7444057000,6.6956509600,6.7362799100,8322561
2020-09-17 10:30:00,6.7444057000,6.9150472900,6.7037767500,6.9150472900,27470600
2020-09-17 11:30:00,6.9150472900,6.9719278200,6.8256636000,6.8337893900,23854923
2020-09-17 14:00:00,6.8337893900,6.9394246600,6.8256636000,6.9312988700,11362269
2020-09-17 15:00:00,6.9312988700,6.9475504500,6.8825441300,6.9150472900,12881550
2020-09-18 10:30:00,6.8987957100,6.9800536100,6.8419151800,6.8987957100,18254961
2020-09-18 11:30:00,6.8987957100,6.9638020300,6.8744183400,6.9475504500,9426330
2020-09-18 14:00:00,6.9231730800,6.9881794000,6.9069215000,6.9475504500,12594440
2020-09-18 15:00:00,6.9475504500,6.9881794000,6.9394246600,6.9719278200,18583117
2020-09-21 10:30:00,6.9881794000,7.1019404600,6.9638020300,6.9800536100,24309918
2020-09-21 11:30:00,6.9881794000,7.0369341400,6.9475504500,6.9800536100,10432635
2020-09-21 14:00:00,6.9719278200,7.0044309800,6.9069215000,6.9638020300,8360383
2020-09-21 15:00:00,6.9638020300,6.9963051900,6.9475504500,6.9719278200,7919792
2020-09-22 10:30:00,6.8906699200,6.9556762400,6.8500409700,6.8500409700,17620943
2020-09-22 11:30:00,6.8581667600,6.9312988700,6.8419151800,6.8987957100,9083538
2020-09-22 14:00:00,6.9069215000,6.9150472900,6.8500409700,6.8581667600,4067296
2020-09-22 15:00:00,6.8581667600,6.8662925500,6.7931604400,6.8094120200,13326152
2020-09-23 10:30:00,6.8581667600,6.9150472900,6.8175378100,6.8256636000,11038010
2020-09-23 11:30:00,6.8256636000,6.8256636000,6.7362799100,6.7606572800,8504006
2020-09-23 14:00:00,6.7687830700,6.7931604400,6.7444057000,6.7931604400,6537405
2020-09-23 15:00:00,6.7931604400,6.8094120200,6.7444057000,6.7606572800,6765034
2020-09-24 10:30:00,6.7362799100,6.7606572800,6.6225188500,6.6468962200,15530060
2020-09-24 11:30:00,6.6468962200,6.6631478000,6.5575125300,6.5818899000,10337162
2020-09-24 14:00:00,6.5818899000,6.6306446400,6.5575125300,6.6062672700,6172839
2020-09-24 15:00:00,6.6062672700,6.6225188500,6.5818899000,6.5818899000,7008848
2020-09-25 10:30:00,6.6143930600,6.6306446400,6.5737641100,6.5900156900,8521841
2020-09-25 11:30:00,6.5900156900,6.6143930600,6.5656383200,6.5900156900,4418535
2020-09-25 14:00:00,6.5981414800,6.6062672700,6.5331351600,6.5575125300,7003888
2020-09-25 15:00:00,6.5493867400,6.6143930600,6.5493867400,6.5981414800,7589152
2020-09-28 10:30:00,6.6143930600,6.6631478000,6.5493867400,6.5493867400,12652740
2020-09-28 11:30:00,6.5575125300,6.5818899000,6.5250093700,6.5412609500,4684741
2020-09-28 14:00:00,6.5412609500,6.5818899000,6.5412609500,6.5656383200,3940750
2020-09-28 15:00:00,6.5656383200,6.5656383200,6.5168835800,6.5412609500,7190306
2020-09-29 10:30:00,6.5981414800,6.5981414800,6.5168835800,6.5493867400,12477383
2020-09-29 11:30:00,6.5493867400,6.5575125300,6.4762546300,6.5168835800,12196111
2020-09-29 14:00:00,6.5168835800,6.5250093700,6.4925062100,6.5168835800,5431466
2020-09-29 15:00:00,6.5168835800,6.5575125300,6.4925062100,6.5087577900,10205808
2020-09-30 10:30:00,6.4681288400,6.7444057000,6.4600030500,6.5981414800,28018570
2020-09-30 11:30:00,6.5981414800,6.6468962200,6.5656383200,6.6143930600,6043614
2020-09-30 14:00:00,6.6143930600,6.6225188500,6.5493867400,6.5656383200,5440829
2020-09-30 15:00:00,6.5656383200,6.6225188500,6.5493867400,6.5900156900,9976272
2020-10-09 10:30:00,6.7606572800,6.9556762400,6.7606572800,6.8094120200,33261893
2020-10-09 11:30:00,6.8094120200,6.8256636000,6.7850346500,6.8175378100,9197226
2020-10-09 14:00:00,6.8175378100,6.8256636000,6.7525314900,6.7687830700,6293226
2020-10-09 15:00:00,6.7687830700,6.8094120200,6.7444057000,6.7606572800,7950984
2020-10-12 10:30:00,6.7606572800,6.8337893900,6.7281541200,6.8337893900,20408655
2020-10-12 11:30:00,6.8256636000,6.8581667600,6.7687830700,6.8500409700,13217722
2020-10-12 14:00:00,6.8581667600,6.9800536100,6.8581667600,6.9719278200,20733216
2020-10-12 15:00:00,6.9719278200,7.0613115100,6.9394246600,7.0125567700,25060631
2020-10-13 10:30:00,6.9556762400,7.0288083500,6.8906699200,6.9231730800,18437253
2020-10-13 11:30:00,6.9231730800,6.9231730800,6.8744183400,6.9150472900,7596906
2020-10-13 14:00:00,6.9069215000,6.9638020300,6.8987957100,6.9556762400,7461312
2020-10-13 15:00:00,6.9475504500,6.9881794000,6.9150472900,6.9800536100,10557078
2020-10-14 10:30:00,6.9312988700,7.0613115100,6.9069215000,6.9800536100,19819046
2020-10-14 11:30:00,6.9800536100,7.0369341400,6.9475504500,7.0288083500,9490325
2020-10-14 14:00:00,7.0288083500,7.1019404600,7.0206825600,7.0613115100,17656983
2020-10-14 15:00:00,7.0694373000,7.1019404600,7.0206825600,7.1019404600,15962647
2020-10-15 10:30:00,7.1506952000,7.2157015200,7.0125567700,7.0288083500,44138224
2020-10-15 11:30:00,7.0369341400,7.0694373000,6.9881794000,7.0288083500,14739632
2020-10-15 14:00:00,7.0288083500,7.0613115100,6.9963051900,7.0125567700,8939222
2020-10-15 15:00:00,7.0125567700,7.0288083500,6.9881794000,7.0125567700,11411260
2020-10-16 10:30:00,7.0206825600,7.1831983600,7.0125567700,7.1669467800,26803023
2020-10-16 11:30:00,7.1750725700,7.2482046800,7.1100662500,7.1263178300,31829146
2020-10-16 14:00:00,7.1263178300,7.1831983600,7.1263178300,7.1588209900,10908390
2020-10-16 15:00:00,7.1669467800,7.2238273100,7.1425694100,7.2075757300,18397163
2020-10-19 10:30:00,7.2157015200,7.2482046800,7.1181920400,7.1831983600,31233798
2020-10-19 11:30:00,7.1669467800,7.1750725700,6.9881794000,7.0531857200,20122590
2020-10-19 14:00:00,7.0531857200,7.1100662500,7.0206825600,7.0694373000,7947491
2020-10-19 15:00:00,7.0613115100,7.0775630900,6.9963051900,7.0206825600,12539235
2020-10-20 10:30:00,7.0613115100,7.0938146700,6.9312988700,6.9312988700,19178089
2020-10-20 11:30:00,6.9312988700,6.9638020300,6.8744183400,6.9231730800,14210652
2020-10-20 14:00:00,6.9312988700,6.9638020300,6.8987957100,6.9231730800,14403753
2020-10-20 15:00:00,6.9312988700,6.9963051900,6.9231730800,6.9800536100,15573811
2020-10-21 10:30:00,7.0044309800,7.0450599300,6.9556762400,6.9800536100,15243772
2020-10-21 11:30:00,6.9719278200,7.0044309800,6.9312988700,7.0044309800,6885918
2020-10-21 14:00:00,6.9963051900,7.0125567700,6.8987957100,6.9475504500,8942100
2020-10-21 15:00:00,6.9475504500,7.0206825600,6.9312988700,7.0125567700,9950020
2020-10-22 10:30:00,6.9881794000,6.9881794000,6.7850346500,6.8012862300,19018879
2020-10-22 11:30:00,6.8012862300,6.8337893900,6.7931604400,6.8094120200,6508320
2020-10-22 14:00:00,6.8094120200,6.8337893900,6.7687830700,6.8175378100,10485445
2020-10-22 15:00:00,6.8094120200,6.8419151800,6.7931604400,6.8175378100,9145300
2020-10-23 10:30:00,6.8094120200,6.8337893900,6.6306446400,6.6387704300,24239935
2020-10-23 11:30:00,6.6306446400,6.6387704300,6.5737641100,6.6062672700,17837858
2020-10-23 14:00:00,6.6062672700,6.6062672700,6.4843804200,6.5006320000,30785780
2020-10-23 15:00:00,6.4925062100,6.5493867400,6.4925062100,6.5087577900,21825929
2020-10-26 10:30:00,6.4762546300,6.5331351600,6.3381162000,6.5250093700,18982736
2020-10-26 11:30:00,6.5168835800,6.5575125300,6.5006320000,6.5250093700,6753854
2020-10-26 14:00:00,6.5250093700,6.5412609500,6.4762546300,6.4925062100,5852776
2020-10-26 15:00:00,6.4925062100,6.5168835800,6.4762546300,6.5087577900,8609826
2020-10-27 10:30:00,6.5254459200,6.5504796000,6.4086220800,6.4336557600,23220129
2020-10-27 11:30:00,6.4336557600,6.4420003200,6.3668992800,6.3919329600,11266664
2020-10-27 14:00:00,6.3835884000,6.4336557600,6.3668992800,6.4086220800,7119327
2020-10-27 15:00:00,6.4169666400,6.4503448800,6.4002775200,6.4336557600,8708543
2020-10-28 10:30:00,6.4420003200,6.4503448800,6.2333863200,6.2834536800,24206635
2020-10-28 11:30:00,6.2917982400,6.3335210400,6.2667645600,6.3335210400,8183243
2020-10-28 14:00:00,6.3335210400,6.3668992800,6.3168319200,6.3502101600,12075973
2020-10-28 15:00:00,6.3502101600,6.3752438400,6.3251764800,6.3585547200,11654111
2020-10-29 10:30:00,6.2584200000,6.3084873600,6.2166972000,6.2250417600,17449476
2020-10-29 11:30:00,6.2250417600,6.3084873600,6.2166972000,6.2667645600,13619073
2020-10-29 14:00:00,6.2751091200,6.3335210400,6.2500754400,6.3168319200,10948053
2020-10-29 15:00:00,6.3251764800,6.3835884000,6.3084873600,6.3335210400,12062595
2020-10-30 10:30:00,6.3418656000,6.3668992800,6.2584200000,6.2584200000,15972210
2020-10-30 11:30:00,6.2584200000,6.2834536800,6.2166972000,6.2166972000,16478939
2020-10-30 14:00:00,6.2333863200,6.2417308800,6.1249070400,6.1332516000,19730799
2020-10-30 15:00:00,6.1415961600,6.1749744000,6.0831842400,6.1749744000,19794259
2020-11-02 10:30:00,6.2166972000,6.2417308800,6.0080832000,6.0831842400,36081344
2020-11-02 11:30:00,6.0831842400,6.1165624800,6.0247723200,6.0331168800,13533761
2020-11-02 14:00:00,6.0331168800,6.0748396800,6.0080832000,6.0581505600,19362829
2020-11-02 15:00:00,6.0581505600,6.0664951200,5.9997386400,6.0414614400,21764975
2020-11-03 10:30:00,6.0915288000,6.1749744000,6.0164277600,6.0581505600,31209371
2020-11-03 11:30:00,6.0664951200,6.1582852800,6.0414614400,6.0414614400,20320411
2020-11-03 14:00:00,6.0498060000,6.0831842400,6.0414614400,6.0581505600,16160366
2020-11-03 15:00:00,6.0498060000,6.0748396800,6.0331168800,6.0664951200,18754151
2020-11-04 10:30:00,6.0581505600,6.1165624800,5.9997386400,6.0998733600,22003049
2020-11-04 11:30:00,6.0915288000,6.1415961600,6.0331168800,6.0915288000,13022841
2020-11-04 14:00:00,6.0915288000,6.0915288000,6.0664951200,6.0915288000,6865133
2020-11-04 15:00:00,6.0831842400,6.1249070400,6.0831842400,6.1249070400,12107239
2020-11-05 10:30:00,6.1499407200,6.2333863200,6.1249070400,6.1332516000,27740727
2020-11-05 11:30:00,6.1332516000,6.1666298400,6.1082179200,6.1499407200,11861158
2020-11-05 14:00:00,6.1582852800,6.1916635200,6.1332516000,6.1833189600,13838275
2020-11-05 15:00:00,6.1916635200,6.1916635200,6.1415961600,6.1916635200,18124236
2020-11-06 10:30:00,6.1749744000,6.2417308800,6.1249070400,6.2000080800,26362918
2020-11-06 11:30:00,6.2000080800,6.2083526400,6.1499407200,6.1749744000,13208922
2020-11-06 14:00:00,6.1833189600,6.1833189600,6.1582852800,6.1582852800,9437643
2020-11-06 15:00:00,6.1582852800,6.2500754400,6.1582852800,6.2500754400,18900115
2020-11-09 10:30:00,6.3084873600,6.4002775200,6.2751091200,6.2917982400,35755894
2020-11-09 11:30:00,6.2834536800,6.3335210400,6.2584200000,6.3084873600,22043856
2020-11-09 14:00:00,6.3084873600,6.3585547200,6.3084873600,6.3251764800,11000138
2020-11-09 15:00:00,6.3335210400,6.3418656000,6.3001428000,6.3418656000,13047973
2020-11-10 10:30:00,6.3668992800,6.3668992800,6.2667645600,6.3251764800,22647344
2020-11-10 11:30:00,6.3168319200,6.3418656000,6.2834536800,6.3335210400,8277476
2020-11-10 14:00:00,6.3335210400,6.3335210400,6.2667645600,6.2667645600,8360443
2020-11-10 15:00:00,6.2667645600,6.2917982400,6.2417308800,6.2751091200,12167400
2020-11-11 10:30:00,6.2751091200,6.4837231200,6.2500754400,6.4002775200,36859296
2020-11-11 11:30:00,6.4086220800,6.4837231200,6.3919329600,6.4670340000,17485635
2020-11-11 14:00:00,6.4753785600,6.5588241600,6.4586894400,6.4837231200,25797237
2020-11-11 15:00:00,6.4837231200,6.5004122400,6.4420003200,6.4670340000,15820435
2020-11-12 10:30:00,6.4670340000,6.4837231200,6.3418656000,6.3585547200,29244823
2020-11-12 11:30:00,6.3585547200,6.3919329600,6.3251764800,6.3585547200,14339745
2020-11-12 14:00:00,6.3668992800,6.3752438400,6.3418656000,6.3585547200,7849327
2020-11-12 15:00:00,6.3585547200,6.4086220800,6.3502101600,6.4086220800,11915836
2020-11-13 10:30:00,6.3835884000,6.3835884000,6.2166972000,6.2500754400,25685875
2020-11-13 11:30:00,6.2500754400,6.2917982400,6.2333863200,6.2584200000,9651830
2020-11-13 14:00:00,6.2584200000,6.2667645600,6.1833189600,6.1916635200,15226422
2020-11-13 15:00:00,6.1916635200,6.2417308800,6.1666298400,6.2250417600,14665296
2020-11-16 10:30:00,6.2333863200,6.3668992800,6.2250417600,6.3335210400,26409726
2020-11-16 11:30:00,6.3335210400,6.4420003200,6.3251764800,6.4086220800,23810065
2020-11-16 14:00:00,6.4169666400,6.4753785600,6.3835884000,6.4503448800,22817961
2020-11-16 15:00:00,6.4336557600,6.4586894400,6.4169666400,6.4586894400,16980206
2020-11-17 10:30:00,6.4586894400,6.6005469600,6.4002775200,6.5588241600,30263163
2020-11-17 11:30:00,6.5588241600,6.5838578400,6.4670340000,6.4753785600,14410800
2020-11-17 14:00:00,6.4837231200,6.4920676800,6.4503448800,6.4503448800,9045860
2020-11-17 15:00:00,6.4503448800,6.4586894400,6.4169666400,6.4586894400,11041660
2020-11-18 10:30:00,6.5087568000,6.5421350400,6.4253112000,6.4420003200,16387860
2020-11-18 11:30:00,6.4420003200,6.4837231200,6.4420003200,6.4753785600,7020190
2020-11-18 14:00:00,6.4753785600,6.4837231200,6.4336557600,6.4420003200,10112011
2020-11-18 15:00:00,6.4420003200,6.4670340000,6.4253112000,6.4586894400,9171110
2020-11-19 10:30:00,6.4086220800,6.4169666400,6.3001428000,6.3418656000,18594286
2020-11-19 11:30:00,6.3502101600,6.4336557600,6.3418656000,6.4169666400,6289830
2020-11-19 14:00:00,6.4086220800,6.4586894400,6.4086220800,6.4086220800,6412172
2020-11-19 15:00:00,6.4169666400,6.4503448800,6.3835884000,6.4336557600,11403303
2020-11-20 10:30:00,6.4336557600,6.5087568000,6.4086220800,6.5087568000,20065729
2020-11-20 11:30:00,6.5087568000,6.5337904800,6.4837231200,6.5087568000,13655861
2020-11-20 14:00:00,6.5087568000,6.5337904800,6.4920676800,6.5087568000,7615525
2020-11-20 15:00:00,6.5171013600,6.5504796000,6.5004122400,6.5254459200,15993700
2020-11-23 10:30:00,6.5755132800,6.7590936000,6.5504796000,6.7173708000,36632489
2020-11-23 11:30:00,6.7173708000,6.8008164000,6.7006816800,6.7590936000,17508577
2020-11-23 14:00:00,6.7674381600,6.8008164000,6.7424044800,6.7507490400,11665455
2020-11-23 15:00:00,6.7590936000,6.7590936000,6.6923371200,6.7090262400,13691009
2020-11-24 10:30:00,6.7590936000,6.8008164000,6.6923371200,6.7090262400,25628200
2020-11-24 11:30:00,6.7173708000,6.8675728800,6.7173708000,6.8341946400,20571331
2020-11-24 14:00:00,6.8425392000,6.8425392000,6.7340599200,6.7424044800,10246496
2020-11-24 15:00:00,6.7424044800,6.8091609600,6.7340599200,6.7674381600,17605149
2020-11-25 10:30:00,6.8175055200,6.8508837600,6.7590936000,6.7841272800,16963614
2020-11-25 11:30:00,6.7841272800,6.8091609600,6.7674381600,6.7841272800,8836936
2020-11-25 14:00:00,6.7841272800,6.8091609600,6.6923371200,6.7340599200,15335201
2020-11-25 15:00:00,6.7340599200,6.7674381600,6.7173708000,6.7257153600,12292943
2020-11-26 10:30:00,6.7424044800,6.7590936000,6.6088915200,6.6172360800,17381750
2020-11-26 11:30:00,6.6088915200,6.7173708000,6.6088915200,6.6923371200,10618086
2020-11-26 14:00:00,6.6839925600,6.7424044800,6.6839925600,6.7340599200,4975840
2020-11-26 15:00:00,6.7424044800,6.7424044800,6.6923371200,6.7340599200,6219055
2020-11-27 10:30:00,6.7590936000,6.9259848000,6.7340599200,6.8258500800,28492332
2020-11-27 11:30:00,6.8258500800,6.8425392000,6.7674381600,6.7757827200,8421063
2020-11-27 14:00:00,6.7674381600,6.9009511200,6.7674381600,6.8592283200,12314928
2020-11-27 15:00:00,6.8675728800,6.9176402400,6.8508837600,6.9092956800,18401490
2020-11-30 10:30:00,7.0094304000,7.2096998400,6.9843967200,7.2013552800,66625153
2020-11-30 11:30:00,7.1930107200,7.3765910400,7.1930107200,7.3265236800,49634563
2020-11-30 14:00:00,7.3348682400,7.3348682400,7.2263889600,7.2931454400,23893354
2020-11-30 15:00:00,7.2931454400,7.3181791200,7.1429433600,7.1429433600,34665434
2020-12-01 10:30:00,7.1846661600,7.8605755200,7.1846661600,7.8188527200,186664238
2020-12-01 11:30:00,7.8271972800,7.8605755200,7.7771299200,7.8605755200,75224057
2020-12-01 14:00:00,7.8605755200,7.8605755200,7.8605755200,7.8605755200,12924761
2020-12-01 15:00:00,7.8605755200,7.8605755200,7.8605755200,7.8605755200,15873360
2020-12-02 10:30:00,8.1359460000,8.6449641600,8.0274667200,8.6366196000,296293600
2020-12-02 11:30:00,8.6366196000,8.6449641600,8.6366196000,8.6449641600,25475168
2020-12-02 14:00:00,8.6449641600,8.6449641600,8.4864175200,8.5865522400,57663680
2020-12-02 15:00:00,8.5865522400,8.6449641600,8.5031066400,8.6449641600,111950752
2020-12-03 10:30:00,8.5948968000,8.7033760800,8.3862828000,8.5782076800,187716426
2020-12-03 11:30:00,8.5782076800,8.6449641600,8.4947620800,8.5698631200,42500188
2020-12-03 14:00:00,8.5782076800,8.6366196000,8.4780729600,8.5031066400,36569524
2020-12-03 15:00:00,8.5031066400,8.5615185600,8.4363501600,8.4363501600,49577446
2020-12-04 10:30:00,8.6032413600,8.6616532800,8.4113164800,8.4780729600,96887464
2020-12-04 11:30:00,8.4697284000,8.5114512000,8.3862828000,8.4029719200,31939781
2020-12-04 14:00:00,8.4113164800,8.6032413600,8.3779382400,8.4947620800,45815991
2020-12-04 15:00:00,8.4947620800,8.5448294400,8.4363501600,8.5281403200,39879161
2020-12-07 10:30:00,8.6115859200,8.9620574400,8.5114512000,8.7117206400,133719260
2020-12-07 11:30:00,8.7117206400,8.8452336000,8.6783424000,8.8452336000,33025619
2020-12-07 14:00:00,8.8535781600,9.2541170400,8.7701325600,9.2040496800,85634031
2020-12-07 15:00:00,9.2040496800,9.2040496800,8.9537128800,9.0288139200,39154978
2020-12-08 10:30:00,8.8535781600,8.9119900800,8.3946273600,8.4446947200,122783079
2020-12-08 11:30:00,8.4446947200,8.5615185600,8.3278708800,8.4029719200,58539145
2020-12-08 14:00:00,8.3946273600,8.5448294400,8.3946273600,8.4613838400,37337060
2020-12-08 15:00:00,8.4530392800,8.5698631200,8.4113164800,8.4363501600,42565380
2020-12-09 10:30:00,8.5114512000,8.5948968000,8.4280056000,8.5031066400,62563359
2020-12-09 11:30:00,8.5031066400,8.5865522400,8.4530392800,8.4613838400,22589514
2020-12-09 14:00:00,8.4613838400,8.4780729600,8.3695936800,8.4196610400,24613423
2020-12-09 15:00:00,8.4196610400,8.4196610400,8.2360807200,8.2611144000,56725981
2020-12-10 10:30:00,8.2527698400,8.3111817600,8.1776688000,8.2193916000,52195930
2020-12-10 11:30:00,8.2193916000,8.2611144000,8.1442905600,8.2444252800,28442145
2020-12-10 14:00:00,8.2444252800,8.2694589600,8.1693242400,8.1860133600,19674837
2020-12-10 15:00:00,8.1776688000,8.2110470400,8.1192568800,8.2027024800,31721121
2020-12-11 10:30:00,8.2110470400,8.3195263200,8.0942232000,8.1526351200,53385882
2020-12-11 11:30:00,8.1609796800,8.1776688000,8.0107776000,8.0441558400,26830329
2020-12-11 14:00:00,8.0358112800,8.1025677600,7.9189874400,7.9356765600,35489479
2020-12-11 15:00:00,7.9356765600,8.0858786400,7.9022983200,8.0858786400,32248812
2020-12-14 10:30:00,8.0691895200,8.0775340800,7.8772646400,7.9273320000,32861488
2020-12-14 11:30:00,7.9273320000,7.9773993600,7.8856092000,7.9189874400,16712313
2020-12-14 14:00:00,7.9189874400,7.9356765600,7.8355418400,7.8522309600,27132549
2020-12-14 15:00:00,7.8522309600,7.9940884800,7.8522309600,7.9607102400,25310623
2020-12-15 10:30:00,8.0441558400,8.3195263200,7.8105081600,7.8355418400,92404803
2020-12-15 11:30:00,7.8355418400,7.8438864000,7.7520962400,7.8271972800,22708672
2020-12-15 14:00:00,7.8355418400,7.9106428800,7.8021636000,7.8772646400,16233421
2020-12-15 15:00:00,7.8856092000,7.9356765600,7.8772646400,7.9273320000,17650788
2020-12-16 10:30:00,7.9273320000,7.9273320000,7.7687853600,7.8522309600,48484427
2020-12-16 11:30:00,7.8438864000,7.9523656800,7.8271972800,7.9022983200,18605257
2020-12-16 14:00:00,7.9106428800,7.9773993600,7.8689200800,7.9523656800,20211746
2020-12-16 15:00:00,7.9523656800,7.9940884800,7.8522309600,7.8689200800,32841174
2020-12-17 10:30:00,7.8438864000,7.9356765600,7.7354071200,7.8939537600,42959184
2020-12-17 11:30:00,7.8856092000,8.0191221600,7.8856092000,7.9189874400,31214272
2020-12-17 14:00:00,7.9273320000,7.9440211200,7.8522309600,7.9022983200,21173676
2020-12-17 15:00:00,7.9022983200,8.0024330400,7.8939537600,8.0024330400,34535312
2020-12-18 10:30:00,7.9356765600,7.9523656800,7.6853397600,7.7187180000,78927124
2020-12-18 11:30:00,7.7187180000,7.7520962400,7.6769952000,7.7354071200,21000260
2020-12-18 14:00:00,7.7437516800,7.8689200800,7.7187180000,7.8689200800,25003694
2020-12-18 15:00:00,7.8689200800,7.8772646400,7.8105081600,7.8355418400,22505276
2020-12-21 10:30:00,7.6936843200,7.9356765600,7.6436169600,7.9189874400,44352542
2020-12-21 11:30:00,7.9106428800,7.9857439200,7.8605755200,7.8939537600,28040710
2020-12-21 14:00:00,7.8939537600,7.9523656800,7.8856092000,7.9523656800,13005384
2020-12-21 15:00:00,7.9523656800,7.9523656800,7.9022983200,7.9273320000,18687713
2020-12-22 10:30:00,7.8605755200,7.9607102400,7.7854744800,7.9440211200,31854168
2020-12-22 11:30:00,7.9440211200,8.2027024800,7.9440211200,8.1442905600,54589027
2020-12-22 14:00:00,8.1442905600,8.1442905600,7.9106428800,7.9273320000,32475106
2020-12-22 15:00:00,7.9189874400,7.9607102400,7.8522309600,7.8856092000,23115168
2020-12-23 10:30:00,7.8856092000,7.9523656800,7.7687853600,7.8939537600,39618282
2020-12-23 11:30:00,7.8939537600,8.0358112800,7.8856092000,7.8939537600,24066221
2020-12-23 14:00:00,7.8939537600,7.9440211200,7.7771299200,7.7938190400,23509204
2020-12-23 15:00:00,7.7854744800,7.8522309600,7.7771299200,7.8522309600,16963402
2020-12-24 10:30:00,7.8355418400,7.8939537600,7.7437516800,7.7687853600,33448319
2020-12-24 11:30:00,7.7687853600,7.7854744800,7.6185832800,7.6436169600,28719615
2020-12-24 14:00:00,7.6352724000,7.6686506400,7.5935496000,7.6102387200,17298029
2020-12-24 15:00:00,7.6185832800,7.6519615200,7.5685159200,7.5935496000,18696445
2020-12-25 10:30:00,7.6018941600,7.7354071200,7.5601713600,7.7103734400,30184512
2020-12-25 11:30:00,7.7103734400,7.7938190400,7.6936843200,7.7604408000,22462976
2020-12-25 14:00:00,7.7604408000,7.8188527200,7.7187180000,7.7187180000,13696500
2020-12-25 15:00:00,7.7270625600,7.7687853600,7.7103734400,7.7354071200,16774880
2020-12-28 10:30:00,7.7270625600,8.0107776000,7.7020288800,7.9523656800,62808679
2020-12-28 11:30:00,7.9523656800,8.0274667200,7.8772646400,7.9273320000,28811568
2020-12-28 14:00:00,7.9273320000,7.9523656800,7.8605755200,7.8939537600,13760422
2020-12-28 15:00:00,7.8939537600,7.9273320000,7.8689200800,7.9273320000,17581725
2020-12-29 10:30:00,7.8522309600,7.9189874400,7.7354071200,7.8271972800,30720535
2020-12-29 11:30:00,7.8271972800,7.8772646400,7.7771299200,7.7854744800,16797804
2020-12-29 14:00:00,7.7854744800,7.8438864000,7.7687853600,7.7771299200,13374318
2020-12-29 15:00:00,7.7854744800,7.7854744800,7.7270625600,7.7437516800,19651919
2020-12-30 10:30:00,7.7437516800,8.0525004000,7.7354071200,8.0107776000,45960108
2020-12-30 11:30:00,8.0024330400,8.4113164800,7.9607102400,8.4029719200,56663715
2020-12-30 14:00:00,8.4196610400,8.5031066400,8.3028372000,8.4947620800,52168101
2020-12-30 15:00:00,8.5031066400,8.5114512000,8.3445600000,8.4029719200,33865010
2020-12-31 10:30:00,8.3445600000,8.3862828000,8.2027024800,8.2861480800,52527275
2020-12-31 11:30:00,8.2778035200,8.3362154400,8.2027024800,8.2277361600,26183226
2020-12-31 14:00:00,8.2277361600,8.2611144000,8.1442905600,8.2360807200,21688420
2020-12-31 15:00:00,8.2444252800,8.2861480800,8.1860133600,8.2611144000,27357234
2021-01-04 10:30:00,8.3445600000,8.5782076800,8.3028372000,8.5615185600,76249474
2021-01-04 11:30:00,8.5615185600,8.6115859200,8.5031066400,8.5615185600,37207425
2021-01-04 14:00:00,8.5615185600,8.6366196000,8.5197957600,8.5531740000,27191105
2021-01-04 15:00:00,8.5531740000,8.5698631200,8.4947620800,8.5281403200,26188555
2021-01-05 10:30:00,8.5114512000,8.7450988800,8.3695936800,8.6366196000,59831405
2021-01-05 11:30:00,8.6366196000,8.8953009600,8.5948968000,8.7200652000,53245435
2021-01-05 14:00:00,8.7284097600,8.9704020000,8.7033760800,8.9704020000,46313068
2021-01-05 15:00:00,8.9704020000,9.0037802400,8.8786118400,8.9704020000,34741780
2021-01-06 10:30:00,8.9286792000,9.1790160000,8.8201999200,9.0788812800,73846151
2021-01-06 11:30:00,9.0788812800,9.1206040800,8.8953009600,8.9036455200,26732709
2021-01-06 14:00:00,8.9286792000,9.0455030400,8.8535781600,8.9704020000,23251887
2021-01-06 15:00:00,8.9704020000,8.9954356800,8.9119900800,8.9537128800,24951864
2021-01-07 10:30:00,8.9370237600,9.3792854400,8.9370237600,9.2541170400,84236205
2021-01-07 11:30:00,9.2541170400,9.3208735200,9.2374279200,9.2958398400,22562868
2021-01-07 14:00:00,9.2958398400,9.5962440000,9.2958398400,9.3959745600,59546688
2021-01-07 15:00:00,9.3876300000,9.6630004800,9.2874952800,9.6129331200,59048480
2021-01-08 10:30:00,9.6379668000,9.7631352000,9.2290833600,9.3792854400,98542812
2021-01-08 11:30:00,9.3792854400,9.5294875200,9.3709408800,9.3959745600,23599694
2021-01-08 14:00:00,9.3876300000,9.7130678400,9.3792854400,9.7047232800,28596415
2021-01-08 15:00:00,9.7047232800,9.9300264000,9.5628657600,9.8966481600,59322684
2021-01-11 10:30:00,9.8883036000,10.2304305600,9.7714797600,10.2304305600,96429447
2021-01-11 11:30:00,10.2304305600,10.3806326400,9.6796896000,9.8632699200,66260097
2021-01-11 14:00:00,9.8632699200,10.0051274400,9.6045885600,9.6880341600,46970572
2021-01-11 15:00:00,9.6880341600,9.7214124000,9.4543864800,9.5378320800,50271862
2021-01-12 10:30:00,9.4126636800,9.7464460800,9.3459072000,9.7130678400,58496764
2021-01-12 11:30:00,9.7130678400,9.8048580000,9.6212776800,9.6713450400,35446003
2021-01-12 14:00:00,9.6713450400,9.9884383200,9.6379668000,9.8799590400,47667926
2021-01-12 15:00:00,9.8799590400,9.8966481600,9.7547906400,9.8632699200,33237009
2021-01-13 10:30:00,10.0301611200,10.8479280000,10.0301611200,10.7561378400,176236071
2021-01-13 11:30:00,10.7477932800,10.8395834400,10.6142803200,10.6726922400,50516498
2021-01-13 14:00:00,10.6810368000,10.6810368000,10.2721533600,10.4557336800,55663255
2021-01-13 15:00:00,10.4557336800,10.7144150400,10.3389098400,10.5558684000,41496896
2021-01-14 10:30:00,10.2638088000,10.4307000000,9.7214124000,9.7881688800,126459743
2021-01-14 11:30:00,9.7798243200,10.0551948000,9.7798243200,9.8549253600,42544894
2021-01-14 14:00:00,9.8632699200,9.8632699200,9.6045885600,9.7297569600,48108534
2021-01-14 15:00:00,9.7297569600,9.7381015200,9.5044538400,9.5461766400,52581341
2021-01-15 10:30:00,9.5127984000,10.0969176000,9.4961092800,9.8883036000,117933981
2021-01-15 11:30:00,9.8966481600,9.9383709600,9.6212776800,9.6546559200,34356493
2021-01-15 14:00:00,9.6463113600,9.7631352000,9.5628657600,9.7631352000,23880384
2021-01-15 15:00:00,9.7547906400,9.9383709600,9.7464460800,9.8382362400,34962608
2021-01-18 10:30:00,9.7881688800,9.7965134400,9.3125289600,9.7714797600,83740783
2021-01-18 11:30:00,9.7714797600,9.8883036000,9.6463113600,9.8048580000,29091126
2021-01-18 14:00:00,9.7881688800,9.9300264000,9.7631352000,9.8465808000,35352596
2021-01-18 15:00:00,9.8382362400,9.8632699200,9.7631352000,9.7881688800,25802318
2021-01-19 10:30:00,9.8382362400,10.1219512800,9.6379668000,9.6463113600,56689192
2021-01-19 11:30:00,9.6463113600,9.7047232800,9.5545212000,9.5878994400,27779395
2021-01-19 14:00:00,9.5795548800,9.6963787200,9.5545212000,9.5795548800,17253654
2021-01-19 15:00:00,9.5712103200,9.5878994400,9.4710756000,9.4794201600,30560126
2021-01-20 10:30:00,9.4627310400,9.6296222400,9.4293528000,9.5628657600,40744955
2021-01-20 11:30:00,9.5545212000,9.6546559200,9.4627310400,9.4961092800,20932743
2021-01-20 14:00:00,9.4877647200,9.5628657600,9.3959745600,9.4877647200,22098507
2021-01-20 15:00:00,9.4794201600,9.5294875200,9.4210082400,9.4460419200,24131183
2021-01-21 10:30:00,9.8048580000,10.0635393600,9.6296222400,9.6713450400,122839714
2021-01-21 11:30:00,9.6630004800,9.7047232800,9.5628657600,9.6880341600,30172472
2021-01-21 14:00:00,9.6963787200,9.7381015200,9.6212776800,9.7214124000,22329665
2021-01-21 15:00:00,9.7130678400,9.7381015200,9.6212776800,9.6963787200,27653397
2021-01-22 10:30:00,9.5962440000,9.6630004800,9.4794201600,9.5044538400,60735116
2021-01-22 11:30:00,9.4961092800,9.5628657600,9.4126636800,9.5461766400,32557442
2021-01-22 14:00:00,9.5545212000,9.9467155200,9.4961092800,9.7881688800,43526077
2021-01-22 15:00:00,9.7798243200,9.7881688800,9.6630004800,9.7547906400,23092457
2021-01-25 10:30:00,9.8298916800,9.9133372800,9.5211429600,9.7547906400,52784078
2021-01-25 11:30:00,9.7631352000,9.9967828800,9.7130678400,9.9300264000,42774798
2021-01-25 14:00:00,9.9383709600,10.2137414400,9.9300264000,10.0218165600,66327273
2021-01-25 15:00:00,10.0218165600,10.1720186400,9.9133372800,10.1720186400,50216853
2021-01-26 10:30:00,9.9467155200,9.9717492000,9.5878994400,9.6880341600,90335702
2021-01-26 11:30:00,9.6880341600,9.7047232800,9.5461766400,9.6463113600,31455248
2021-01-26 14:00:00,9.6296222400,9.8048580000,9.6212776800,9.7464460800,20036811
2021-01-26 15:00:00,9.7464460800,9.7798243200,9.6296222400,9.6463113600,18677036
2021-01-27 10:30:00,9.5795548800,9.8048580000,9.4961092800,9.7631352000,46183100
2021-01-27 11:30:00,9.7631352000,10.0134720000,9.7547906400,9.8966481600,43338252
2021-01-27 14:00:00,9.8966481600,9.9967828800,9.8716144800,9.9216818400,19021966
2021-01-27 15:00:00,9.9300264000,10.1970523200,9.9133372800,10.1302958400,78277843
2021-01-28 10:30:00,9.8465808000,10.1219512800,9.7130678400,9.9634046400,63570338
2021-01-28 11:30:00,9.9467155200,9.9800937600,9.7965134400,9.9049927200,18065485
2021-01-28 14:00:00,9.8966481600,9.9133372800,9.7547906400,9.8215471200,18434047
2021-01-28 15:00:00,9.8298916800,9.8966481600,9.7297569600,9.8966481600,25139375
2021-01-29 10:30:00,10.0218165600,10.4140108800,9.9467155200,10.3389098400,109045588
2021-01-29 11:30:00,10.3389098400,10.5141456000,10.2304305600,10.4974564800,48266591
2021-01-29 14:00:00,10.4974564800,10.5141456000,10.2804979200,10.4223554400,32817142
2021-01-29 15:00:00,10.4223554400,10.4390445600,10.1386404000,10.3806326400,56480523
2021-02-01 10:30:00,10.3973217600,11.1066093600,10.2304305600,10.9981300800,104145985
2021-02-01 11:30:00,10.9981300800,11.0148192000,10.8312388800,10.9730964000,28178855
2021-02-01 14:00:00,10.9730964000,11.2568114400,10.9564072800,11.1733658400,35533788
2021-02-01 15:00:00,11.1733658400,11.3986689600,11.0481974400,11.3319124800,50737476
2021-02-02 10:30:00,11.1650212800,11.7908632800,11.1232984800,11.4320472000,111663048
2021-02-02 11:30:00,11.4320472000,11.4737700000,11.1566767200,11.3986689600,42694514
2021-02-02 14:00:00,11.3903244000,11.5822492800,11.3569461600,11.4821145600,26651668
2021-02-02 15:00:00,11.4821145600,11.6823840000,11.4320472000,11.5154928000,46562635
2021-02-03 10:30:00,11.5655601600,11.7658296000,11.3068788000,11.3819798400,75449050
2021-02-03 11:30:00,11.3903244000,11.5655601600,11.2150886400,11.4821145600,35163682
2021-02-03 14:00:00,11.4737700000,11.7574850400,11.4737700000,11.6740394400,37081815
2021-02-03 15:00:00,11.6740394400,11.6740394400,11.4737700000,11.5154928000,35065108
2021-02-04 10:30:00,11.3402570400,11.4153580800,10.7311041600,10.8979953600,94392663
2021-02-04 11:30:00,10.9063399200,10.9564072800,10.6142803200,10.7060704800,47245172
2021-02-04 14:00:00,10.7060704800,10.9480627200,10.5141456000,10.9230290400,37268757
2021-02-04 15:00:00,10.9230290400,11.0315083200,10.8062052000,10.8145497600,31200490
2021-02-05 10:30:00,10.9730964000,11.2401223200,10.9230290400,10.9397181600,74151916
2021-02-05 11:30:00,10.9230290400,10.9897855200,10.6810368000,10.6977259200,33531855
2021-02-05 14:00:00,10.7060704800,10.7394487200,10.3973217600,10.5308347200,46273552
2021-02-05 15:00:00,10.5391792800,10.6059357600,10.2471196800,10.2638088000,57542795
2021-02-08 10:30:00,10.6476585600,11.2901896800,10.6476585600,11.2901896800,149266971
2021-02-08 11:30:00,11.2901896800,11.2901896800,11.2901896800,11.2901896800,6975915
2021-02-08 14:00:00,11.2901896800,11.2901896800,11.2901896800,11.2901896800,2376392
2021-02-08 15:00:00,11.2901896800,11.2901896800,11.2901896800,11.2901896800,2531636
2021-02-09 10:30:00,11.6823840000,12.4167052800,11.5822492800,12.2331249600,184420812
2021-02-09 11:30:00,12.2247804000,12.4167052800,12.1663684800,12.1914021600,78906682
2021-02-09 14:00:00,12.1914021600,12.3749824800,12.1747130400,12.2247804000,32904122
2021-02-09 15:00:00,12.2080912800,12.3833270400,12.2080912800,12.2748477600,41105856
2021-02-10 10:30:00,12.2915368800,12.5168400000,12.0328555200,12.3416042400,105274014
2021-02-10 11:30:00,12.3416042400,12.6169747200,12.3249151200,12.5919410400,37181364
2021-02-10 14:00:00,12.5835964800,12.6586975200,12.2831923200,12.3082260000,39125077
2021-02-10 15:00:00,12.3165705600,12.5585628000,12.2665032000,12.4333944000,43854900
2021-02-18 10:30:00,12.9340680000,13.0091690400,12.0578892000,12.1997467200,121230846
2021-02-18 11:30:00,12.1997467200,12.3165705600,12.1079565600,12.1329902400,27334522
2021-02-18 14:00:00,12.1329902400,12.2080912800,12.0328555200,12.1246456800,31458351
2021-02-18 15:00:00,12.1246456800,12.1246456800,11.8576197600,11.9327208000,60124300
2021-02-19 10:30:00,11.9744436000,12.2331249600,11.6406612000,11.7407959200,90248074
2021-02-19 11:30:00,11.7407959200,12.0662337600,11.7157622400,12.0578892000,37167817
2021-02-19 14:00:00,12.0745783200,12.1997467200,11.9994772800,12.1496793600,37508662
2021-02-19 15:00:00,12.1496793600,12.3833270400,12.0996120000,12.1747130400,50711878
2021-02-22 10:30:00,11.9827881600,11.9994772800,11.5905938400,11.8909980000,90364663
2021-02-22 11:30:00,11.9076871200,11.9911327200,11.7908632800,11.8492752000,31544758
2021-02-22 14:00:00,11.8409306400,11.8993425600,11.6490057600,11.7741741600,31334950
2021-02-22 15:00:00,11.7741741600,11.7825187200,11.6072829600,11.6072829600,41915272
2021-02-23 10:30:00,11.3486016000,11.9410653600,11.2901896800,11.8743088800,72947586
2021-02-23 11:30:00,11.8743088800,11.8826534400,11.6823840000,11.7574850400,21662250
2021-02-23 14:00:00,11.7658296000,11.8409306400,11.7074176800,11.7157622400,14933032
2021-02-23 15:00:00,11.7157622400,11.7574850400,11.5321819200,11.6573503200,28726963
2021-02-24 10:30:00,11.7407959200,11.8492752000,11.4654254400,11.6573503200,50028705
2021-02-24 11:30:00,11.6573503200,11.8242415200,11.5405264800,11.5488710400,35454210
2021-02-24 14:00:00,11.5488710400,11.7074176800,11.5238373600,11.6656948800,19132835
2021-02-24 15:00:00,11.6656948800,11.6740394400,11.4153580800,11.4487363200,36052120
2021-02-25 10:30:00,11.6323166400,11.6740394400,11.1900549600,11.5572156000,54405404
2021-02-25 11:30:00,11.5572156000,12.0578892000,11.5071482400,11.9827881600,65908995
2021-02-25 14:00:00,11.9744436000,12.0078218400,11.7908632800,11.8075524000,19622063
2021-02-25 15:00:00,11.8075524000,12.0161664000,11.6907285600,12.0161664000,41621655
2021-02-26 10:30:00,11.6656948800,12.0078218400,11.4570808800,11.9327208000,68020279
2021-02-26 11:30:00,11.9327208000,12.0161664000,11.7157622400,11.8242415200,20784818
2021-02-26 14:00:00,11.8325860800,11.9160316800,11.5822492800,11.7241068000,27230838
2021-02-26 15:00:00,11.7157622400,11.9994772800,11.7157622400,11.9994772800,33563602
2021-03-01 10:30:00,12.1079565600,12.4167052800,11.8325860800,12.3416042400,79918969
2021-03-01 11:30:00,12.3416042400,12.5001508800,12.3082260000,12.4333944000,31163811
2021-03-01 14:00:00,12.4417389600,12.6420084000,12.3332596800,12.6253192800,39384527
2021-03-01 15:00:00,12.6169747200,13.1009592000,12.5168400000,13.1009592000,65377496
2021-03-02 10:30:00,13.0175136000,13.2261276000,12.7671768000,12.9424125600,85236220
2021-03-02 11:30:00,12.9340680000,12.9507571200,12.6920757600,12.7922104800,35124118
2021-03-02 14:00:00,12.7922104800,13.0175136000,12.7421431200,12.8339332800,22851121
2021-03-02 15:00:00,12.8422778400,13.0008244800,12.7838659200,12.8506224000,26245785
2021-03-03 10:30:00,12.6837312000,13.0592364000,12.5418736800,12.6503529600,55715996
2021-03-03 11:30:00,12.6420084000,12.8589669600,12.6253192800,12.8255887200,18518088
2021-03-03 14:00:00,12.8339332800,12.9591016800,12.7671768000,12.8172441600,16478198
2021-03-03 15:00:00,12.8255887200,12.9841353600,12.7922104800,12.9757908000,32604255
2021-03-04 10:30:00,12.7671768000,12.7671768000,12.3416042400,12.4250498400,86526036
2021-03-04 11:30:00,12.4333944000,12.4500835200,12.1997467200,12.3082260000,33017938
2021-03-04 14:00:00,12.3082260000,12.3249151200,11.8826534400,11.9160316800,51717043
2021-03-04 15:00:00,11.9160316800,12.0245109600,11.6823840000,11.8325860800,81032670
2021-03-05 10:30:00,11.2651560000,11.4904591200,10.8729616800,11.1983995200,94220660
2021-03-05 11:30:00,11.1983995200,11.5405264800,11.1900549600,11.3569461600,30265545
2021-03-05 14:00:00,11.3569461600,11.4988036800,11.2568114400,11.4988036800,16937141
2021-03-05 15:00:00,11.4988036800,11.5321819200,11.1817104000,11.2818451200,42529830
2021-03-08 10:30:00,11.2985342400,11.6156275200,11.0231637600,11.0815756800,70087614
2021-03-08 11:30:00,11.0732311200,11.0815756800,10.7144150400,10.7728269600,51679114
2021-03-08 14:00:00,10.7644824000,10.8479280000,10.5141456000,10.5558684000,46144616
2021-03-08 15:00:00,10.5558684000,10.5642129600,10.3138761600,10.3722880800,49636151
2021-03-09 10:30:00,10.2137414400,10.3889772000,9.6212776800,10.1720186400,107113343
2021-03-09 11:30:00,10.1803632000,10.5391792800,10.0385056800,10.4307000000,26030988
2021-03-09 14:00:00,10.4307000000,10.5642129600,10.3222207200,10.4891119200,20372921
2021-03-09 15:00:00,10.4891119200,10.4974564800,10.1052621600,10.3639435200,23436419
2021-03-10 10:30:00,10.4974564800,10.6059357600,10.1386404000,10.2304305600,54906836
2021-03-10 11:30:00,10.2304305600,10.4140108800,10.2137414400,10.3305652800,12268014
2021-03-10 14:00:00,10.3472544000,10.4724228000,10.3389098400,10.4307000000,22281128
2021-03-10 15:00:00,10.4223554400,10.4557336800,10.2971870400,10.3222207200,15207501
2021-03-11 10:30:00,10.4390445600,10.7978606400,10.4223554400,10.7060704800,58696217
2021-03-11 11:30:00,10.7144150400,10.9647518400,10.7144150400,10.8646171200,32970777
2021-03-11 14:00:00,10.8729616800,11.0398528800,10.8228943200,10.8896508000,23420503
2021-03-11 15:00:00,10.8813062400,10.8896508000,10.7311041600,10.8729616800,21981152
2021-03-12 10:30:00,10.9063399200,10.9397181600,10.5809020800,10.6560031200,45455595
2021-03-12 11:30:00,10.6560031200,10.8395834400,10.6059357600,10.8395834400,16304039
2021-03-12 14:00:00,10.8395834400,10.8562725600,10.6977259200,10.7060704800,13552779
2021-03-12 15:00:00,10.7060704800,10.7978606400,10.6893813600,10.7728269600,14643310
2021-03-15 10:30:00,10.6393140000,10.7477932800,10.4307000000,10.6393140000,34403713
2021-03-15 11:30:00,10.6309694400,10.6893813600,10.5809020800,10.6393140000,12169638
2021-03-15 14:00:00,10.6560031200,10.6643476800,10.5058010400,10.5308347200,12976209
2021-03-15 15:00:00,10.5308347200,10.5642129600,10.4056663200,10.5141456000,21583503
2021-03-16 10:30:00,10.6059357600,10.7644824000,10.4390445600,10.5224901600,32632480
2021-03-16 11:30:00,10.5224901600,10.5224901600,10.3472544000,10.3806326400,25083824
2021-03-16 14:00:00,10.3889772000,10.5058010400,10.3555989600,10.3889772000,12606700
2021-03-16 15:00:00,10.3889772000,10.4390445600,10.3722880800,10.4140108800,13386874
2021-03-17 10:30:00,10.2638088000,10.5975912000,10.2053968800,10.4891119200,35929620
2021-03-17 11:30:00,10.4891119200,10.5809020800,10.4056663200,10.4473891200,11162569
2021-03-17 14:00:00,10.4390445600,10.4891119200,10.4056663200,10.4891119200,7459360
2021-03-17 15:00:00,10.4807673600,10.5809020800,10.4724228000,10.5224901600,14659841
2021-03-18 10:30:00,10.5892466400,10.6643476800,10.4307000000,10.5308347200,26894957
2021-03-18 11:30:00,10.5224901600,10.7477932800,10.5058010400,10.6560031200,21245834
2021-03-18 14:00:00,10.6560031200,10.7895160800,10.6059357600,10.6726922400,17962980
2021-03-18 15:00:00,10.6726922400,10.6977259200,10.5975912000,10.6476585600,14620722
2021-03-19 10:30:00,10.3973217600,10.5475238400,10.3472544000,10.4557336800,30180609
2021-03-19 11:30:00,10.4473891200,10.5141456000,10.4307000000,10.4473891200,9099802
2021-03-19 14:00:00,10.4473891200,10.4473891200,10.1636740800,10.2304305600,31613452
2021-03-19 15:00:00,10.2387751200,10.3222207200,10.1803632000,10.2554642400,22896404
2021-03-22 10:30:00,10.2220860000,11.0315083200,10.1887077600,10.7227596000,76950965
2021-03-22 11:30:00,10.7227596000,10.8729616800,10.6226248800,10.7978606400,19393523
2021-03-22 14:00:00,10.8062052000,10.8646171200,10.7728269600,10.8312388800,12275608
2021-03-22 15:00:00,10.8145497600,10.8562725600,10.7895160800,10.8312388800,19082785
2021-03-23 10:30:00,10.8729616800,10.8979953600,10.5642129600,10.6142803200,30334388
2021-03-23 11:30:00,10.6142803200,10.6142803200,10.4640782400,10.5224901600,18332116
2021-03-23 14:00:00,10.5141456000,10.5391792800,10.4223554400,10.4807673600,16097646
2021-03-23 15:00:00,10.4807673600,10.5558684000,10.4223554400,10.5475238400,15781460
2021-03-24 10:30:00,10.4557336800,10.5725575200,10.1970523200,10.2137414400,31743801
2021-03-24 11:30:00,10.2053968800,10.2471196800,10.0134720000,10.0885730400,33381564
2021-03-24 14:00:00,10.0802284800,10.0802284800,9.7714797600,9.7965134400,42733557
2021-03-24 15:00:00,9.7965134400,10.0051274400,9.7631352000,9.8883036000,40089827
2021-03-25 10:30:00,9.8048580000,9.9800937600,9.7631352000,9.8883036000,35632310
2021-03-25 11:30:00,9.8883036000,9.9216818400,9.7798243200,9.8215471200,12609453
2021-03-25 14:00:00,9.8215471200,9.9467155200,9.8215471200,9.9049927200,8711253
2021-03-25 15:00:00,9.9049927200,9.9049927200,9.8132025600,9.8716144800,9693943
2021-03-26 10:30:00,9.9717492000,10.2220860000,9.9383709600,9.9967828800,31423478
2021-03-26 11:30:00,9.9967828800,10.2638088000,9.9800937600,10.2220860000,23734134
2021-03-26 14:00:00,10.2137414400,10.3055316000,10.2137414400,10.2721533600,13122954
2021-03-26 15:00:00,10.2721533600,10.2721533600,10.1553295200,10.1887077600,15133881
2021-03-29 10:30:00,10.1887077600,10.3055316000,9.9717492000,10.3055316000,31032133
2021-03-29 11:30:00,10.3055316000,10.3555989600,10.1469849600,10.2721533600,15472758
2021-03-29 14:00:00,10.2638088000,10.2888424800,10.1720186400,10.2220860000,7258219
2021-03-29 15:00:00,10.2304305600,10.2638088000,10.1803632000,10.2471196800,10935495
2021-03-30 10:30:00,10.2804979200,10.5391792800,10.2804979200,10.4640782400,32974377
2021-03-30 11:30:00,10.4557336800,10.6476585600,10.4223554400,10.6142803200,23443227
2021-03-30 14:00:00,10.6142803200,10.6393140000,10.4307000000,10.4557336800,15519841
2021-03-30 15:00:00,10.4557336800,10.5725575200,10.4473891200,10.5558684000,17669480
2021-03-31 10:30:00,10.8479280000,10.8479280000,10.2053968800,10.3639435200,84847844
2021-03-31 11:30:00,10.3722880800,10.4557336800,10.2971870400,10.3973217600,10370247
2021-03-31 14:00:00,10.3973217600,10.7811715200,10.3722880800,10.6142803200,24859975
2021-03-31 15:00:00,10.6142803200,10.6226248800,10.5475238400,10.6059357600,15905256
2021-04-01 10:30:00,10.5809020800,10.9730964000,10.5391792800,10.9230290400,54228743
2021-04-01 11:30:00,10.9313736000,11.1733658400,10.8979953600,10.9981300800,43109756
2021-04-01 14:00:00,11.0064746400,11.0231637600,10.8228943200,10.8479280000,19417185
2021-04-01 15:00:00,10.8395834400,10.9897855200,10.8312388800,10.9063399200,21108518
2021-04-02 10:30:00,10.9146844800,10.9814409600,10.7144150400,10.8312388800,33014902
2021-04-02 11:30:00,10.8479280000,11.0315083200,10.8395834400,10.9730964000,20785810
2021-04-02 14:00:00,10.9647518400,10.9814409600,10.7811715200,10.8562725600,12232179
2021-04-02 15:00:00,10.8479280000,10.9564072800,10.8479280000,10.9063399200,15805810
2021-04-06 10:30:00,10.9146844800,10.9981300800,10.6977259200,10.8979953600,34088232
2021-04-06 11:30:00,10.8896508000,10.9063399200,10.7561378400,10.7978606400,8930782
2021-04-06 14:00:00,10.7895160800,10.8646171200,10.7477932800,10.8479280000,9040912
2021-04-06 15:00:00,10.8479280000,10.8562725600,10.8062052000,10.8395834400,10631918
2021-04-07 10:30:00,10.9313736000,10.9397181600,10.6810368000,10.8479280000,27040507
2021-04-07 11:30:00,10.8562725600,10.9981300800,10.8479280000,10.9647518400,21044296
2021-04-07 14:00:00,10.9647518400,11.0565420000,10.9480627200,10.9981300800,20575705
2021-04-07 15:00:00,10.9897855200,11.0982648000,10.9897855200,11.0982648000,23989248
2021-04-08 10:30:00,11.0231637600,11.1066093600,10.9313736000,11.0648865600,21475598
2021-04-08 11:30:00,11.0565420000,11.1316430400,11.0565420000,11.0899202400,13339120
2021-04-08 14:00:00,11.0899202400,11.1066093600,10.9730964000,11.0315083200,11615169
2021-04-08 15:00:00,11.0315083200,11.0899202400,10.9814409600,10.9981300800,12967498
2021-04-09 10:30:00,11.0148192000,11.0899202400,10.7060704800,10.8312388800,34851218
2021-04-09 11:30:00,10.8228943200,10.8395834400,10.6643476800,10.7227596000,15452816
2021-04-09 14:00:00,10.7227596000,10.7311041600,10.4724228000,10.5975912000,32304881
2021-04-09 15:00:00,10.5975912000,10.7895160800,10.5725575200,10.7311041600,17982320
2021-04-12 10:30:00,10.6059357600,10.6560031200,10.1469849600,10.1720186400,51156955
2021-04-12 11:30:00,10.1720186400,10.1803632000,9.9300264000,10.0718839200,40226828
2021-04-12 14:00:00,10.0802284800,10.1636740800,9.9133372800,9.9467155200,25570015
2021-04-12 15:00:00,9.9467155200,10.1219512800,9.9300264000,9.9967828800,25461416
2021-04-13 10:30:00,9.9300264000,10.1302958400,9.8716144800,10.0718839200,23883753
2021-04-13 11:30:00,10.0802284800,10.0969176000,10.0134720000,10.0301611200,7801414
2021-04-13 14:00:00,10.0301611200,10.2137414400,9.9800937600,10.1803632000,21374190
2021-04-13 15:00:00,10.1887077600,10.1887077600,10.0802284800,10.1720186400,16198143
2021-04-14 10:30:00,10.1052621600,10.2721533600,10.0969176000,10.2471196800,20995675
2021-04-14 11:30:00,10.2471196800,10.4223554400,10.2471196800,10.3722880800,19591050
2021-04-14 14:00:00,10.3722880800,10.3973217600,10.3389098400,10.3889772000,9052163
2021-04-14 15:00:00,10.3889772000,10.4140108800,10.1803632000,10.2888424800,17906962
2021-04-15 10:30:00,10.2638088000,10.2638088000,10.0218165600,10.1636740800,22511335
2021-04-15 11:30:00,10.1553295200,10.1720186400,10.1052621600,10.1469849600,5332050
2021-04-15 14:00:00,10.1553295200,10.2554642400,10.1219512800,10.2387751200,5923287
2021-04-15 15:00:00,10.2220860000,10.3055316000,10.1887077600,10.2804979200,10460869
2021-04-16 10:30:00,10.3639435200,10.3973217600,10.0969176000,10.1469849600,20043787
2021-04-16 11:30:00,10.1469849600,10.2471196800,10.1136067200,10.2220860000,8015767
2021-04-16 14:00:00,10.2304305600,10.3055316000,10.1720186400,10.2804979200,8833900
2021-04-16 15:00:00,10.2804979200,10.3222207200,10.2471196800,10.2804979200,13695350
2021-04-19 10:30:00,10.1803632000,10.3639435200,10.0635393600,10.3138761600,34879414
2021-04-19 11:30:00,10.3138761600,10.4140108800,10.2971870400,10.3305652800,14582966
2021-04-19 14:00:00,10.3305652800,10.3389098400,10.2137414400,10.3305652800,16721192
2021-04-19 15:00:00,10.3222207200,10.3889772000,10.2804979200,10.3889772000,23026616
2021-04-20 10:30:00,10.3138761600,10.3389098400,10.1553295200,10.2304305600,29074211
2021-04-20 11:30:00,10.2304305600,10.4307000000,10.2137414400,10.3555989600,15496570
2021-04-20 14:00:00,10.3555989600,10.4724228000,10.3138761600,10.3555989600,16289108
2021-04-20 15:00:00,10.3555989600,10.3555989600,10.2638088000,10.3472544000,14428063
2021-04-21 10:30:00,10.2554642400,10.2638088000,10.1219512800,10.1887077600,20514290
2021-04-21 11:30:00,10.1803632000,10.2971870400,10.1803632000,10.2638088000,6467081
2021-04-21 14:00:00,10.2638088000,10.2638088000,10.1887077600,10.2053968800,6940910
2021-04-21 15:00:00,10.1970523200,10.2220860000,10.1720186400,10.1720186400,12694703
2021-04-22 10:30:00,10.1803632000,10.2387751200,10.0969176000,10.1887077600,18095774
2021-04-22 11:30:00,10.1803632000,10.1970523200,10.1136067200,10.1219512800,7368107
2021-04-22 14:00:00,10.1219512800,10.1219512800,10.0802284800,10.0885730400,10824670
2021-04-22 15:00:00,10.0885730400,10.1636740800,10.0551948000,10.1386404000,12200193
2021-04-23 10:30:00,10.0969176000,10.3055316000,10.0551948000,10.2804979200,26714811
2021-04-23 11:30:00,10.2721533600,10.3722880800,10.2638088000,10.2638088000,16947224
2021-04-23 14:00:00,10.2721533600,10.2804979200,10.2137414400,10.2387751200,6680064
2021-04-23 15:00:00,10.2387751200,10.2804979200,10.2304305600,10.2554642400,9478056
2021-04-26 10:30:00,10.2304305600,10.3389098400,10.2053968800,10.2638088000,24752536
2021-04-26 11:30:00,10.2721533600,10.2804979200,10.0551948000,10.0969176000,26205014
2021-04-26 14:00:00,10.0969176000,10.1553295200,9.9967828800,10.0134720000,18340641
2021-04-26 15:00:00,10.0051274400,10.0134720000,9.9133372800,9.9300264000,28690173
2021-04-27 10:30:00,9.8716144800,9.9300264000,9.6796896000,9.6963787200,30712749
2021-04-27 11:30:00,9.6880341600,9.7547906400,9.6463113600,9.6713450400,14825836
2021-04-27 14:00:00,9.6713450400,9.9049927200,9.6045885600,9.8883036000,15406330
2021-04-27 15:00:00,9.8966481600,9.9300264000,9.8298916800,9.8716144800,11112474
2021-04-28 10:30:00,9.8382362400,9.9967828800,9.7881688800,9.9133372800,17113699
2021-04-28 11:30:00,9.9049927200,9.9634046400,9.8549253600,9.8716144800,6755580
2021-04-28 14:00:00,9.8632699200,9.8966481600,9.8215471200,9.8966481600,6209487
2021-04-28 15:00:00,9.8966481600,9.9383709600,9.8716144800,9.9300264000,9080778
2021-04-29 10:30:00,9.9634046400,10.0385056800,9.8966481600,9.9216818400,17644037
2021-04-29 11:30:00,9.9216818400,9.9383709600,9.8632699200,9.8966481600,8042657
2021-04-29 14:00:00,9.8966481600,9.9133372800,9.8465808000,9.8716144800,8139703
2021-04-29 15:00:00,9.8632699200,9.9467155200,9.8549253600,9.9133372800,10608332
2021-04-30 10:30:00,10.0051274400,10.0385056800,9.7130678400,9.7464460800,24835528
2021-04-30 11:30:00,9.7381015200,9.9550600800,9.6963787200,9.9300264000,17053553
2021-04-30 14:00:00,9.9300264000,9.9467155200,9.8215471200,9.8465808000,7418200
2021-04-30 15:00:00,9.8549253600,9.8883036000,9.8382362400,9.8549253600,7843952
2021-05-06 10:30:00,9.8298916800,9.8298916800,9.4210082400,9.6630004800,46582298
2021-05-06 11:30:00,9.6713450400,9.6963787200,9.5962440000,9.6630004800,11075634
2021-05-06 14:00:00,9.6546559200,9.7547906400,9.6379668000,9.7464460800,10767652
2021-05-06 15:00:00,9.7381015200,9.7381015200,9.6296222400,9.6463113600,14415303
2021-05-07 10:30:00,9.6630004800,9.8966481600,9.6045885600,9.6713450400,25726955
2021-05-07 11:30:00,9.6713450400,9.6796896000,9.6379668000,9.6713450400,9400647
2021-05-07 14:00:00,9.6713450400,9.6963787200,9.5294875200,9.5378320800,14157470
2021-05-07 15:00:00,9.5378320800,9.5461766400,9.4877647200,9.4961092800,18431531
2021-05-10 10:30:00,9.4126636800,9.4126636800,9.1790160000,9.2624616000,30745179
2021-05-10 11:30:00,9.2624616000,9.3375626400,9.1790160000,9.1873605600,19880629
2021-05-10 14:00:00,9.1873605600,9.1873605600,9.0288139200,9.1456377600,28838916
2021-05-10 15:00:00,9.1372932000,9.2541170400,9.1122595200,9.2457724800,19754593
2021-05-11 10:30:00,9.1039149600,9.1539823200,8.9787465600,9.0204693600,31291602
2021-05-11 11:30:00,9.0288139200,9.2123942400,9.0204693600,9.1539823200,12019559
2021-05-11 14:00:00,9.1539823200,9.3041844000,9.1122595200,9.3041844000,15225878
2021-05-11 15:00:00,9.3041844000,9.3041844000,9.2457724800,9.2874952800,11937496
2021-05-12 10:30:00,9.1706714400,9.2541170400,9.0705367200,9.1122595200,21369595
2021-05-12 11:30:00,9.1122595200,9.1539823200,9.0705367200,9.0788812800,10376225
2021-05-12 14:00:00,9.0872258400,9.1372932000,9.0371584800,9.1206040800,11172486
2021-05-12 15:00:00,9.1206040800,9.2040496800,9.1039149600,9.1790160000,12888314
2021-05-13 10:30:00,9.0705367200,9.1289486400,9.0204693600,9.0538476000,16841813
2021-05-13 11:30:00,9.0455030400,9.0872258400,9.0288139200,9.0455030400,7620417
2021-05-13 14:00:00,9.0455030400,9.0538476000,8.9537128800,9.0121248000,12307574
2021-05-13 15:00:00,9.0121248000,9.0371584800,8.9787465600,8.9870911200,11477554
2021-05-14 10:30:00,9.0288139200,9.0955704000,8.9537128800,8.9787465600,17242220
2021-05-14 11:30:00,8.9787465600,9.1706714400,8.9787465600,9.1456377600,18715500
2021-05-14 14:00:00,9.1539823200,9.2457724800,9.1456377600,9.2290833600,14872677
2021-05-14 15:00:00,9.2374279200,9.2541170400,9.1957051200,9.2290833600,11263670
2021-05-17 10:30:00,9.2207388000,9.5127984000,9.1873605600,9.4376973600,34358355
2021-05-17 11:30:00,9.4460419200,9.5545212000,9.3876300000,9.3876300000,16829986
2021-05-17 14:00:00,9.3959745600,9.3959745600,9.2958398400,9.3041844000,12297340
2021-05-17 15:00:00,9.3041844000,9.3625963200,9.2791507200,9.3292180800,10040498
2021-05-18 10:30:00,9.3292180800,9.3542517600,9.1372932000,9.1539823200,18428877
2021-05-18 11:30:00,9.1623268800,9.1790160000,9.1289486400,9.1623268800,7483005
2021-05-18 14:00:00,9.1623268800,9.2123942400,9.1372932000,9.1706714400,7363836
2021-05-18 15:00:00,9.1706714400,9.1790160000,9.1456377600,9.1706714400,8529610
2021-05-19 10:30:00,9.1122595200,9.2541170400,9.0204693600,9.2374279200,20539286
2021-05-19 11:30:00,9.2457724800,9.2541170400,9.1122595200,9.1456377600,6435700
2021-05-19 14:00:00,9.1539823200,9.1623268800,9.0705367200,9.0788812800,5176180
2021-05-19 15:00:00,9.0788812800,9.0955704000,9.0538476000,9.0788812800,8090140
2021-05-20 10:30:00,9.1456377600,9.3459072000,9.0288139200,9.0371584800,36886791
2021-05-20 11:30:00,9.0371584800,9.0371584800,8.9704020000,8.9954356800,15671049
2021-05-20 14:00:00,8.9954356800,9.0621921600,8.9870911200,9.0538476000,8369198
2021-05-20 15:00:00,9.0621921600,9.0788812800,9.0204693600,9.0204693600,10125621
2021-05-21 10:30:00,9.0288139200,9.0705367200,8.7617880000,8.8035108000,38223435
2021-05-21 11:30:00,8.8035108000,8.8368890400,8.7701325600,8.7784771200,10885092
2021-05-21 14:00:00,8.7701325600,8.7868216800,8.7200652000,8.7367543200,19171542
2021-05-21 15:00:00,8.7367543200,8.7450988800,8.6699978400,8.7200652000,21877192
2021-05-24 10:30:00,8.7450988800,8.7617880000,8.6032413600,8.6282750400,27183505
2021-05-24 11:30:00,8.6282750400,8.7868216800,8.6199304800,8.7367543200,14378684
2021-05-24 14:00:00,8.7367543200,8.7951662400,8.7367543200,8.7784771200,10895458
2021-05-24 15:00:00,8.7701325600,8.8702672800,8.7617880000,8.8619227200,16005293
2021-05-25 10:30:00,8.8702672800,8.8869564000,8.6616532800,8.7450988800,25701277
2021-05-25 11:30:00,8.7367543200,8.8869564000,8.7367543200,8.8619227200,16075835
2021-05-25 14:00:00,8.8702672800,8.9203346400,8.8368890400,8.9036455200,13732970
2021-05-25 15:00:00,8.9036455200,8.9453683200,8.8953009600,8.9286792000,17361568
2021-05-26 10:30:00,8.9286792000,9.3041844000,8.9286792000,9.2958398400,60239626
2021-05-26 11:30:00,9.2958398400,9.3041844000,9.1456377600,9.1957051200,18770060
2021-05-26 14:00:00,9.1873605600,9.3041844000,9.1790160000,9.2624616000,16583640
2021-05-26 15:00:00,9.2624616000,9.2708061600,9.2374279200,9.2541170400,16938149
2021-05-27 10:30:00,9.2123942400,9.2207388000,9.0538476000,9.1539823200,26297216
2021-05-27 11:30:00,9.1623268800,9.2958398400,9.1456377600,9.2708061600,14271873
2021-05-27 14:00:00,9.2708061600,9.3625963200,9.2207388000,9.2541170400,15618940
2021-05-27 15:00:00,9.2624616000,9.2958398400,9.2374279200,9.2708061600,14860196
2021-05-28 10:30:00,9.2708061600,9.2791507200,9.1456377600,9.1790160000,19774796
2021-05-28 11:30:00,9.1790160000,9.1957051200,9.1372932000,9.1456377600,9637350
2021-05-28 14:00:00,9.1372932000,9.1623268800,9.0705367200,9.0788812800,14580320
2021-05-28 15:00:00,9.0788812800,9.1372932000,9.0204693600,9.1206040800,15910580
2021-05-31 10:30:00,9.1372932000,9.1790160000,8.9537128800,8.9704020000,21958899
2021-05-31 11:30:00,8.9787465600,8.9954356800,8.8786118400,8.8953009600,18820251
2021-05-31 14:00:00,8.8869564000,8.9370237600,8.8619227200,8.8702672800,16093167
2021-05-31 15:00:00,8.8702672800,8.9787465600,8.8702672800,8.9704020000,13449940
2021-06-01 10:30:00,8.9704020000,9.1539823200,8.9036455200,8.9704020000,30922360
2021-06-01 11:30:00,8.9704020000,9.0288139200,8.9453683200,9.0288139200,7163670
2021-06-01 14:00:00,9.0288139200,9.0955704000,9.0037802400,9.0872258400,9299954
2021-06-01 15:00:00,9.0788812800,9.1289486400,9.0705367200,9.1122595200,19319995
2021-06-02 10:30:00,9.1790160000,9.2791507200,8.9787465600,9.0037802400,30785302
2021-06-02 11:30:00,8.9954356800,9.0121248000,8.9453683200,8.9620574400,11003570
2021-06-02 14:00:00,8.9704020000,8.9870911200,8.9036455200,8.9119900800,12092048
2021-06-02 15:00:00,8.9036455200,8.9203346400,8.8869564000,8.9036455200,13700930
2021-06-03 10:30:00,8.9036455200,8.9203346400,8.7701325600,8.7951662400,19837780
2021-06-03 11:30:00,8.7951662400,8.8535781600,8.7868216800,8.8118553600,10029326
2021-06-03 14:00:00,8.8201999200,8.8201999200,8.7534434400,8.7868216800,17373997
2021-06-03 15:00:00,8.7951662400,8.7951662400,8.7200652000,8.7200652000,16249504
2021-06-04 10:30:00,8.6783424000,8.6950315200,8.5281403200,8.5531740000,31664840
2021-06-04 11:30:00,8.5531740000,8.6366196000,8.5281403200,8.5448294400,15318380
2021-06-04 14:00:00,8.5615185600,8.6115859200,8.5281403200,8.5615185600,17604960
2021-06-04 15:00:00,8.5615185600,8.5615185600,8.5281403200,8.5531740000,13805866
2021-06-07 10:30:00,8.5531740000,8.6115859200,8.4947620800,8.5865522400,16353205
2021-06-07 11:30:00,8.5865522400,8.5865522400,8.5364848800,8.5364848800,6881937
2021-06-07 14:00:00,8.5364848800,8.5782076800,8.5197957600,8.5698631200,6797509
2021-06-07 15:00:00,8.5698631200,8.6199304800,8.5531740000,8.6032413600,10999743
2021-06-08 10:30:00,8.5698631200,8.5865522400,8.4697284000,8.4780729600,22430594
2021-06-08 11:30:00,8.4780729600,8.5281403200,8.4697284000,8.5031066400,12475200
2021-06-08 14:00:00,8.5031066400,8.5114512000,8.4363501600,8.4446947200,10710488
2021-06-08 15:00:00,8.4446947200,8.4613838400,8.4280056000,8.4530392800,13734691
2021-06-09 10:30:00,8.4029719200,8.4113164800,8.2611144000,8.2944926400,31825311
2021-06-09 11:30:00,8.2944926400,8.4029719200,8.2277361600,8.3779382400,24943014
2021-06-09 14:00:00,8.3779382400,8.4864175200,8.3445600000,8.3445600000,13628269
2021-06-09 15:00:00,8.3445600000,8.3779382400,8.3278708800,8.3695936800,8240120
2021-06-10 10:30:00,8.3445600000,8.4280056000,8.3195263200,8.3862828000,20786467
2021-06-10 11:30:00,8.3946273600,8.4446947200,8.3612491200,8.3695936800,13275509
2021-06-10 14:00:00,8.3695936800,8.3946273600,8.3278708800,8.3278708800,13037395
2021-06-10 15:00:00,8.3362154400,8.3445600000,8.2611144000,8.2611144000,19788415
2021-06-11 10:30:00,8.3695936800,8.3779382400,7.9857439200,8.1025677600,58583925
2021-06-11 11:30:00,8.1109123200,8.1276014400,8.0274667200,8.0274667200,19911793
2021-06-11 14:00:00,8.0274667200,8.0608449600,8.0024330400,8.0525004000,23330373
2021-06-11 15:00:00,8.0525004000,8.1192568800,8.0441558400,8.0775340800,25859583
2021-06-15 10:30:00,8.0274667200,8.0525004000,7.8438864000,7.8772646400,35111684
2021-06-15 11:30:00,7.8772646400,7.8939537600,7.8438864000,7.8856092000,11128710
2021-06-15 14:00:00,7.8772646400,7.9440211200,7.8605755200,7.8939537600,10173082
2021-06-15 15:00:00,7.8939537600,7.9022983200,7.8438864000,7.8522309600,15026931
2021-06-16 10:30:00,7.8355418400,7.9189874400,7.7938190400,7.8522309600,18973018
2021-06-16 11:30:00,7.8522309600,7.8772646400,7.8188527200,7.8188527200,7112479
2021-06-16 14:00:00,7.8188527200,7.8271972800,7.6936843200,7.7187180000,15781932
2021-06-16 15:00:00,7.7187180000,7.7604408000,7.6769952000,7.7020288800,15681624
2021-06-17 10:30:00,7.6436169600,7.7270625600,7.6269278400,7.6769952000,30812149
2021-06-17 11:30:00,7.6769952000,7.6853397600,7.6352724000,7.6436169600,10659670
2021-06-17 14:00:00,7.6352724000,7.7187180000,7.5935496000,7.6352724000,22087735
2021-06-17 15:00:00,7.6352724000,7.6603060800,7.6102387200,7.6185832800,12496680
2021-06-18 10:30:00,7.6519615200,7.6603060800,7.4850703200,7.5518268000,35280429
2021-06-18 11:30:00,7.5518268000,7.5601713600,7.4934148800,7.5101040000,13678057
2021-06-18 14:00:00,7.5101040000,7.5852050400,7.5101040000,7.5685159200,10828412
2021-06-18 15:00:00,7.5768604800,7.6853397600,7.5685159200,7.6769952000,28275756
2021-06-21 10:30:00,7.6603060800,7.6603060800,7.5351376800,7.6185832800,26554847
2021-06-21 11:30:00,7.6185832800,7.6352724000,7.5434822400,7.5768604800,9119423
2021-06-21 14:00:00,7.5768604800,7.6018941600,7.5434822400,7.5518268000,15849000
2021-06-21 15:00:00,7.5434822400,7.5601713600,7.5267931200,7.5434822400,18253671
2021-06-22 10:30:00,7.5601713600,7.8271972800,7.5518268000,7.8105081600,66773274
2021-06-22 11:30:00,7.8105081600,7.8355418400,7.7270625600,7.7354071200,20104645
2021-06-22 14:00:00,7.7354071200,7.7437516800,7.6603060800,7.6769952000,14689043
2021-06-22 15:00:00,7.6686506400,7.7103734400,7.6686506400,7.7103734400,13803900
2021-06-23 10:30:00,7.7103734400,7.7270625600,7.5685159200,7.6269278400,26635824
2021-06-23 11:30:00,7.6269278400,7.6519615200,7.5935496000,7.6269278400,12051560
2021-06-23 14:00:00,7.6185832800,7.6519615200,7.6018941600,7.6352724000,13558120
2021-06-23 15:00:00,7.6352724000,7.6436169600,7.5935496000,7.6185832800,18364783
2021-06-24 10:30:00,7.6185832800,7.6519615200,7.5101040000,7.6018941600,28338490
2021-06-24 11:30:00,7.6102387200,7.6102387200,7.5518268000,7.5601713600,9541686
2021-06-24 14:00:00,7.5601713600,7.5852050400,7.5518268000,7.5601713600,8086020
2021-06-24 15:00:00,7.5601713600,7.5685159200,7.5434822400,7.5601713600,14163862
2021-06-25 10:30:00,7.5935496000,7.7187180000,7.5434822400,7.6936843200,37680752
2021-06-25 11:30:00,7.6936843200,7.6936843200,7.6352724000,7.6686506400,11280045
2021-06-25 14:00:00,7.6686506400,7.8856092000,7.6603060800,7.8522309600,45745743
2021-06-25 15:00:00,7.8605755200,7.9523656800,7.8522309600,7.8689200800,42687309
2021-06-28 10:30:00,7.8689200800,7.8689200800,7.6936843200,7.7020288800,42131400
2021-06-28 11:30:00,7.7020288800,7.7354071200,7.6936843200,7.7270625600,14951911
2021-06-28 14:00:00,7.7270625600,7.7437516800,7.6185832800,7.6269278400,32026165
2021-06-28 15:00:00,7.6269278400,7.6603060800,7.6185832800,7.6352724000,25308448
2021-06-29 10:30:00,7.6352724000,7.6352724000,7.5351376800,7.6102387200,37691870
2021-06-29 11:30:00,7.6185832800,7.6603060800,7.5768604800,7.6519615200,12409198
2021-06-29 14:00:00,7.6519615200,7.7020288800,7.6352724000,7.6769952000,13683300
2021-06-29 15:00:00,7.6769952000,7.6853397600,7.6352724000,7.6603060800,12873617
2021-06-30 10:30:00,7.7604408000,7.8021636000,7.6352724000,7.6519615200,22492572
2021-06-30 11:30:00,7.6603060800,7.6603060800,7.5768604800,7.6269278400,14897973
2021-06-30 14:00:00,7.6269278400,7.7520962400,7.6269278400,7.6686506400,20009603
2021-06-30 15:00:00,7.6603060800,7.7103734400,7.6436169600,7.7103734400,13441486
2021-07-01 10:30:00,7.7187180000,7.7437516800,7.6018941600,7.6102387200,24609632
2021-07-01 11:30:00,7.6185832800,7.6185832800,7.5601713600,7.6102387200,13700570
2021-07-01 14:00:00,7.6102387200,7.6519615200,7.5935496000,7.6352724000,8663238
2021-07-01 15:00:00,7.6269278400,7.6352724000,7.5768604800,7.5935496000,13374560
2021-07-02 10:30:00,7.5768604800,7.5852050400,7.3765910400,7.3932801600,51968424
2021-07-02 11:30:00,7.3849356000,7.4099692800,7.3515573600,7.3932801600,12773101
2021-07-02 14:00:00,7.3932801600,7.4516920800,7.3932801600,7.4266584000,8439192
2021-07-02 15:00:00,7.4266584000,7.4266584000,7.3849356000,7.4016247200,12192319
2021-07-05 10:30:00,7.3849356000,7.3932801600,7.1846661600,7.2263889600,40304548
2021-07-05 11:30:00,7.2263889600,7.2597672000,7.1596324800,7.1679770400,25350281
2021-07-05 14:00:00,7.1679770400,7.1846661600,7.1012205600,7.1512879200,18639744
2021-07-05 15:00:00,7.1429433600,7.2263889600,7.1345988000,7.2180444000,15922202
2021-07-06 10:30:00,7.2180444000,7.4183138400,7.1930107200,7.3265236800,33615039
2021-07-06 11:30:00,7.3348682400,7.3849356000,7.3098345600,7.3765910400,11699330
2021-07-06 14:00:00,7.3765910400,7.3849356000,7.3014900000,7.3098345600,11002895
2021-07-06 15:00:00,7.3098345600,7.3932801600,7.3014900000,7.3765910400,16802565
2021-07-07 10:30:00,7.4112223200,7.5064599900,7.2986687100,7.3765904400,34805291
2021-07-07 11:30:00,7.3765904400,7.4285382600,7.3765904400,7.4112223200,8366488
2021-07-07 14:00:00,7.4198802900,7.4285382600,7.3765904400,7.4112223200,8483500
2021-07-07 15:00:00,7.4112223200,7.4198802900,7.3765904400,7.3852484100,12471651
2021-07-08 10:30:00,7.3765904400,7.4112223200,7.2640368300,7.2813527700,31024252
2021-07-08 11:30:00,7.2813527700,7.2900107400,7.2553788600,7.2726948000,11487737
2021-07-08 14:00:00,7.2726948000,7.2900107400,7.2380629200,7.2380629200,9146803
2021-07-08 15:00:00,7.2380629200,7.2467208900,7.2034310400,7.2294049500,16047652
2021-07-09 10:30:00,7.1861151000,7.2900107400,7.1428252500,7.2034310400,17553890
2021-07-09 11:30:00,7.2120890100,7.3939063800,7.2034310400,7.3506165300,19367107
2021-07-09 14:00:00,7.3506165300,7.4631701400,7.3246426200,7.4371962300,23478581
2021-07-09 15:00:00,7.4371962300,7.4545121700,7.3939063800,7.4198802900,14574926
2021-07-12 10:30:00,7.5064599900,7.5497498400,7.4112223200,7.4285382600,28144675
2021-07-12 11:30:00,7.4371962300,7.4371962300,7.3246426200,7.3592745000,20180046
2021-07-12 14:00:00,7.3592745000,7.3679324700,7.2813527700,7.2900107400,17419910
2021-07-12 15:00:00,7.2900107400,7.3073266800,7.2726948000,7.2726948000,21639879
2021-07-13 10:30:00,7.2380629200,7.2986687100,7.1428252500,7.2726948000,28699472
2021-07-13 11:30:00,7.2726948000,7.2900107400,7.2294049500,7.2294049500,8267858
2021-07-13 14:00:00,7.2380629200,7.3679324700,7.2380629200,7.3073266800,16572894
2021-07-13 15:00:00,7.2986687100,7.3333005900,7.2900107400,7.3159846500,15195795
2021-07-14 10:30:00,7.2986687100,7.2986687100,7.0995354000,7.0995354000,39361703
2021-07-14 11:30:00,7.0995354000,7.1081933700,7.0302716400,7.0389296100,30670794
2021-07-14 14:00:00,7.0389296100,7.0475875800,6.9956397600,7.0216136700,22193282
2021-07-14 15:00:00,7.0216136700,7.0302716400,6.9956397600,7.0129557000,28089784
2021-07-15 10:30:00,7.0129557000,7.0822194600,6.9177180300,6.9177180300,36335203
2021-07-15 11:30:00,6.9263760000,7.0649035200,6.9177180300,7.0389296100,19608590
2021-07-15 14:00:00,7.0389296100,7.1168513400,7.0216136700,7.0995354000,18218720
2021-07-15 15:00:00,7.0908774300,7.1774571300,7.0908774300,7.1601411900,23847624
2021-07-16 10:30:00,7.1168513400,7.1168513400,7.0216136700,7.0475875800,23795992
2021-07-16 11:30:00,7.0475875800,7.0475875800,6.9956397600,7.0216136700,17813340
2021-07-16 14:00:00,7.0302716400,7.0389296100,7.0042977300,7.0042977300,11865520
2021-07-16 15:00:00,7.0129557000,7.0389296100,7.0042977300,7.0302716400,14870130
2021-07-19 10:30:00,6.9956397600,7.0042977300,6.7705325400,6.7791905100,51099071
2021-07-19 11:30:00,6.7791905100,6.8224803600,6.7445586300,6.8224803600,26452874
2021-07-19 14:00:00,6.8224803600,6.9523499100,6.8224803600,6.8657702100,15275449
2021-07-19 15:00:00,6.8571122400,6.9523499100,6.8571122400,6.9004020900,17662896
2021-07-20 10:30:00,6.8138223900,6.9004020900,6.7705325400,6.8484542700,21182569
2021-07-20 11:30:00,6.8397963000,6.9523499100,6.8224803600,6.9263760000,12441452
2021-07-20 14:00:00,6.9263760000,7.0302716400,6.9090600600,6.9696658500,21715242
2021-07-20 15:00:00,6.9783238200,6.9956397600,6.9523499100,6.9696658500,11022347
2021-07-21 10:30:00,6.9696658500,7.0995354000,6.9523499100,6.9696658500,34742468
2021-07-21 11:30:00,6.9783238200,6.9783238200,6.8830861500,6.9090600600,16331961
2021-07-21 14:00:00,6.9090600600,6.9350339700,6.8657702100,6.8744281800,15587476
2021-07-21 15:00:00,6.8657702100,6.8917441200,6.8311383300,6.8484542700,26430639
2021-07-22 10:30:00,6.8138223900,7.2380629200,6.7965064500,7.1341672800,121068997
2021-07-22 11:30:00,7.1341672800,7.1774571300,7.1168513400,7.1774571300,22174375
2021-07-22 14:00:00,7.1774571300,7.1947730700,7.0649035200,7.0822194600,26959525
2021-07-22 15:00:00,7.0822194600,7.1081933700,7.0649035200,7.0822194600,24423926
2021-07-23 10:30:00,7.0822194600,7.2294049500,7.0302716400,7.1081933700,62576018
2021-07-23 11:30:00,7.1081933700,7.1255093100,7.0735614900,7.0908774300,22264070
2021-07-23 14:00:00,7.0908774300,7.1081933700,7.0302716400,7.0735614900,17677367
2021-07-23 15:00:00,7.0735614900,7.0995354000,7.0562455500,7.0735614900,13690051
2021-07-26 10:30:00,7.0216136700,7.0475875800,6.8397963000,6.8657702100,45605404
2021-07-26 11:30:00,6.8657702100,6.8744281800,6.7705325400,6.7878484800,25351550
2021-07-26 14:00:00,6.7878484800,6.7965064500,6.5800572000,6.7618745700,31838299
2021-07-26 15:00:00,6.7618745700,6.7705325400,6.7012687800,6.7272426900,16838480
2021-07-27 10:30:00,6.7012687800,6.7791905100,6.5454253200,6.5540832900,40795948
2021-07-27 11:30:00,6.5454253200,6.6926108100,6.5454253200,6.6406629900,12019653
2021-07-27 14:00:00,6.6493209600,6.6493209600,6.5713992300,6.5973731400,15510231
2021-07-27 15:00:00,6.5973731400,6.5973731400,6.4242137400,6.4328717100,35446239
2021-07-28 10:30:00,6.4242137400,6.4501876500,6.2597123100,6.3636079500,37306713
2021-07-28 11:30:00,6.3636079500,6.4242137400,6.3549499800,6.3895818600,9314100
2021-07-28 14:00:00,6.3809238900,6.3895818600,6.3376340400,6.3895818600,8911169
2021-07-28 15:00:00,6.3809238900,6.4588456200,6.3722659200,6.4155557700,18672224
2021-07-29 10:30:00,6.4848195300,6.5021354700,6.3982398300,6.4155557700,20953268
2021-07-29 11:30:00,6.4068978000,6.4588456200,6.3895818600,6.4242137400,10784379
2021-07-29 14:00:00,6.4242137400,6.5281093800,6.4242137400,6.4848195300,14701808
2021-07-29 15:00:00,6.4761615600,6.5021354700,6.4415296800,6.4501876500,14567694
2021-07-30 10:30:00,6.4415296800,6.5107934400,6.3376340400,6.4934775000,24047813
2021-07-30 11:30:00,6.4848195300,6.5713992300,6.4848195300,6.5194514100,14952695
2021-07-30 14:00:00,6.5281093800,6.5454253200,6.4761615600,6.5367673500,9712046
2021-07-30 15:00:00,6.5367673500,6.6233470500,6.5281093800,6.5887151700,20937468
2021-08-02 10:30:00,6.5887151700,7.1168513400,6.4328717100,7.0822194600,85623551
2021-08-02 11:30:00,7.0908774300,7.2467208900,7.0735614900,7.2467208900,97580810
2021-08-02 14:00:00,7.2467208900,7.2467208900,7.2467208900,7.2467208900,10758806
2021-08-02 15:00:00,7.2467208900,7.2467208900,7.2467208900,7.2467208900,3612321
2021-08-03 10:30:00,7.2640368300,7.4285382600,7.1774571300,7.3246426200,139210120
2021-08-03 11:30:00,7.3246426200,7.3246426200,7.2294049500,7.2813527700,25797782
2021-08-03 14:00:00,7.2813527700,7.3246426200,7.2294049500,7.3246426200,25499362
2021-08-03 15:00:00,7.3246426200,7.5324339000,7.3159846500,7.3333005900,68412565
2021-08-04 10:30:00,7.3246426200,7.7921730000,7.2553788600,7.5930396900,136437224
2021-08-04 11:30:00,7.6016976600,7.6190136000,7.5410918700,7.6016976600,21670402
2021-08-04 14:00:00,7.6103556300,7.6796193900,7.5324339000,7.5930396900,32697995
2021-08-04 15:00:00,7.5843817200,7.6016976600,7.4978020200,7.5324339000,34464358
2021-08-05 10:30:00,7.5151179600,7.6623034500,7.3852484100,7.5410918700,75741330
2021-08-05 11:30:00,7.5410918700,7.5757237500,7.4285382600,7.5497498400,29865434
2021-08-05 14:00:00,7.5497498400,7.5584078100,7.4285382600,7.4458542000,23335551
2021-08-05 15:00:00,7.4458542000,7.5151179600,7.4285382600,7.4978020200,22870798
2021-08-06 10:30:00,7.3852484100,7.5237759300,7.2726948000,7.4371962300,53341843
2021-08-06 11:30:00,7.4371962300,7.4458542000,7.3765904400,7.4285382600,15350843
2021-08-06 14:00:00,7.4198802900,7.4285382600,7.3419585600,7.3506165300,15995732
2021-08-06 15:00:00,7.3506165300,7.4198802900,7.3419585600,7.4025643500,16686245
2021-08-09 10:30:00,7.4025643500,7.7661990900,7.3679324700,7.7142512700,86173820
2021-08-09 11:30:00,7.7229092400,7.9220425500,7.6882773600,7.9133845800,55450628
2021-08-09 14:00:00,7.9220425500,7.9566744300,7.8094889400,7.8441208200,38685762
2021-08-09 15:00:00,7.8354628500,7.8960686400,7.8094889400,7.8527787900,31586159
2021-08-10 10:30:00,7.8354628500,7.8527787900,7.6276715700,7.7921730000,91978037
2021-08-10 11:30:00,7.7921730000,7.9307005200,7.7488831500,7.8787527000,39421231
2021-08-10 14:00:00,7.8960686400,7.9826483400,7.8441208200,7.9653324000,52348901
2021-08-10 15:00:00,7.9739903700,7.9739903700,7.8787527000,7.9220425500,46383119
2021-08-11 10:30:00,7.9826483400,8.1384918000,7.7921730000,7.8614367600,94129137
2021-08-11 11:30:00,7.8614367600,7.8960686400,7.8354628500,7.8441208200,25495988
2021-08-11 14:00:00,7.8527787900,7.8527787900,7.8008309700,7.8094889400,31248273
2021-08-11 15:00:00,7.8094889400,7.8441208200,7.7921730000,7.8008309700,35280315
2021-08-12 10:30:00,7.7921730000,7.7921730000,7.5843817200,7.6276715700,65343918
2021-08-12 11:30:00,7.6276715700,7.6536454800,7.5497498400,7.6190136000,30857485
2021-08-12 14:00:00,7.6103556300,7.6709614200,7.6016976600,7.6190136000,19645965
2021-08-12 15:00:00,7.6190136000,7.6536454800,7.6103556300,7.6190136000,21518389
2021-08-13 10:30:00,7.6190136000,7.7488831500,7.5151179600,7.6276715700,39902543
2021-08-13 11:30:00,7.6276715700,7.6363295400,7.5410918700,7.5670657800,18763879
2021-08-13 14:00:00,7.5584078100,7.5843817200,7.5237759300,7.5497498400,18384947
2021-08-13 15:00:00,7.5497498400,7.6449875100,7.5410918700,7.6190136000,24294337
2021-08-16 10:30:00,7.6190136000,7.6536454800,7.4112223200,7.4718281100,48792215
2021-08-16 11:30:00,7.4631701400,7.5670657800,7.4545121700,7.5151179600,12143096
2021-08-16 14:00:00,7.5151179600,7.5237759300,7.4545121700,7.4631701400,13842444
2021-08-16 15:00:00,7.4631701400,7.4804860800,7.4112223200,7.4285382600,25146085
2021-08-17 10:30:00,7.4112223200,7.5324339000,7.3939063800,7.4804860800,31049163
2021-08-17 11:30:00,7.4718281100,7.4891440500,7.3939063800,7.4025643500,13356569
2021-08-17 14:00:00,7.4025643500,7.4025643500,7.2813527700,7.2813527700,27320249
2021-08-17 15:00:00,7.2813527700,7.3333005900,7.2467208900,7.2726948000,25685818
2021-08-18 10:30:00,7.2726948000,7.3592745000,7.1947730700,7.3506165300,35000713
2021-08-18 11:30:00,7.3506165300,7.3765904400,7.2986687100,7.2986687100,16707336
2021-08-18 14:00:00,7.2986687100,7.3939063800,7.2986687100,7.3419585600,21089685
2021-08-18 15:00:00,7.3419585600,7.4112223200,7.3159846500,7.4025643500,21834789
2021-08-19 10:30:00,7.3506165300,7.3592745000,7.0216136700,7.0995354000,70817494
2021-08-19 11:30:00,7.0995354000,7.1081933700,7.0216136700,7.0475875800,24901348
2021-08-19 14:00:00,7.0475875800,7.0822194600,6.9869817900,7.0129557000,42962505
2021-08-19 15:00:00,7.0129557000,7.0562455500,6.9956397600,7.0042977300,35151843
2021-08-20 10:30:00,6.9350339700,7.0649035200,6.8830861500,7.0389296100,36730628
2021-08-20 11:30:00,7.0389296100,7.0475875800,6.9436919400,6.9436919400,15091669
2021-08-20 14:00:00,6.9436919400,6.9523499100,6.9090600600,6.9177180300,13859800
2021-08-20 15:00:00,6.9263760000,7.0302716400,6.9177180300,7.0042977300,17952939
2021-08-23 10:30:00,7.0042977300,7.1514832200,7.0042977300,7.1081933700,38307311
2021-08-23 11:30:00,7.1081933700,7.1341672800,7.0475875800,7.0735614900,15765030
2021-08-23 14:00:00,7.0735614900,7.1341672800,7.0562455500,7.0735614900,16207645
2021-08-23 15:00:00,7.0735614900,7.0995354000,7.0475875800,7.0995354000,22097843
2021-08-24 10:30:00,7.1341672800,7.1341672800,6.9696658500,6.9956397600,39215386
2021-08-24 11:30:00,6.9869817900,7.0562455500,6.9783238200,7.0475875800,19666143
2021-08-24 14:00:00,7.0475875800,7.0995354000,7.0389296100,7.0649035200,13136129
2021-08-24 15:00:00,7.0649035200,7.0735614900,7.0216136700,7.0302716400,14331544
2021-08-25 10:30:00,7.0562455500,7.0562455500,6.9350339700,6.9523499100,29250255
2021-08-25 11:30:00,6.9523499100,6.9696658500,6.9263760000,6.9436919400,16179413
2021-08-25 14:00:00,6.9436919400,6.9869817900,6.9350339700,6.9523499100,14854568
2021-08-25 15:00:00,6.9523499100,6.9610078800,6.9350339700,6.9523499100,22236296
2021-08-26 10:30:00,6.9696658500,6.9956397600,6.8917441200,6.9436919400,31648661
2021-08-26 11:30:00,6.9436919400,6.9869817900,6.9263760000,6.9523499100,19478018
2021-08-26 14:00:00,6.9610078800,6.9696658500,6.9004020900,6.9090600600,19372385
2021-08-26 15:00:00,6.9090600600,6.9177180300,6.8138223900,6.8397963000,35781111
2021-08-27 10:30:00,6.8138223900,6.9523499100,6.6839528400,6.9177180300,40695581
2021-08-27 11:30:00,6.9090600600,6.9783238200,6.9090600600,6.9090600600,16293072
2021-08-27 14:00:00,6.9177180300,6.9263760000,6.8571122400,6.8830861500,8771324
2021-08-27 15:00:00,6.8830861500,6.9004020900,6.8484542700,6.8917441200,17589101
2021-08-30 10:30:00,6.8397963000,6.8397963000,6.5800572000,6.5887151700,76680956
2021-08-30 11:30:00,6.5887151700,6.6146890800,6.5107934400,6.5194514100,56509680
2021-08-30 14:00:00,6.5281093800,6.5887151700,6.4588456200,6.4675035900,64717436
2021-08-30 15:00:00,6.4675035900,6.5281093800,6.4501876500,6.5281093800,47860482
2021-08-31 10:30:00,6.6493209600,6.9523499100,6.5973731400,6.8830861500,115214938
2021-08-31 11:30:00,6.8830861500,6.8917441200,6.7618745700,6.7878484800,24179972
2021-08-31 14:00:00,6.7878484800,6.8311383300,6.7359006600,6.8138223900,21076872
2021-08-31 15:00:00,6.8051644200,6.8571122400,6.7878484800,6.8224803600,31012302
2021-09-01 10:30:00,6.8657702100,7.2294049500,6.7618745700,7.1774571300,130841857
2021-09-01 11:30:00,7.1861151000,7.5064599900,7.1774571300,7.4978020200,122990116
2021-09-01 14:00:00,7.4978020200,7.5064599900,7.4978020200,7.5064599900,37645227
2021-09-01 15:00:00,7.5064599900,7.5064599900,7.5064599900,7.5064599900,7257424
2021-09-02 10:30:00,7.8268048800,7.8354628500,7.5237759300,7.6536454800,232028530
2021-09-02 11:30:00,7.6536454800,7.6536454800,7.5757237500,7.6190136000,36967790
2021-09-02 14:00:00,7.6276715700,7.7661990900,7.5757237500,7.6449875100,56339248
2021-09-02 15:00:00,7.6363295400,7.7142512700,7.6363295400,7.6969353300,57189760
2021-09-03 10:30:00,7.5930396900,7.7142512700,7.4804860800,7.6190136000,124406651
2021-09-03 11:30:00,7.6103556300,7.6190136000,7.4978020200,7.5237759300,35046170
2021-09-03 14:00:00,7.5237759300,7.5237759300,7.4198802900,7.4891440500,38291893
2021-09-03 15:00:00,7.4978020200,7.4978020200,7.4285382600,7.4718281100,31114608
2021-09-06 10:30:00,7.5237759300,7.8527787900,7.5151179600,7.7748570600,138449684
2021-09-06 11:30:00,7.7661990900,7.8268048800,7.7055933000,7.8008309700,45628300
2021-09-06 14:00:00,7.8094889400,7.9047266100,7.7748570600,7.7921730000,58673163
2021-09-06 15:00:00,7.7921730000,7.7921730000,7.7488831500,7.7835150300,40878437
2021-09-07 10:30:00,7.7921730000,7.7921730000,7.6190136000,7.6796193900,84714852
2021-09-07 11:30:00,7.6796193900,7.7055933000,7.6449875100,7.6796193900,26062015
2021-09-07 14:00:00,7.6796193900,7.7488831500,7.6796193900,7.7402251800,28236195
2021-09-07 15:00:00,7.7402251800,7.8527787900,7.7315672100,7.8268048800,64543321
2021-09-08 10:30:00,7.7748570600,7.7748570600,7.6363295400,7.6536454800,92028923
2021-09-08 11:30:00,7.6536454800,7.6623034500,7.6190136000,7.6449875100,33088513
2021-09-08 14:00:00,7.6449875100,7.6623034500,7.5757237500,7.6536454800,39858917
2021-09-08 15:00:00,7.6449875100,7.6623034500,7.6016976600,7.6190136000,36531970
2021-09-09 10:30:00,7.5930396900,7.9393584900,7.5670657800,7.8441208200,130899329
2021-09-09 11:30:00,7.8441208200,7.8527787900,7.7575411200,7.7661990900,31664635
2021-09-09 14:00:00,7.7661990900,7.7921730000,7.7142512700,7.7402251800,25247610
2021-09-09 15:00:00,7.7315672100,7.7748570600,7.7229092400,7.7575411200,29261445
2021-09-10 10:30:00,7.7575411200,8.0086222500,7.6449875100,7.9739903700,112649873
2021-09-10 11:30:00,7.9739903700,8.0432541300,7.8181469100,7.9307005200,63565075
2021-09-10 14:00:00,7.9307005200,7.9480164600,7.8700947300,7.8960686400,22714507
2021-09-10 15:00:00,7.8960686400,7.9913063100,7.8874106700,7.9913063100,67193945
2021-09-13 10:30:00,8.0519121000,8.0519121000,7.8008309700,7.8441208200,101157517
2021-09-13 11:30:00,7.8441208200,7.9220425500,7.8268048800,7.8354628500,27316955
2021-09-13 14:00:00,7.8354628500,7.8700947300,7.8268048800,7.8441208200,21823608
2021-09-13 15:00:00,7.8354628500,7.9047266100,7.8268048800,7.8874106700,31187754
2021-09-14 10:30:00,7.8441208200,7.8874106700,7.7142512700,7.7488831500,68089071
2021-09-14 11:30:00,7.7488831500,7.7488831500,7.6709614200,7.6709614200,37682635
2021-09-14 14:00:00,7.6796193900,7.6796193900,7.5410918700,7.5757237500,52633553
2021-09-14 15:00:00,7.5757237500,7.6103556300,7.4978020200,7.5497498400,44007685
2021-09-15 10:30:00,7.4978020200,7.6276715700,7.4285382600,7.5151179600,41314906
2021-09-15 11:30:00,7.5151179600,7.5497498400,7.4891440500,7.5324339000,17104083
2021-09-15 14:00:00,7.5324339000,7.5670657800,7.4891440500,7.4978020200,18782080
2021-09-15 15:00:00,7.4978020200,7.5237759300,7.4545121700,7.5237759300,26986729
2021-09-16 10:30:00,7.4891440500,7.5757237500,7.4545121700,7.4804860800,40148207
2021-09-16 11:30:00,7.4804860800,7.5497498400,7.4458542000,7.4804860800,22451194
2021-09-16 14:00:00,7.4804860800,7.6623034500,7.4545121700,7.5670657800,38862666
2021-09-16 15:00:00,7.5757237500,7.6363295400,7.5757237500,7.6190136000,29945545
2021-09-17 10:30:00,7.6016976600,7.6190136000,7.4631701400,7.4631701400,33994255
2021-09-17 11:30:00,7.4718281100,7.5237759300,7.4631701400,7.4718281100,14860764
2021-09-17 14:00:00,7.4804860800,7.5151179600,7.4458542000,7.4978020200,18065646
2021-09-17 15:00:00,7.5064599900,7.5324339000,7.4891440500,7.5324339000,16035395
2021-09-22 10:30:00,7.3506165300,7.3939063800,7.2294049500,7.2467208900,60856468
2021-09-22 11:30:00,7.2380629200,7.2553788600,7.2207469800,7.2207469800,18548707
2021-09-22 14:00:00,7.2207469800,7.3073266800,7.2120890100,7.2640368300,18997206
2021-09-22 15:00:00,7.2726948000,7.2813527700,7.2207469800,7.2380629200,23051937
2021-09-23 10:30:00,7.2986687100,7.5497498400,7.2986687100,7.4285382600,64311487
2021-09-23 11:30:00,7.4198802900,7.4285382600,7.3592745000,7.3852484100,9725245
2021-09-23 14:00:00,7.3852484100,7.4025643500,7.3506165300,7.3506165300,9835326
2021-09-23 15:00:00,7.3592745000,7.4371962300,7.3506165300,7.4371962300,19473095
2021-09-24 10:30:00,7.3939063800,7.3939063800,7.2467208900,7.2813527700,32733456
2021-09-24 11:30:00,7.2726948000,7.2900107400,7.2294049500,7.2467208900,17286236
2021-09-24 14:00:00,7.2553788600,7.2640368300,7.2294049500,7.2380629200,9675420
2021-09-24 15:00:00,7.2380629200,7.2467208900,7.1428252500,7.1514832200,28358908
2021-09-27 10:30:00,7.0995354000,7.1081933700,6.8571122400,6.9350339700,55897111
2021-09-27 11:30:00,6.9263760000,7.0129557000,6.9090600600,6.9177180300,15815881
2021-09-27 14:00:00,6.9263760000,6.9610078800,6.9004020900,6.9610078800,11279839
2021-09-27 15:00:00,6.9610078800,6.9610078800,6.9004020900,6.9090600600,15212779
2021-09-28 10:30:00,6.9523499100,7.0562455500,6.9350339700,6.9610078800,25019682
2021-09-28 11:30:00,6.9610078800,7.0216136700,6.9523499100,7.0129557000,12268631
2021-09-28 14:00:00,7.0129557000,7.0475875800,6.9956397600,7.0302716400,10288849
2021-09-28 15:00:00,7.0302716400,7.0389296100,6.9956397600,7.0042977300,10849364
2021-09-29 10:30:00,6.9263760000,7.0475875800,6.8744281800,7.0129557000,29207599
2021-09-29 11:30:00,7.0042977300,7.0129557000,6.9263760000,6.9610078800,9607347
2021-09-29 14:00:00,6.9610078800,7.0216136700,6.9523499100,7.0129557000,9087789
2021-09-29 15:00:00,7.0129557000,7.0129557000,6.9610078800,6.9696658500,12927974
2021-09-30 10:30:00,7.0302716400,7.2120890100,7.0302716400,7.1774571300,47316008
2021-09-30 11:30:00,7.1774571300,7.1774571300,7.0995354000,7.1168513400,11707648
2021-09-30 14:00:00,7.1255093100,7.1514832200,7.1081933700,7.1428252500,8798310
2021-09-30 15:00:00,7.1428252500,7.1514832200,7.1255093100,7.1428252500,13069975
2021-10-08 10:30:00,7.1774571300,7.2034310400,7.0562455500,7.0995354000,33596968
2021-10-08 11:30:00,7.0995354000,7.2640368300,7.0908774300,7.1687991600,26731722
2021-10-08 14:00:00,7.1514832200,7.2120890100,7.1514832200,7.1861151000,9400154
2021-10-08 15:00:00,7.1861151000,7.2120890100,7.1687991600,7.2120890100,14126974
2021-10-11 10:30:00,7.1861151000,7.2294049500,7.1255093100,7.1514832200,29268601
2021-10-11 11:30:00,7.1514832200,7.1601411900,7.1255093100,7.1428252500,9359561
2021-10-11 14:00:00,7.1428252500,7.1514832200,7.0908774300,7.1081933700,13977500
2021-10-11 15:00:00,7.1081933700,7.1255093100,7.0908774300,7.1081933700,13662003
2021-10-12 10:30:00,7.0735614900,7.0735614900,6.9004020900,6.9177180300,39797314
2021-10-12 11:30:00,6.9090600600,6.9177180300,6.8657702100,6.8744281800,16341633
2021-10-12 14:00:00,6.8830861500,6.8830861500,6.8051644200,6.8397963000,22767386
2021-10-12 15:00:00,6.8397963000,6.8744281800,6.8224803600,6.8744281800,13882696
2021-10-13 10:30:00,6.8397963000,6.9263760000,6.8224803600,6.8397963000,14755763
2021-10-13 11:30:00,6.8397963000,6.8571122400,6.8138223900,6.8484542700,9247726
2021-10-13 14:00:00,6.8571122400,6.9004020900,6.8571122400,6.8744281800,10117206
2021-10-13 15:00:00,6.8830861500,6.9004020900,6.8744281800,6.9004020900,11112055
2021-10-14 10:30:00,6.8917441200,6.9523499100,6.8571122400,6.8917441200,13862760
2021-10-14 11:30:00,6.8917441200,6.8917441200,6.8311383300,6.8657702100,13289569
2021-10-14 14:00:00,6.8744281800,6.9004020900,6.8657702100,6.8744281800,6495230
2021-10-14 15:00:00,6.8657702100,6.8917441200,6.8657702100,6.8830861500,7645080
2021-10-15 10:30:00,6.8917441200,6.9004020900,6.7618745700,6.7878484800,22459772
2021-10-15 11:30:00,6.7965064500,6.8051644200,6.7705325400,6.7965064500,6969390
2021-10-15 14:00:00,6.7965064500,6.8051644200,6.7791905100,6.7965064500,7239690
2021-10-15 15:00:00,6.7965064500,6.8051644200,6.7791905100,6.7791905100,10393457
2021-10-18 10:30:00,6.7791905100,6.7965064500,6.6839528400,6.7532166000,18284725
2021-10-18 11:30:00,6.7532166000,6.7791905100,6.7272426900,6.7705325400,6136605
2021-10-18 14:00:00,6.7705325400,6.8311383300,6.7705325400,6.7878484800,10165120
2021-10-18 15:00:00,6.7878484800,6.8224803600,6.7878484800,6.8224803600,8478612
2021-10-19 10:30:00,6.8224803600,6.8397963000,6.7705325400,6.8051644200,14638731
2021-10-19 11:30:00,6.7965064500,6.9436919400,6.7965064500,6.9004020900,20673220
2021-10-19 14:00:00,6.9004020900,6.9523499100,6.8917441200,6.9090600600,12038459
2021-10-19 15:00:00,6.9090600600,6.9436919400,6.9004020900,6.9436919400,13200714
2021-10-20 10:30:00,6.9436919400,6.9523499100,6.8484542700,6.8744281800,16631026
2021-10-20 11:30:00,6.8744281800,6.8830861500,6.8571122400,6.8657702100,7122367
2021-10-20 14:00:00,6.8744281800,6.8917441200,6.8051644200,6.8311383300,12957564
2021-10-20 15:00:00,6.8311383300,6.8311383300,6.7705325400,6.8138223900,20661886
2021-10-21 10:30:00,6.8224803600,6.8397963000,6.7532166000,6.7705325400,12870440
2021-10-21 11:30:00,6.7705325400,6.8571122400,6.7618745700,6.8397963000,11150432
2021-10-21 14:00:00,6.8311383300,6.8397963000,6.7705325400,6.7791905100,5963762
2021-10-21 15:00:00,6.7705325400,6.8138223900,6.7705325400,6.8138223900,8407032
2021-10-22 10:30:00,6.8051644200,6.9177180300,6.7705325400,6.8571122400,22597555
2021-10-22 11:30:00,6.8571122400,6.8830861500,6.8397963000,6.8830861500,7645300
2021-10-22 14:00:00,6.8744281800,6.9956397600,6.8744281800,6.9436919400,31319729
2021-10-22 15:00:00,6.9436919400,6.9783238200,6.9090600600,6.9696658500,21016974
2021-10-25 10:30:00,6.9263760000,6.9350339700,6.8311383300,6.8484542700,24325260
2021-10-25 11:30:00,6.8484542700,6.8657702100,6.8397963000,6.8571122400,8543016
2021-10-25 14:00:00,6.8484542700,6.8830861500,6.8484542700,6.8571122400,7108689
2021-10-25 15:00:00,6.8571122400,6.8744281800,6.8484542700,6.8744281800,14024428
2021-10-26 10:30:00,6.8744281800,6.9436919400,6.8397963000,6.8657702100,17460560
2021-10-26 11:30:00,6.8744281800,6.8744281800,6.8397963000,6.8484542700,9360173
2021-10-26 14:00:00,6.8571122400,6.8571122400,6.8224803600,6.8397963000,9490776
2021-10-26 15:00:00,6.8484542700,6.8484542700,6.8224803600,6.8484542700,7911619
2021-10-27 10:30:00,6.8224803600,6.8311383300,6.6666369000,6.6752948700,30141176
2021-10-27 11:30:00,6.6666369000,6.6752948700,6.6233470500,6.6579789300,16159425
2021-10-27 14:00:00,6.6666369000,6.7012687800,6.6493209600,6.6752948700,8838505
2021-10-27 15:00:00,6.6752948700,6.6839528400,6.6320050200,6.6493209600,13431630
2021-10-28 10:30:00,6.6406629900,6.6406629900,6.3722659200,6.4155557700,40505191
2021-10-28 11:30:00,6.4155557700,6.4675035900,6.3982398300,6.4242137400,12416080
2021-10-28 14:00:00,6.4242137400,6.4588456200,6.4068978000,6.4155557700,13010823
2021-10-28 15:00:00,6.4155557700,6.4415296800,6.3809238900,6.4155557700,15530759
2021-10-29 10:30:00,6.2770282500,6.3895818600,6.1038688500,6.3376340400,44598603
2021-10-29 11:30:00,6.3289760700,6.3549499800,6.3030021600,6.3376340400,10624492
2021-10-29 14:00:00,6.3376340400,6.3809238900,6.3289760700,6.3376340400,10272214
2021-10-29 15:00:00,6.3462920100,6.3549499800,6.3030021600,6.3116601300,16797408
2021-11-01 10:30:00,6.3116601300,6.3203181000,6.1817905800,6.2770282500,26567750
2021-11-01 11:30:00,6.2770282500,6.3722659200,6.2683702800,6.3289760700,11751067
2021-11-01 14:00:00,6.3289760700,6.3462920100,6.2943441900,6.3030021600,7418985
2021-11-01 15:00:00,6.3030021600,6.3203181000,6.2683702800,6.2856862200,13287836
2021-11-02 10:30:00,6.3030021600,6.3462920100,6.2423963700,6.2597123100,21707567
2021-11-02 11:30:00,6.2597123100,6.2597123100,6.1558166700,6.1817905800,19272581
2021-11-02 14:00:00,6.1731326100,6.1817905800,6.0172891500,6.0519210300,38187194
2021-11-02 15:00:00,6.0519210300,6.1038688500,6.0346050900,6.0692369700,24579057
2021-11-03 10:30:00,6.0605790000,6.1211847900,6.0172891500,6.0519210300,22838746
2021-11-03 11:30:00,6.0519210300,6.0778949400,6.0346050900,6.0346050900,7242208
2021-11-03 14:00:00,6.0432630600,6.0432630600,6.0086311800,6.0172891500,10497641
2021-11-03 15:00:00,6.0086311800,6.0778949400,6.0086311800,6.0605790000,11529154
2021-11-04 10:30:00,6.0865529100,6.0865529100,6.0259471200,6.0432630600,16922020
2021-11-04 11:30:00,6.0346050900,6.0605790000,6.0346050900,6.0432630600,6669967
2021-11-04 14:00:00,6.0432630600,6.0952108800,6.0346050900,6.0778949400,13808855
2021-11-04 15:00:00,6.0778949400,6.1038688500,6.0692369700,6.0952108800,11800257
2021-11-05 10:30:00,6.0778949400,6.1991065200,6.0259471200,6.1731326100,30761005
2021-11-05 11:30:00,6.1817905800,6.1904485500,6.1558166700,6.1731326100,10293589
2021-11-05 14:00:00,6.1731326100,6.1817905800,6.1125268200,6.1211847900,8847146
2021-11-05 15:00:00,6.1211847900,6.1385007300,6.1038688500,6.1298427600,10864590
2021-11-08 10:30:00,6.1471587000,6.2250804300,6.1471587000,6.2077644900,22095384
2021-11-08 11:30:00,6.2077644900,6.2164224600,6.1385007300,6.1731326100,9756823
2021-11-08 14:00:00,6.1817905800,6.1904485500,6.1471587000,6.1644746400,5572572
2021-11-08 15:00:00,6.1644746400,6.1817905800,6.1558166700,6.1731326100,6818771
2021-11-09 10:30:00,6.1817905800,6.2077644900,6.0778949400,6.0952108800,18162524
2021-11-09 11:30:00,6.1038688500,6.1038688500,6.0605790000,6.0778949400,11604367
2021-11-09 14:00:00,6.0778949400,6.1038688500,6.0605790000,6.0952108800,8131779
2021-11-09 15:00:00,6.0865529100,6.1038688500,6.0692369700,6.0865529100,8491796
2021-11-10 10:30:00,6.0692369700,6.0692369700,5.9566833600,5.9739993000,29158012
2021-11-10 11:30:00,5.9739993000,5.9739993000,5.9393674200,5.9566833600,13655702
2021-11-10 14:00:00,5.9653413300,5.9653413300,5.9133935100,5.9220514800,15167120
2021-11-10 15:00:00,5.9307094500,5.9913152400,5.9133935100,5.9826572700,16097819
2021-11-11 10:30:00,5.9566833600,6.0952108800,5.9393674200,6.0346050900,28726062
2021-11-11 11:30:00,6.0346050900,6.0605790000,6.0346050900,6.0432630600,7485400
2021-11-11 14:00:00,6.0432630600,6.0952108800,6.0346050900,6.0692369700,12663940
2021-11-11 15:00:00,6.0692369700,6.1125268200,6.0692369700,6.0952108800,21412893
2021-11-12 10:30:00,6.0952108800,6.1038688500,5.9480253900,5.9653413300,37699589
2021-11-12 11:30:00,5.9653413300,5.9826572700,5.9480253900,5.9739993000,10483164
2021-11-12 14:00:00,5.9653413300,5.9999732100,5.9653413300,5.9913152400,8643800
2021-11-12 15:00:00,5.9999732100,5.9999732100,5.9739993000,5.9826572700,9584748
2021-11-15 10:30:00,5.9566833600,5.9913152400,5.9480253900,5.9739993000,17252300
2021-11-15 11:30:00,5.9653413300,5.9739993000,5.9566833600,5.9653413300,5921944
2021-11-15 14:00:00,5.9566833600,6.0172891500,5.9566833600,5.9999732100,13955461
2021-11-15 15:00:00,5.9999732100,5.9999732100,5.9826572700,5.9913152400,6561260
2021-11-16 10:30:00,5.9913152400,6.0346050900,5.9826572700,5.9999732100,15225708
2021-11-16 11:30:00,5.9999732100,6.0086311800,5.9913152400,6.0086311800,6491153
2021-11-16 14:00:00,6.0086311800,6.0086311800,5.9739993000,5.9826572700,8682672
2021-11-16 15:00:00,5.9826572700,5.9826572700,5.9393674200,5.9566833600,12377460
2021-11-17 10:30:00,5.9480253900,5.9739993000,5.8960775700,5.9566833600,18346386
2021-11-17 11:30:00,5.9566833600,5.9566833600,5.9220514800,5.9393674200,4617662
2021-11-17 14:00:00,5.9480253900,5.9913152400,5.9307094500,5.9480253900,9935111
2021-11-17 15:00:00,5.9566833600,5.9739993000,5.9480253900,5.9739993000,7964050
2021-11-18 10:30:00,5.9826572700,5.9826572700,5.9220514800,5.9307094500,14095300
2021-11-18 11:30:00,5.9307094500,5.9480253900,5.9220514800,5.9393674200,6006509
2021-11-18 14:00:00,5.9480253900,5.9566833600,5.9393674200,5.9393674200,5735151
2021-11-18 15:00:00,5.9393674200,5.9566833600,5.9307094500,5.9566833600,11702154
2021-11-19 10:30:00,5.9480253900,5.9480253900,5.8874196000,5.8960775700,21490058
2021-11-19 11:30:00,5.8960775700,5.9133935100,5.8874196000,5.9047355400,9821311
2021-11-19 14:00:00,5.9047355400,5.9566833600,5.8960775700,5.9566833600,16125625
2021-11-19 15:00:00,5.9566833600,5.9739993000,5.9393674200,5.9653413300,19465110
2021-11-22 10:30:00,5.9653413300,6.0952108800,5.9566833600,6.0692369700,43354674
2021-11-22 11:30:00,6.0692369700,6.0778949400,6.0605790000,6.0692369700,9749062
2021-11-22 14:00:00,6.0778949400,6.0778949400,6.0346050900,6.0432630600,10389743
2021-11-22 15:00:00,6.0519210300,6.0519210300,6.0346050900,6.0432630600,11578065
2021-11-23 10:30:00,6.0432630600,6.1211847900,6.0086311800,6.0865529100,27278809
2021-11-23 11:30:00,6.0865529100,6.1038688500,6.0865529100,6.0952108800,7471438
2021-11-23 14:00:00,6.0865529100,6.2164224600,6.0865529100,6.1817905800,44518688
2021-11-23 15:00:00,6.1904485500,6.2164224600,6.1817905800,6.2164224600,26195201
2021-11-24 10:30:00,6.2077644900,6.2077644900,6.1125268200,6.1211847900,28784149
2021-11-24 11:30:00,6.1298427600,6.1558166700,6.1211847900,6.1385007300,9910608
2021-11-24 14:00:00,6.1385007300,6.1471587000,6.1211847900,6.1385007300,8697242
2021-11-24 15:00:00,6.1385007300,6.1471587000,6.1298427600,6.1471587000,11325863
2021-11-25 10:30:00,6.1471587000,6.1817905800,6.0865529100,6.1644746400,20401250
2021-11-25 11:30:00,6.1558166700,6.1644746400,6.1298427600,6.1471587000,6235710
2021-11-25 14:00:00,6.1385007300,6.1558166700,6.1211847900,6.1385007300,7313900
2021-11-25 15:00:00,6.1385007300,6.1471587000,6.1298427600,6.1385007300,8474747
2021-11-26 10:30:00,6.1211847900,6.1211847900,6.0778949400,6.0865529100,14199941
2021-11-26 11:30:00,6.0865529100,6.1038688500,6.0778949400,6.1038688500,6551899
2021-11-26 14:00:00,6.1038688500,6.1385007300,6.0865529100,6.1038688500,7351700
2021-11-26 15:00:00,6.1038688500,6.1211847900,6.0865529100,6.0865529100,8483272
2021-11-29 10:30:00,6.0172891500,6.0432630600,5.9739993000,6.0259471200,19100023
2021-11-29 11:30:00,6.0259471200,6.0346050900,6.0172891500,6.0259471200,5077013
2021-11-29 14:00:00,6.0259471200,6.0259471200,5.9913152400,6.0086311800,8629505
2021-11-29 15:00:00,6.0086311800,6.0086311800,5.9913152400,5.9999732100,8899755
2021-11-30 10:30:00,6.0086311800,6.0778949400,6.0086311800,6.0432630600,15150300
2021-11-30 11:30:00,6.0519210300,6.0519210300,6.0346050900,6.0519210300,5914561
2021-11-30 14:00:00,6.0519210300,6.0519210300,6.0086311800,6.0086311800,7688229
2021-11-30 15:00:00,6.0086311800,6.0432630600,5.9999732100,6.0432630600,10743204
2021-12-01 10:30:00,6.0778949400,6.1558166700,6.0519210300,6.1385007300,27444319
2021-12-01 11:30:00,6.1471587000,6.1817905800,6.1298427600,6.1471587000,15538913
2021-12-01 14:00:00,6.1471587000,6.1471587000,6.1298427600,6.1385007300,7137647
2021-12-01 15:00:00,6.1385007300,6.1471587000,6.1298427600,6.1385007300,9922798
2021-12-02 10:30:00,6.1298427600,6.2077644900,6.1038688500,6.1731326100,24203938
2021-12-02 11:30:00,6.1817905800,6.2250804300,6.1644746400,6.2077644900,26908442
2021-12-02 14:00:00,6.2164224600,6.5454253200,6.2164224600,6.4848195300,90716262
2021-12-02 15:00:00,6.4848195300,6.4848195300,6.4155557700,6.4415296800,29098256
2021-12-03 10:30:00,6.3809238900,6.4155557700,6.2943441900,6.3203181000,40596384
2021-12-03 11:30:00,6.3203181000,6.3895818600,6.3030021600,6.3636079500,13640518
2021-12-03 14:00:00,6.3809238900,6.4415296800,6.3722659200,6.4155557700,18853735
2021-12-03 15:00:00,6.4242137400,6.4588456200,6.3895818600,6.4068978000,21953288
2021-12-06 10:30:00,6.4242137400,6.5454253200,6.4242137400,6.4761615600,37613569
2021-12-06 11:30:00,6.4675035900,6.4761615600,6.4242137400,6.4588456200,11054500
2021-12-06 14:00:00,6.4501876500,6.4675035900,6.3895818600,6.3895818600,12469100
2021-12-06 15:00:00,6.3895818600,6.3982398300,6.3203181000,6.3376340400,18406921
2021-12-07 10:30:00,6.4242137400,6.5713992300,6.4068978000,6.4588456200,71040538
2021-12-07 11:30:00,6.4675035900,6.5973731400,6.4501876500,6.5627412600,32845584
2021-12-07 14:00:00,6.5627412600,6.6233470500,6.5367673500,6.5713992300,29122786
2021-12-07 15:00:00,6.5713992300,6.5973731400,6.5367673500,6.5973731400,23174543
2021-12-08 10:30:00,6.5540832900,6.5540832900,6.4501876500,6.4761615600,44764642
2021-12-08 11:30:00,6.4761615600,6.5194514100,6.4675035900,6.4848195300,13975128
2021-12-08 14:00:00,6.4761615600,6.5454253200,6.4761615600,6.5107934400,12883842
2021-12-08 15:00:00,6.5107934400,6.5627412600,6.5021354700,6.5627412600,15070761
2021-12-09 10:30:00,6.5367673500,6.5800572000,6.5107934400,6.5281093800,25539922
2021-12-09 11:30:00,6.5281093800,6.5800572000,6.5194514100,6.5627412600,16148414
2021-12-09 14:00:00,6.5627412600,6.5973731400,6.5540832900,6.5540832900,17492430
2021-12-09 15:00:00,6.5540832900,6.5627412600,6.5281093800,6.5367673500,16063594
2021-12-10 10:30:00,6.5021354700,6.5194514100,6.3895818600,6.4155557700,39259007
2021-12-10 11:30:00,6.4242137400,6.4328717100,6.4068978000,6.4155557700,10093208
2021-12-10 14:00:00,6.4155557700,6.4242137400,6.4068978000,6.4068978000,8414054
2021-12-10 15:00:00,6.4155557700,6.4155557700,6.3895818600,6.3982398300,16718970
2021-12-13 10:30:00,6.4675035900,6.6752948700,6.4415296800,6.5627412600,66002119
2021-12-13 11:30:00,6.5627412600,6.5887151700,6.5454253200,6.5800572000,11034173
2021-12-13 14:00:00,6.5887151700,6.6146890800,6.5107934400,6.5107934400,16410197
2021-12-13 15:00:00,6.5107934400,6.5367673500,6.5021354700,6.5281093800,15747065
2021-12-14 10:30:00,6.4675035900,6.4675035900,6.3895818600,6.3982398300,32020184
2021-12-14 11:30:00,6.3982398300,6.4242137400,6.3809238900,6.4155557700,11257100
2021-12-14 14:00:00,6.4242137400,6.4328717100,6.3895818600,6.3982398300,8430000
2021-12-14 15:00:00,6.3895818600,6.4155557700,6.3895818600,6.4068978000,13483948
2021-12-15 10:30:00,6.4068978000,6.4761615600,6.3809238900,6.4415296800,15456845
2021-12-15 11:30:00,6.4501876500,6.4501876500,6.4155557700,6.4242137400,7318372
2021-12-15 14:00:00,6.4242137400,6.4328717100,6.3982398300,6.4068978000,9319528
2021-12-15 15:00:00,6.4155557700,6.4155557700,6.3809238900,6.3895818600,12106936
2021-12-16 10:30:00,6.3809238900,6.4501876500,6.3722659200,6.4242137400,15732702
2021-12-16 11:30:00,6.4242137400,6.4328717100,6.4068978000,6.4155557700,5726081
2021-12-16 14:00:00,6.4155557700,6.4328717100,6.3982398300,6.3982398300,10001301
2021-12-16 15:00:00,6.4068978000,6.4242137400,6.3895818600,6.4242137400,13586170
2021-12-17 10:30:00,6.4415296800,6.4848195300,6.4068978000,6.4068978000,19602058
2021-12-17 11:30:00,6.4068978000,6.4242137400,6.3982398300,6.4068978000,6669200
2021-12-17 14:00:00,6.4068978000,6.4328717100,6.3982398300,6.4068978000,6315650
2021-12-17 15:00:00,6.4155557700,6.4242137400,6.3982398300,6.3982398300,10003553
2021-12-20 10:30:00,6.3722659200,6.3895818600,6.2856862200,6.3030021600,21151910
2021-12-20 11:30:00,6.3030021600,6.3203181000,6.2856862200,6.3116601300,9064035
2021-12-20 14:00:00,6.3030021600,6.4501876500,6.2943441900,6.3809238900,20700517
2021-12-20 15:00:00,6.3809238900,6.3895818600,6.3289760700,6.3376340400,8407200
2021-12-21 10:30:00,6.3376340400,6.4068978000,6.3203181000,6.3722659200,16381680
2021-12-21 11:30:00,6.3722659200,6.3809238900,6.3462920100,6.3549499800,7491720
2021-12-21 14:00:00,6.3462920100,6.3722659200,6.3462920100,6.3636079500,8421755
2021-12-21 15:00:00,6.3636079500,6.3809238900,6.3462920100,6.3722659200,12995530
2021-12-22 10:30:00,6.3462920100,6.3462920100,6.2597123100,6.2597123100,29583727
2021-12-22 11:30:00,6.2597123100,6.2683702800,6.2337384000,6.2510543400,15132863
2021-12-22 14:00:00,6.2510543400,6.2770282500,6.2337384000,6.2770282500,9049030
2021-12-22 15:00:00,6.2683702800,6.2770282500,6.2510543400,6.2597123100,8757520
2021-12-23 10:30:00,6.2597123100,6.2597123100,6.1731326100,6.1904485500,21542449
2021-12-23 11:30:00,6.1991065200,6.2250804300,6.1904485500,6.2250804300,9593500
2021-12-23 14:00:00,6.2250804300,6.2337384000,6.1904485500,6.2164224600,7572700
2021-12-23 15:00:00,6.2164224600,6.2510543400,6.2077644900,6.2510543400,9887768
2021-12-24 10:30:00,6.2337384000,6.2510543400,6.1731326100,6.2164224600,15787251
2021-12-24 11:30:00,6.2164224600,6.2250804300,6.1817905800,6.2077644900,5751400
2021-12-24 14:00:00,6.2077644900,6.2077644900,6.1904485500,6.1904485500,4345387
2021-12-24 15:00:00,6.1904485500,6.1991065200,6.1731326100,6.1731326100,9875513
2021-12-27 10:30:00,6.1991065200,6.2423963700,6.1991065200,6.2337384000,13080721
2021-12-27 11:30:00,6.2337384000,6.2683702800,6.2337384000,6.2423963700,7612200
2021-12-27 14:00:00,6.2423963700,6.2423963700,6.1991065200,6.2164224600,6733278
2021-12-27 15:00:00,6.2164224600,6.2250804300,6.1991065200,6.2164224600,5431059
2021-12-28 10:30:00,6.2337384000,6.3030021600,6.2164224600,6.2770282500,21109164
2021-12-28 11:30:00,6.2770282500,6.2943441900,6.2597123100,6.2770282500,6856531
2021-12-28 14:00:00,6.2770282500,6.2856862200,6.2597123100,6.2856862200,5867710
2021-12-28 15:00:00,6.2856862200,6.2943441900,6.2683702800,6.2943441900,8587064
2021-12-29 10:30:00,6.2856862200,6.2856862200,6.2077644900,6.2337384000,16844701
2021-12-29 11:30:00,6.2337384000,6.2337384000,6.2164224600,6.2250804300,4366736
2021-12-29 14:00:00,6.2250804300,6.2250804300,6.1991065200,6.2164224600,8615243
2021-12-29 15:00:00,6.2077644900,6.2164224600,6.1904485500,6.2164224600,9330142
2021-12-30 10:30:00,6.1991065200,6.2250804300,6.1731326100,6.1991065200,14073038
2021-12-30 11:30:00,6.1991065200,6.2164224600,6.1904485500,6.1991065200,6123451
2021-12-30 14:00:00,6.1991065200,6.2077644900,6.1904485500,6.1991065200,6419487
2021-12-30 15:00:00,6.1991065200,6.1991065200,6.1817905800,6.1817905800,10066789
2021-12-31 10:30:00,6.1904485500,6.2164224600,6.1904485500,6.2077644900,7915884
2021-12-31 11:30:00,6.1991065200,6.2337384000,6.1991065200,6.2077644900,6587020
2021-12-31 14:00:00,6.2077644900,6.2164224600,6.1991065200,6.2077644900,4515545
2021-12-31 15:00:00,6.1991065200,6.2077644900,6.1904485500,6.2077644900,7323526
2022-01-04 10:30:00,6.2077644900,6.2510543400,6.1817905800,6.2164224600,15286693
2022-01-04 11:30:00,6.2164224600,6.2337384000,6.1991065200,6.2337384000,7971775
2022-01-04 14:00:00,6.2250804300,6.2423963700,6.2164224600,6.2337384000,9257918
2022-01-04 15:00:00,6.2337384000,6.2423963700,6.2250804300,6.2423963700,11729393
2022-01-05 10:30:00,6.2510543400,6.2856862200,6.2250804300,6.2337384000,16386208
2022-01-05 11:30:00,6.2337384000,6.3203181000,6.2337384000,6.3030021600,28620760
2022-01-05 14:00:00,6.3030021600,6.3030021600,6.2510543400,6.2510543400,14371581
2022-01-05 15:00:00,6.2510543400,6.2856862200,6.2423963700,6.2856862200,13240601
2022-01-06 10:30:00,6.2510543400,6.4328717100,6.2423963700,6.3549499800,61378098
2022-01-06 11:30:00,6.3549499800,6.4068978000,6.3549499800,6.3895818600,17114650
2022-01-06 14:00:00,6.3982398300,6.4415296800,6.3895818600,6.4328717100,23225123
2022-01-06 15:00:00,6.4328717100,6.4328717100,6.4068978000,6.4242137400,19908713
2022-01-07 10:30:00,6.4068978000,6.5973731400,6.3809238900,6.5713992300,69211980
2022-01-07 11:30:00,6.5713992300,6.7012687800,6.5713992300,6.6839528400,64261738
2022-01-07 14:00:00,6.6752948700,6.6839528400,6.6233470500,6.6666369000,33149397
2022-01-07 15:00:00,6.6752948700,6.6752948700,6.6320050200,6.6406629900,32869831
2022-01-10 10:30:00,6.6926108100,6.7705325400,6.5800572000,6.6320050200,64020742
2022-01-10 11:30:00,6.6320050200,6.6493209600,6.5973731400,6.6146890800,12679584
2022-01-10 14:00:00,6.6146890800,6.6752948700,6.6060311100,6.6406629900,11671400
2022-01-10 15:00:00,6.6406629900,6.6406629900,6.6146890800,6.6406629900,13894881
2022-01-11 10:30:00,6.6406629900,6.6926108100,6.5281093800,6.6406629900,39085438
2022-01-11 11:30:00,6.6320050200,6.6406629900,6.6060311100,6.6320050200,9493914
2022-01-11 14:00:00,6.6233470500,6.6320050200,6.5627412600,6.5713992300,13331873
2022-01-11 15:00:00,6.5713992300,6.5973731400,6.5454253200,6.5800572000,19299453
2022-01-12 10:30:00,6.5713992300,6.5800572000,6.4501876500,6.4761615600,33658984
2022-01-12 11:30:00,6.4848195300,6.5021354700,6.4675035900,6.4934775000,6493441
2022-01-12 14:00:00,6.4934775000,6.5194514100,6.4675035900,6.5194514100,9744352
2022-01-12 15:00:00,6.5107934400,6.5540832900,6.5021354700,6.5281093800,12893684
2022-01-13 10:30:00,6.5021354700,6.5887151700,6.4848195300,6.5107934400,25662813
2022-01-13 11:30:00,6.5107934400,6.5194514100,6.4588456200,6.4761615600,18925414
2022-01-13 14:00:00,6.4761615600,6.4848195300,6.4588456200,6.4761615600,10439384
2022-01-13 15:00:00,6.4761615600,6.4934775000,6.4588456200,6.4675035900,10192863
2022-01-14 10:30:00,6.4588456200,6.4675035900,6.3895818600,6.4328717100,19008284
2022-01-14 11:30:00,6.4242137400,6.4588456200,6.3982398300,6.4068978000,12284717
2022-01-14 14:00:00,6.4155557700,6.5021354700,6.4068978000,6.4848195300,12667102
2022-01-14 15:00:00,6.4761615600,6.4848195300,6.4588456200,6.4761615600,13999493
2022-01-17 10:30:00,6.4761615600,6.5021354700,6.4155557700,6.4328717100,14690822
2022-01-17 11:30:00,6.4328717100,6.4848195300,6.4155557700,6.4675035900,9805365
2022-01-17 14:00:00,6.4675035900,6.4761615600,6.4415296800,6.4501876500,7343188
2022-01-17 15:00:00,6.4415296800,6.4675035900,6.4415296800,6.4675035900,8300100
2022-01-18 10:30:00,6.4675035900,6.4675035900,6.4068978000,6.4155557700,14625069
2022-01-18 11:30:00,6.4068978000,6.6060311100,6.3982398300,6.5887151700,42409834
2022-01-18 14:00:00,6.5887151700,6.5973731400,6.5367673500,6.5627412600,13103638
2022-01-18 15:00:00,6.5540832900,6.6233470500,6.5454253200,6.6146890800,24938682
2022-01-19 10:30:00,6.5800572000,6.7272426900,6.5627412600,6.6406629900,46283415
2022-01-19 11:30:00,6.6320050200,6.7012687800,6.6146890800,6.6406629900,13708443
2022-01-19 14:00:00,6.6320050200,6.6579789300,6.5973731400,6.5973731400,11638699
2022-01-19 15:00:00,6.5973731400,6.6406629900,6.5800572000,6.6320050200,13940026
2022-01-20 10:30:00,6.5973731400,6.6146890800,6.4934775000,6.5194514100,29246664
2022-01-20 11:30:00,6.5194514100,6.6666369000,6.4934775000,6.6493209600,21156146
2022-01-20 14:00:00,6.6579789300,6.6752948700,6.6060311100,6.6233470500,12953600
2022-01-20 15:00:00,6.6146890800,6.6320050200,6.5973731400,6.5973731400,9920909
2022-01-21 10:30:00,6.5627412600,6.6146890800,6.4675035900,6.5281093800,22964404
2022-01-21 11:30:00,6.5194514100,6.5454253200,6.5021354700,6.5281093800,5444512
2022-01-21 14:00:00,6.5281093800,6.5454253200,6.4934775000,6.5367673500,7427747
2022-01-21 15:00:00,6.5281093800,6.5540832900,6.4934775000,6.5021354700,11369155
2022-01-24 10:30:00,6.5281093800,6.5367673500,6.4068978000,6.4328717100,18330440
2022-01-24 11:30:00,6.4328717100,6.4934775000,6.4328717100,6.4848195300,4788500
2022-01-24 14:00:00,6.4761615600,6.4934775000,6.4501876500,6.4501876500,3856240
2022-01-24 15:00:00,6.4501876500,6.4588456200,6.4328717100,6.4415296800,5531070
2022-01-25 10:30:00,6.4155557700,6.4415296800,6.2856862200,6.3203181000,20651260
2022-01-25 11:30:00,6.3116601300,6.3376340400,6.3030021600,6.3116601300,5602548
2022-01-25 14:00:00,6.3030021600,6.3203181000,6.2250804300,6.2597123100,14153487
2022-01-25 15:00:00,6.2597123100,6.2770282500,6.1558166700,6.1558166700,15703503
2022-01-26 10:30:00,6.1558166700,6.2337384000,6.1558166700,6.2250804300,11319482
2022-01-26 11:30:00,6.2250804300,6.2597123100,6.2164224600,6.2164224600,5774076
2022-01-26 14:00:00,6.2164224600,6.2164224600,6.1644746400,6.2077644900,6440604
2022-01-26 15:00:00,6.2077644900,6.2337384000,6.2077644900,6.2337384000,5194418
2022-01-27 10:30:00,6.2164224600,6.2250804300,6.1558166700,6.1558166700,10735608
2022-01-27 11:30:00,6.1558166700,6.1904485500,6.0952108800,6.1644746400,9250542
2022-01-27 14:00:00,6.1558166700,6.1644746400,6.1298427600,6.1558166700,5014901
2022-01-27 15:00:00,6.1558166700,6.1644746400,6.1125268200,6.1125268200,9683491
2022-01-28 10:30:00,6.1298427600,6.1817905800,6.0432630600,6.1038688500,12711367
2022-01-28 11:30:00,6.1038688500,6.1558166700,6.0692369700,6.1385007300,4401038
2022-01-28 14:00:00,6.1385007300,6.1731326100,6.1298427600,6.1558166700,3964462
2022-01-28 15:00:00,6.1558166700,6.1558166700,6.0778949400,6.1038688500,9953168
2022-02-07 10:30:00,6.1817905800,6.2683702800,6.1558166700,6.2423963700,18158465
2022-02-07 11:30:00,6.2423963700,6.2510543400,6.2250804300,6.2423963700,4865700
2022-02-07 14:00:00,6.2423963700,6.3116601300,6.2337384000,6.2683702800,9894642
2022-02-07 15:00:00,6.2770282500,6.2770282500,6.2423963700,6.2770282500,7960480
2022-02-08 10:30:00,6.4068978000,6.5627412600,6.4068978000,6.4501876500,43221340
2022-02-08 11:30:00,6.4501876500,6.4588456200,6.3549499800,6.4068978000,11927500
2022-02-08 14:00:00,6.4068978000,6.4501876500,6.3722659200,6.4415296800,7415918
2022-02-08 15:00:00,6.4415296800,6.5107934400,6.4328717100,6.5021354700,16454153
2022-02-09 10:30:00,6.4934775000,6.5627412600,6.4501876500,6.5281093800,29131334
2022-02-09 11:30:00,6.5281093800,6.5367673500,6.4848195300,6.5107934400,10473468
2022-02-09 14:00:00,6.5021354700,6.5107934400,6.4934775000,6.5107934400,8454890
2022-02-09 15:00:00,6.5107934400,6.5454253200,6.5021354700,6.5281093800,15206834
2022-02-10 10:30:00,6.5194514100,6.5367673500,6.4588456200,6.5021354700,14516617
2022-02-10 11:30:00,6.5021354700,6.5454253200,6.4934775000,6.4934775000,8425253
2022-02-10 14:00:00,6.5021354700,6.5021354700,6.4501876500,6.4761615600,9117591
2022-02-10 15:00:00,6.4761615600,6.5021354700,6.4675035900,6.5021354700,7843663
2022-02-11 10:30:00,6.4675035900,6.5454253200,6.4501876500,6.5454253200,24871647
2022-02-11 11:30:00,6.5454253200,6.6146890800,6.5367673500,6.6060311100,23618044
2022-02-11 14:00:00,6.5973731400,6.6060311100,6.5540832900,6.5887151700,14128430
2022-02-11 15:00:00,6.5887151700,6.5887151700,6.5281093800,6.5713992300,17108286
2022-02-14 10:30:00,6.5367673500,6.5367673500,6.4155557700,6.4328717100,23248500
2022-02-14 11:30:00,6.4415296800,6.4588456200,6.4242137400,6.4415296800,6840000
2022-02-14 14:00:00,6.4328717100,6.4415296800,6.3895818600,6.3895818600,9697411
2022-02-14 15:00:00,6.3895818600,6.4068978000,6.3722659200,6.3982398300,10214177
2022-02-15 10:30:00,6.3895818600,6.4588456200,6.3809238900,6.4328717100,10077300
2022-02-15 11:30:00,6.4328717100,6.4328717100,6.4068978000,6.4242137400,3861160
2022-02-15 14:00:00,6.4242137400,6.4328717100,6.3982398300,6.4068978000,4758350
2022-02-15 15:00:00,6.4068978000,6.4675035900,6.3982398300,6.4501876500,8416756
2022-02-16 10:30:00,6.4761615600,6.5540832900,6.4588456200,6.5107934400,18622558
2022-02-16 11:30:00,6.5021354700,6.5107934400,6.4761615600,6.4848195300,5350926
2022-02-16 14:00:00,6.4848195300,6.4934775000,6.4588456200,6.4934775000,5006890
2022-02-16 15:00:00,6.4848195300,6.4934775000,6.4675035900,6.4848195300,7486100
2022-02-17 10:30:00,6.4848195300,6.4934775000,6.4242137400,6.4328717100,9174500
2022-02-17 11:30:00,6.4328717100,6.4588456200,6.4328717100,6.4501876500,4377020
2022-02-17 14:00:00,6.4415296800,6.4415296800,6.4068978000,6.4328717100,7698301
2022-02-17 15:00:00,6.4415296800,6.4415296800,6.4155557700,6.4328717100,6087361
2022-02-18 10:30:00,6.3722659200,6.4242137400,6.3549499800,6.3982398300,8789251
2022-02-18 11:30:00,6.3982398300,6.3982398300,6.3722659200,6.3895818600,3876200
2022-02-18 14:00:00,6.3895818600,6.4501876500,6.3809238900,6.4415296800,7051154
2022-02-18 15:00:00,6.4415296800,6.4588456200,6.4068978000,6.4588456200,7992532
2022-02-21 10:30:00,6.4501876500,6.4501876500,6.3895818600,6.3895818600,10769356
2022-02-21 11:30:00,6.3982398300,6.4068978000,6.3895818600,6.4068978000,3294758
2022-02-21 14:00:00,6.3982398300,6.4328717100,6.3982398300,6.4068978000,5080400
2022-02-21 15:00:00,6.4068978000,6.4328717100,6.3982398300,6.4242137400,7268555
2022-02-22 10:30:00,6.3809238900,6.3809238900,6.2510543400,6.3116601300,21921400
2022-02-22 11:30:00,6.3116601300,6.3116601300,6.2683702800,6.2683702800,5824441
2022-02-22 14:00:00,6.2770282500,6.2770282500,6.2423963700,6.2597123100,7754658
2022-02-22 15:00:00,6.2510543400,6.2683702800,6.2423963700,6.2510543400,11219521
2022-02-23 10:30:00,6.3289760700,6.3809238900,6.2856862200,6.2856862200,18205480
2022-02-23 11:30:00,6.2856862200,6.3203181000,6.2770282500,6.3116601300,6282957
2022-02-23 14:00:00,6.3116601300,6.3203181000,6.2943441900,6.3116601300,5122290
2022-02-23 15:00:00,6.3116601300,6.3376340400,6.3030021600,6.3289760700,7216330
2022-02-24 10:30:00,6.3030021600,6.3289760700,6.2770282500,6.2770282500,11378900
2022-02-24 11:30:00,6.2770282500,6.2856862200,6.2250804300,6.2250804300,11738299
2022-02-24 14:00:00,6.2250804300,6.2250804300,6.1125268200,6.1558166700,19283380
2022-02-24 15:00:00,6.1558166700,6.1731326100,6.1038688500,6.1644746400,17569906
2022-02-25 10:30:00,6.1817905800,6.2337384000,6.1817905800,6.2077644900,15690781
2022-02-25 11:30:00,6.2077644900,6.2164224600,6.1558166700,6.1644746400,7604208
2022-02-25 14:00:00,6.1644746400,6.1904485500,6.1644746400,6.1817905800,3690179
2022-02-25 15:00:00,6.1904485500,6.1904485500,6.1644746400,6.1817905800,8843510
2022-02-28 10:30:00,6.1471587000,6.1644746400,6.0605790000,6.1125268200,16110569
2022-02-28 11:30:00,6.1125268200,6.1211847900,6.0865529100,6.0952108800,6403090
2022-02-28 14:00:00,6.1038688500,6.1038688500,6.0778949400,6.0778949400,10348679
2022-02-28 15:00:00,6.0865529100,6.1038688500,6.0692369700,6.0952108800,14147444
2022-03-01 10:30:00,6.1038688500,6.1558166700,6.1038688500,6.1211847900,10423577
2022-03-01 11:30:00,6.1211847900,6.1298427600,6.1125268200,6.1211847900,3053833
2022-03-01 14:00:00,6.1211847900,6.1211847900,6.1038688500,6.1125268200,4628840
2022-03-01 15:00:00,6.1125268200,6.1471587000,6.1125268200,6.1385007300,6246040
2022-03-02 10:30:00,6.1125268200,6.1298427600,6.0865529100,6.1211847900,8969428
2022-03-02 11:30:00,6.1211847900,6.1298427600,6.1125268200,6.1298427600,3515550
2022-03-02 14:00:00,6.1211847900,6.1644746400,6.1211847900,6.1471587000,4948070
2022-03-02 15:00:00,6.1385007300,6.1644746400,6.1385007300,6.1644746400,5437342
2022-03-03 10:30:00,6.1817905800,6.2164224600,6.1471587000,6.1991065200,12841043
2022-03-03 11:30:00,6.1991065200,6.1991065200,6.1731326100,6.1904485500,4452040
2022-03-03 14:00:00,6.1904485500,6.1991065200,6.1644746400,6.1731326100,5098601
2022-03-03 15:00:00,6.1731326100,6.1991065200,6.1731326100,6.1991065200,7597210
2022-03-04 10:30:00,6.1817905800,6.1817905800,6.1038688500,6.1471587000,10020689
2022-03-04 11:30:00,6.1471587000,6.1558166700,6.1298427600,6.1298427600,3797043
2022-03-04 14:00:00,6.1385007300,6.1385007300,6.1125268200,6.1298427600,6466720
2022-03-04 15:00:00,6.1211847900,6.1385007300,6.1038688500,6.1385007300,6831500
2022-03-07 10:30:00,6.0865529100,6.1125268200,6.0692369700,6.1038688500,11881701
2022-03-07 11:30:00,6.1038688500,6.1038688500,6.0865529100,6.0952108800,4904200
2022-03-07 14:00:00,6.0952108800,6.0952108800,6.0692369700,6.0778949400,6421599
2022-03-07 15:00:00,6.0778949400,6.0952108800,6.0605790000,6.0778949400,12219120
2022-03-08 10:30:00,6.0692369700,6.1038688500,5.9480253900,5.9566833600,18306525
2022-03-08 11:30:00,5.9566833600,5.9913152400,5.8181558400,5.8527877200,17757600
2022-03-08 14:00:00,5.8527877200,5.9480253900,5.8354717800,5.9393674200,10850813
2022-03-08 15:00:00,5.9393674200,5.9393674200,5.8441297500,5.8614456900,10941934
2022-03-09 10:30:00,5.8960775700,5.9133935100,5.8094978700,5.8527877200,8869891
2022-03-09 11:30:00,5.8527877200,5.8614456900,5.7229181700,5.7229181700,10405975
2022-03-09 14:00:00,5.7229181700,5.7229181700,5.4025732800,5.5843906500,26159097
2022-03-09 15:00:00,5.5843906500,5.6969442600,5.5411008000,5.6796283200,11375088
2022-03-10 10:30:00,5.7921819300,5.8268138100,5.7488920800,5.7921819300,18948674
2022-03-10 11:30:00,5.8008399000,5.8527877200,5.7921819300,5.8354717800,7125800
2022-03-10 14:00:00,5.8268138100,5.8354717800,5.7748659900,5.7921819300,6902232
2022-03-10 15:00:00,5.7921819300,5.8094978700,5.7921819300,5.8008399000,6067657
2022-03-11 10:30:00,5.7835239600,5.9047355400,5.6623123800,5.8441297500,21295473
2022-03-11 11:30:00,5.8441297500,5.8614456900,5.8094978700,5.8094978700,4740701
2022-03-11 14:00:00,5.8181558400,5.8874196000,5.7835239600,5.8701036600,5109400
2022-03-11 15:00:00,5.8701036600,5.9307094500,5.8527877200,5.9220514800,11266602
2022-03-14 10:30:00,5.8701036600,5.9480253900,5.8441297500,5.9307094500,12920356
2022-03-14 11:30:00,5.9307094500,5.9653413300,5.9133935100,5.9393674200,9093400
2022-03-14 14:00:00,5.9480253900,5.9480253900,5.9047355400,5.9133935100,4015750
2022-03-14 15:00:00,5.9047355400,5.9220514800,5.8787616300,5.8787616300,9252801
2022-03-15 10:30:00,5.8701036600,5.8701036600,5.6709703500,5.7921819300,16570129
2022-03-15 11:30:00,5.8008399000,5.8527877200,5.7921819300,5.7921819300,5175700
2022-03-15 14:00:00,5.7921819300,5.8008399000,5.7056022300,5.7229181700,10019900
2022-03-15 15:00:00,5.7142602000,5.7662080200,5.5843906500,5.6103645600,16540463
2022-03-16 10:30:00,5.7142602000,5.7402341100,5.5670747100,5.6276805000,14744456
2022-03-16 11:30:00,5.6276805000,5.6449964400,5.5237848600,5.6103645600,10103667
2022-03-16 14:00:00,5.6017065900,5.8008399000,5.6017065900,5.7835239600,17340902
2022-03-16 15:00:00,5.7835239600,5.8181558400,5.7748659900,5.7835239600,9432441
2022-03-17 10:30:00,5.8527877200,5.8701036600,5.8181558400,5.8268138100,15319570
2022-03-17 11:30:00,5.8354717800,5.9220514800,5.8354717800,5.9047355400,11721173
2022-03-17 14:00:00,5.9133935100,5.9220514800,5.8527877200,5.8701036600,9890300
2022-03-17 15:00:00,5.8701036600,5.8701036600,5.8268138100,5.8354717800,9143902
2022-03-18 10:30:00,5.7921819300,5.8527877200,5.7748659900,5.7835239600,10377378
2022-03-18 11:30:00,5.7835239600,5.8008399000,5.7488920800,5.7575500500,5610046
2022-03-18 14:00:00,5.7575500500,5.8614456900,5.7229181700,5.8527877200,9430533
2022-03-18 15:00:00,5.8614456900,5.8701036600,5.8268138100,5.8268138100,9499142
2022-03-21 10:30:00,5.8094978700,5.8441297500,5.7921819300,5.8094978700,11837107
2022-03-21 11:30:00,5.8094978700,5.8181558400,5.7835239600,5.7921819300,5421182
2022-03-21 14:00:00,5.8008399000,5.8008399000,5.7229181700,5.7575500500,7834200
2022-03-21 15:00:00,5.7575500500,5.8008399000,5.7575500500,5.7921819300,6109580
2022-03-22 10:30:00,5.7315761400,5.7748659900,5.7229181700,5.7575500500,8154008
2022-03-22 11:30:00,5.7575500500,5.8268138100,5.7488920800,5.8008399000,8286660
2022-03-22 14:00:00,5.8094978700,5.8354717800,5.7921819300,5.8094978700,7539580
2022-03-22 15:00:00,5.8094978700,5.8354717800,5.8008399000,5.8268138100,7462810
2022-03-23 10:30:00,5.8354717800,5.8527877200,5.8008399000,5.8441297500,7474400
2022-03-23 11:30:00,5.8441297500,5.8614456900,5.8094978700,5.8181558400,5418000
2022-03-23 14:00:00,5.8181558400,5.8614456900,5.8094978700,5.8441297500,4456988
2022-03-23 15:00:00,5.8527877200,5.8614456900,5.8268138100,5.8527877200,5721760
2022-03-24 10:30:00,5.8268138100,5.8268138100,5.7575500500,5.7748659900,9059520
2022-03-24 11:30:00,5.7748659900,5.7835239600,5.7575500500,5.7748659900,3922310
2022-03-24 14:00:00,5.7748659900,5.8008399000,5.7662080200,5.7748659900,3675100
2022-03-24 15:00:00,5.7748659900,5.7835239600,5.7488920800,5.7575500500,6943800
2022-03-25 10:30:00,5.7835239600,5.7835239600,5.7315761400,5.7575500500,6480200
2022-03-25 11:30:00,5.7488920800,5.7835239600,5.7402341100,5.7402341100,4128290
2022-03-25 14:00:00,5.7402341100,5.7575500500,5.7229181700,5.7402341100,4263350
2022-03-25 15:00:00,5.7402341100,5.7402341100,5.6796283200,5.7056022300,7827135
2022-03-28 10:30:00,5.6882862900,5.6969442600,5.5670747100,5.6536544100,10754174
2022-03-28 11:30:00,5.6536544100,5.7229181700,5.6449964400,5.6796283200,3798862
2022-03-28 14:00:00,5.6796283200,5.6969442600,5.6623123800,5.6969442600,2666300
2022-03-28 15:00:00,5.6969442600,5.7056022300,5.6623123800,5.6882862900,3676529
2022-03-29 10:30:00,5.6882862900,5.7056022300,5.6276805000,5.6363384700,7164800
2022-03-29 11:30:00,5.6363384700,5.6536544100,5.6190225300,5.6276805000,2960300
2022-03-29 14:00:00,5.6276805000,5.6623123800,5.6190225300,5.6449964400,2528685
2022-03-29 15:00:00,5.6449964400,5.6623123800,5.6103645600,5.6536544100,5271685
2022-03-30 10:30:00,5.6709703500,5.7315761400,5.6623123800,5.7142602000,8214276
2022-03-30 11:30:00,5.7142602000,5.7662080200,5.7056022300,5.7662080200,7377248
2022-03-30 14:00:00,5.7662080200,5.8268138100,5.7575500500,5.8008399000,9508480
2022-03-30 15:00:00,5.8008399000,5.8181558400,5.7835239600,5.8181558400,8353162
2022-03-31 10:30:00,5.7748659900,5.8268138100,5.7575500500,5.7748659900,12341127
2022-03-31 11:30:00,5.7662080200,5.8094978700,5.7575500500,5.7835239600,7832207
2022-03-31 14:00:00,5.7835239600,5.7835239600,5.7315761400,5.7402341100,5648170
2022-03-31 15:00:00,5.7402341100,5.7575500500,5.7402341100,5.7488920800,4456435
2022-04-01 10:30:00,5.7142602000,5.7229181700,5.6623123800,5.6969442600,8629460
2022-04-01 11:30:00,5.6969442600,5.7488920800,5.6882862900,5.7142602000,5419279
2022-04-01 14:00:00,5.7229181700,5.7488920800,5.6969442600,5.7315761400,4744861
2022-04-01 15:00:00,5.7315761400,5.7662080200,5.7229181700,5.7575500500,7745100
2022-04-06 10:30:00,5.7315761400,5.8008399000,5.6969442600,5.7488920800,10981382
2022-04-06 11:30:00,5.7488920800,5.7575500500,5.7315761400,5.7488920800,3407827
2022-04-06 14:00:00,5.7488920800,5.9739993000,5.7488920800,5.9220514800,26508481
2022-04-06 15:00:00,5.9220514800,5.9480253900,5.9047355400,5.9307094500,14115802
2022-04-07 10:30:00,5.8960775700,5.9307094500,5.8527877200,5.8874196000,16123350
2022-04-07 11:30:00,5.8960775700,5.9220514800,5.8354717800,5.8527877200,13337057
2022-04-07 14:00:00,5.8527877200,5.8527877200,5.8094978700,5.8354717800,5898100
2022-04-07 15:00:00,5.8354717800,5.8441297500,5.8008399000,5.8008399000,7939915
2022-04-08 10:30:00,5.8441297500,6.0172891500,5.8181558400,5.9393674200,44438809
2022-04-08 11:30:00,5.9480253900,5.9913152400,5.9220514800,5.9826572700,13239883
2022-04-08 14:00:00,5.9826572700,6.1211847900,5.9739993000,6.1038688500,40366527
2022-04-08 15:00:00,6.1038688500,6.2597123100,6.0952108800,6.1817905800,55847152
2022-04-11 10:30:00,6.1471587000,6.1471587000,6.0259471200,6.0692369700,38651247
2022-04-11 11:30:00,6.0778949400,6.0952108800,6.0346050900,6.0952108800,11365032
2022-04-11 14:00:00,6.0952108800,6.0952108800,6.0259471200,6.0519210300,12457544
2022-04-11 15:00:00,6.0605790000,6.0605790000,5.9739993000,6.0259471200,14373082
2022-04-12 10:30:00,5.9913152400,6.0952108800,5.9307094500,6.0172891500,25494181
2022-04-12 11:30:00,6.0086311800,6.0519210300,5.9480253900,5.9480253900,8291154
2022-04-12 14:00:00,5.9480253900,6.0865529100,5.9480253900,6.0432630600,12368210
2022-04-12 15:00:00,6.0432630600,6.0519210300,6.0086311800,6.0432630600,15126300
2022-04-13 10:30:00,5.9739993000,5.9913152400,5.8960775700,5.9220514800,16633654
2022-04-13 11:30:00,5.9220514800,5.9307094500,5.8874196000,5.8960775700,10360968
2022-04-13 14:00:00,5.8960775700,5.9739993000,5.8960775700,5.9307094500,7204056
2022-04-13 15:00:00,5.9307094500,5.9393674200,5.8527877200,5.8787616300,14937712
2022-04-14 10:30:00,5.8787616300,5.9480253900,5.8701036600,5.9133935100,12782756
2022-04-14 11:30:00,5.9133935100,5.9220514800,5.8874196000,5.9133935100,4177517
2022-04-14 14:00:00,5.9133935100,6.0086311800,5.9133935100,5.9826572700,14732000
2022-04-14 15:00:00,5.9826572700,5.9913152400,5.9393674200,5.9393674200,9329430
2022-04-15 10:30:00,5.8960775700,5.9653413300,5.8701036600,5.9133935100,12894766
2022-04-15 11:30:00,5.9133935100,5.9566833600,5.8441297500,5.8614456900,12175338
2022-04-15 14:00:00,5.8614456900,5.9133935100,5.8441297500,5.8874196000,3759724
2022-04-15 15:00:00,5.8874196000,5.8960775700,5.7575500500,5.7835239600,16181311
2022-04-18 10:30:00,5.7229181700,5.7488920800,5.6276805000,5.6796283200,13260724
2022-04-18 11:30:00,5.6882862900,5.7229181700,5.6709703500,5.6969442600,4532754
2022-04-18 14:00:00,5.6796283200,5.6969442600,5.6449964400,5.6796283200,6742426
2022-04-18 15:00:00,5.6796283200,5.6882862900,5.6623123800,5.6796283200,6082200
2022-04-19 10:30:00,5.6709703500,5.7315761400,5.6536544100,5.7056022300,10758000
2022-04-19 11:30:00,5.7056022300,5.7229181700,5.6882862900,5.6969442600,3449700
2022-04-19 14:00:00,5.6969442600,5.7056022300,5.6536544100,5.6536544100,5362790
2022-04-19 15:00:00,5.6536544100,5.6969442600,5.6536544100,5.6882862900,5319275
2022-04-20 10:30:00,5.6882862900,5.7142602000,5.6103645600,5.6190225300,12746626
2022-04-20 11:30:00,5.6103645600,5.6709703500,5.6017065900,5.6536544100,5465241
2022-04-20 14:00:00,5.6623123800,5.6623123800,5.5930486200,5.6103645600,5636050
2022-04-20 15:00:00,5.6103645600,5.6103645600,5.5843906500,5.6017065900,8163865
2022-04-21 10:30:00,5.6103645600,5.6103645600,5.4978109500,5.5151268900,11999885
2022-04-21 11:30:00,5.5151268900,5.5324428300,5.4372051600,5.4545211000,9345410
2022-04-21 14:00:00,5.4545211000,5.5584167400,5.4458631300,5.4631790700,6740490
2022-04-21 15:00:00,5.4631790700,5.4891529800,5.4285471900,5.4458631300,9374049
2022-04-22 10:30:00,5.4112312500,5.4804950100,5.3419674900,5.4372051600,13595058
2022-04-22 11:30:00,5.4372051600,5.4545211000,5.4025732800,5.4458631300,3240899
2022-04-22 14:00:00,5.4545211000,5.4891529800,5.4198892200,5.4804950100,3749547
2022-04-22 15:00:00,5.4804950100,5.4891529800,5.4285471900,5.4458631300,4519495
2022-04-25 10:30:00,5.3246515500,5.3679414000,5.2727037300,5.3159935800,13100951
2022-04-25 11:30:00,5.3159935800,5.3506254600,5.2553877900,5.2986776400,6983000
2022-04-25 14:00:00,5.2986776400,5.3159935800,5.2120979400,5.2207559100,9205598
2022-04-25 15:00:00,5.2207559100,5.2294138800,5.0822283900,5.0822283900,17622864
2022-04-26 10:30:00,5.1168602700,5.1428341800,5.0302805700,5.1255182400,13501330
2022-04-26 11:30:00,5.1255182400,5.1428341800,5.0995443300,5.1341762100,4312891
2022-04-26 14:00:00,5.1428341800,5.1428341800,5.0649124500,5.0649124500,3943940
2022-04-26 15:00:00,5.0649124500,5.0735704200,4.9263849300,4.9523588400,13218992
2022-04-27 10:30:00,4.7532255300,5.0389385400,4.7272516200,4.9350429000,29016858
2022-04-27 11:30:00,4.9350429000,4.9956486900,4.9004110200,4.9523588400,6804300
2022-04-27 14:00:00,4.9523588400,5.0389385400,4.9523588400,5.0043066600,16371587
2022-04-27 15:00:00,5.0043066600,5.0216226000,4.9869907200,5.0216226000,13050917
2022-04-28 10:30:00,4.9783327500,5.0129646300,4.9090689900,4.9350429000,15820681
2022-04-28 11:30:00,4.9350429000,4.9610168100,4.8398052300,4.8484632000,10263956
2022-04-28 14:00:00,4.8484632000,4.8484632000,4.7618835000,4.8224892900,16092897
2022-04-28 15:00:00,4.8311472600,4.8657791400,4.8051733500,4.8571211700,9701657
2022-04-29 10:30:00,4.8830950800,4.8917530500,4.8224892900,4.8571211700,13586865
2022-04-29 11:30:00,4.8571211700,4.9177269600,4.8484632000,4.9090689900,6575488
2022-04-29 14:00:00,4.8917530500,5.0302805700,4.8917530500,5.0129646300,20078814
2022-04-29 15:00:00,5.0129646300,5.0475965100,5.0043066600,5.0216226000,15236704
2022-05-05 10:30:00,5.0216226000,5.1428341800,4.9956486900,5.1082023000,20726665
2022-05-05 11:30:00,5.1168602700,5.1428341800,5.0822283900,5.1255182400,5914016
2022-05-05 14:00:00,5.1255182400,5.1601501200,5.1082023000,5.1428341800,8393087
2022-05-05 15:00:00,5.1341762100,5.1428341800,5.0995443300,5.1255182400,10704726
2022-05-06 10:30:00,5.0216226000,5.0908863600,5.0043066600,5.0649124500,11421081
2022-05-06 11:30:00,5.0649124500,5.0822283900,5.0129646300,5.0129646300,5423799
2022-05-06 14:00:00,5.0129646300,5.0475965100,5.0043066600,5.0302805700,3716000
2022-05-06 15:00:00,5.0302805700,5.0302805700,5.0043066600,5.0129646300,6126208
2022-05-09 10:30:00,5.0129646300,5.0649124500,4.9783327500,5.0216226000,6328419
2022-05-09 11:30:00,5.0216226000,5.0302805700,5.0043066600,5.0043066600,2794880
2022-05-09 14:00:00,5.0043066600,5.0389385400,4.9869907200,4.9869907200,2975260
2022-05-09 15:00:00,4.9956486900,4.9956486900,4.9610168100,4.9783327500,8107580
2022-05-10 10:30:00,4.9610168100,4.9783327500,4.8571211700,4.9783327500,12330279
2022-05-10 11:30:00,4.9869907200,4.9869907200,4.9090689900,4.9350429000,7307500
2022-05-10 14:00:00,4.9263849300,5.0302805700,4.9263849300,5.0043066600,8504700
2022-05-10 15:00:00,5.0043066600,5.0129646300,4.9783327500,5.0043066600,7689354
2022-05-11 10:30:00,5.0129646300,5.0735704200,4.9869907200,5.0475965100,13265253
2022-05-11 11:30:00,5.0475965100,5.1255182400,5.0302805700,5.1168602700,11770400
2022-05-11 14:00:00,5.1168602700,5.1341762100,5.0822283900,5.0822283900,10283334
2022-05-11 15:00:00,5.0822283900,5.0995443300,5.0129646300,5.0302805700,10367492
2022-05-12 10:30:00,5.0043066600,5.0562544800,4.9783327500,5.0216226000,11243600
2022-05-12 11:30:00,5.0216226000,5.0389385400,5.0043066600,5.0389385400,4353774
2022-05-12 14:00:00,5.0389385400,5.0475965100,4.9610168100,4.9783327500,8352000
2022-05-12 15:00:00,4.9783327500,5.0216226000,4.9696747800,5.0216226000,5094500
2022-05-13 10:30:00,5.0302805700,5.1514921500,5.0302805700,5.0995443300,24889566
2022-05-13 11:30:00,5.0908863600,5.1082023000,5.0562544800,5.0908863600,6138167
2022-05-13 14:00:00,5.0908863600,5.0908863600,5.0562544800,5.0649124500,4476693
2022-05-13 15:00:00,5.0649124500,5.0822283900,5.0562544800,5.0735704200,6687072
2022-05-16 10:30:00,5.1168602700,5.1688080900,5.0822283900,5.0908863600,16758279
2022-05-16 11:30:00,5.0908863600,5.1082023000,5.0562544800,5.0735704200,7021500
2022-05-16 14:00:00,5.0735704200,5.1082023000,5.0562544800,5.0908863600,3927360
2022-05-16 15:00:00,5.0908863600,5.0908863600,5.0562544800,5.0735704200,6320520
2022-05-17 10:30:00,5.0735704200,5.0735704200,4.9783327500,4.9869907200,12537600
2022-05-17 11:30:00,4.9783327500,5.0475965100,4.9783327500,5.0389385400,4835727
2022-05-17 14:00:00,5.0389385400,5.0475965100,5.0129646300,5.0216226000,3996400
2022-05-17 15:00:00,5.0302805700,5.0475965100,5.0129646300,5.0475965100,5578694
2022-05-18 10:30:00,5.0562544800,5.0562544800,5.0043066600,5.0216226000,8797100
2022-05-18 11:30:00,5.0129646300,5.0302805700,5.0043066600,5.0129646300,4208139
2022-05-18 14:00:00,5.0216226000,5.0302805700,5.0043066600,5.0302805700,4136172
2022-05-18 15:00:00,5.0216226000,5.0389385400,4.9956486900,5.0043066600,9045350
2022-05-19 10:30:00,4.9350429000,4.9610168100,4.9090689900,4.9350429000,10066451
2022-05-19 11:30:00,4.9350429000,4.9696747800,4.9350429000,4.9523588400,5968341
2022-05-19 14:00:00,4.9523588400,4.9610168100,4.9177269600,4.9350429000,6144875
2022-05-19 15:00:00,4.9350429000,4.9783327500,4.9263849300,4.9696747800,6890188
2022-05-20 10:30:00,4.9783327500,5.0649124500,4.9696747800,5.0216226000,15782230
2022-05-20 11:30:00,5.0216226000,5.0649124500,5.0043066600,5.0562544800,8495700
2022-05-20 14:00:00,5.0562544800,5.0995443300,5.0475965100,5.0562544800,13756393
2022-05-20 15:00:00,5.0649124500,5.0908863600,5.0562544800,5.0822283900,8952931
2022-05-23 10:30:00,5.0822283900,5.0995443300,5.0475965100,5.0649124500,12628649
2022-05-23 11:30:00,5.0562544800,5.0735704200,5.0562544800,5.0562544800,3195400
2022-05-23 14:00:00,5.0562544800,5.0822283900,5.0562544800,5.0822283900,4880541
2022-05-23 15:00:00,5.0822283900,5.0908863600,5.0649124500,5.0908863600,8906424
2022-05-24 10:30:00,5.0995443300,5.1341762100,5.0649124500,5.0822283900,13106786
2022-05-24 11:30:00,5.0735704200,5.0822283900,5.0043066600,5.0129646300,9735400
2022-05-24 14:00:00,5.0129646300,5.0129646300,4.9869907200,5.0043066600,7023286
2022-05-24 15:00:00,4.9956486900,5.0043066600,4.9177269600,4.9350429000,13128485
2022-05-25 10:30:00,4.9177269600,4.9696747800,4.9177269600,4.9350429000,7916305
2022-05-25 11:30:00,4.9350429000,4.9610168100,4.9263849300,4.9523588400,3897700
2022-05-25 14:00:00,4.9523588400,4.9696747800,4.9350429000,4.9610168100,5335000
2022-05-25 15:00:00,4.9610168100,4.9783327500,4.9437008700,4.9783327500,6267394
2022-05-26 10:30:00,4.9956486900,5.0822283900,4.9869907200,5.0562544800,19514005
2022-05-26 11:30:00,5.0562544800,5.1947820000,5.0475965100,5.1774660600,25707840
2022-05-26 14:00:00,5.1861240300,5.2120979400,5.1255182400,5.1341762100,16716205
2022-05-26 15:00:00,5.1341762100,5.1601501200,5.1255182400,5.1514921500,12221664
2022-05-27 10:30:00,5.1774660600,5.1947820000,5.1168602700,5.1428341800,20530556
2022-05-27 11:30:00,5.1428341800,5.1688080900,5.1341762100,5.1514921500,7582204
2022-05-27 14:00:00,5.1514921500,5.1688080900,5.1168602700,5.1255182400,6639365
2022-05-27 15:00:00,5.1255182400,5.1428341800,5.0908863600,5.1428341800,9278319
2022-05-30 10:30:00,5.1601501200,5.1774660600,5.0735704200,5.0995443300,12507650
2022-05-30 11:30:00,5.1082023000,5.1255182400,5.0908863600,5.0995443300,4364500
2022-05-30 14:00:00,5.0908863600,5.1082023000,5.0822283900,5.0822283900,5863050
2022-05-30 15:00:00,5.0822283900,5.1082023000,5.0649124500,5.0908863600,6619710
2022-05-31 10:30:00,5.0995443300,5.1168602700,5.0735704200,5.0995443300,7960815
2022-05-31 11:30:00,5.0995443300,5.1341762100,5.0995443300,5.1168602700,5324565
2022-05-31 14:00:00,5.1168602700,5.1255182400,5.1082023000,5.1168602700,5993276
2022-05-31 15:00:00,5.1168602700,5.1428341800,5.1082023000,5.1341762100,10568852
2022-06-01 10:30:00,5.1428341800,5.1514921500,5.1168602700,5.1341762100,9210247
2022-06-01 11:30:00,5.1341762100,5.1428341800,5.1168602700,5.1341762100,5039816
2022-06-01 14:00:00,5.1428341800,5.1428341800,5.0995443300,5.1168602700,7928867
2022-06-01 15:00:00,5.1168602700,5.1514921500,5.1082023000,5.1428341800,7178500
2022-06-02 10:30:00,5.1428341800,5.1774660600,5.1255182400,5.1688080900,10692422
2022-06-02 11:30:00,5.1688080900,5.2120979400,5.1601501200,5.2034399700,8587609
2022-06-02 14:00:00,5.2120979400,5.2120979400,5.1947820000,5.2034399700,7781080
2022-06-02 15:00:00,5.2034399700,5.2380718500,5.1947820000,5.2294138800,11371768
2022-06-06 10:30:00,5.2294138800,5.2640457600,5.2034399700,5.2380718500,15977598
2022-06-06 11:30:00,5.2380718500,5.2553877900,5.2294138800,5.2553877900,6411000
2022-06-06 14:00:00,5.2553877900,5.2640457600,5.2294138800,5.2380718500,7607380
2022-06-06 15:00:00,5.2467298200,5.2727037300,5.2294138800,5.2640457600,11833336
2022-06-07 10:30:00,5.2640457600,5.3073356100,5.2034399700,5.2294138800,17270900
2022-06-07 11:30:00,5.2294138800,5.2640457600,5.2207559100,5.2467298200,4999912
2022-06-07 14:00:00,5.2467298200,5.2553877900,5.2120979400,5.2120979400,5802419
2022-06-07 15:00:00,5.2120979400,5.2467298200,5.2034399700,5.2380718500,6816068
2022-06-08 10:30:00,5.2380718500,5.2553877900,5.2034399700,5.2207559100,10231835
2022-06-08 11:30:00,5.2294138800,5.2380718500,5.1341762100,5.1514921500,17107138
2022-06-08 14:00:00,5.1514921500,5.1861240300,5.1341762100,5.1774660600,5634579
2022-06-08 15:00:00,5.1774660600,5.2207559100,5.1688080900,5.2120979400,8620974
2022-06-09 10:30:00,5.2120979400,5.2380718500,5.1774660600,5.1947820000,9430029
2022-06-09 11:30:00,5.1947820000,5.2380718500,5.1861240300,5.1947820000,6732973
2022-06-09 14:00:00,5.1947820000,5.1947820000,5.1255182400,5.1428341800,7213805
2022-06-09 15:00:00,5.1341762100,5.1774660600,5.1341762100,5.1601501200,4973954
2022-06-10 10:30:00,5.1341762100,5.1601501200,5.1082023000,5.1341762100,10294500
2022-06-10 11:30:00,5.1341762100,5.1601501200,5.1168602700,5.1428341800,6465018
2022-06-10 14:00:00,5.1514921500,5.1688080900,5.1428341800,5.1601501200,6142190
2022-06-10 15:00:00,5.1688080900,5.1861240300,5.1601501200,5.1774660600,11635047
2022-06-13 10:30:00,5.1168602700,5.3073356100,5.1082023000,5.2727037300,30781390
2022-06-13 11:30:00,5.2727037300,5.3159935800,5.2553877900,5.2727037300,13195370
2022-06-13 14:00:00,5.2813617000,5.2813617000,5.2120979400,5.2120979400,7591000
2022-06-13 15:00:00,5.2120979400,5.2467298200,5.1947820000,5.2294138800,8905750
2022-06-14 10:30:00,5.1861240300,5.1947820000,5.1428341800,5.1688080900,15670006
2022-06-14 11:30:00,5.1688080900,5.2034399700,5.1168602700,5.1255182400,9675574
2022-06-14 14:00:00,5.1341762100,5.1947820000,5.1255182400,5.1947820000,4588005
2022-06-14 15:00:00,5.1861240300,5.2900196700,5.1861240300,5.2813617000,20006733
2022-06-15 10:30:00,5.3159935800,5.3852573400,5.2900196700,5.3679414000,32385091
2022-06-15 11:30:00,5.3679414000,5.3852573400,5.3419674900,5.3679414000,12611200
2022-06-15 14:00:00,5.3679414000,5.4112312500,5.3679414000,5.3939153100,16585318
2022-06-15 15:00:00,5.3852573400,5.3939153100,5.3246515500,5.3246515500,12668814
2022-06-16 10:30:00,5.3419674900,5.3679414000,5.2986776400,5.3073356100,18013401
2022-06-16 11:30:00,5.3073356100,5.3419674900,5.3073356100,5.3246515500,7087799
2022-06-16 14:00:00,5.3159935800,5.3246515500,5.2553877900,5.2640457600,13924876
2022-06-16 15:00:00,5.2727037300,5.2813617000,5.2553877900,5.2640457600,9974258
2022-06-17 10:30:00,5.2120979400,5.2640457600,5.2034399700,5.2207559100,12753574
2022-06-17 11:30:00,5.2207559100,5.2380718500,5.1774660600,5.1947820000,11283174
2022-06-17 14:00:00,5.2034399700,5.2380718500,5.1947820000,5.2207559100,8512918
2022-06-17 15:00:00,5.2207559100,5.2467298200,5.2034399700,5.2294138800,9668703
2022-06-20 10:30:00,5.2294138800,5.2727037300,5.2034399700,5.2294138800,13611650
2022-06-20 11:30:00,5.2380718500,5.2640457600,5.2294138800,5.2380718500,6056320
2022-06-20 14:00:00,5.2294138800,5.2727037300,5.2294138800,5.2553877900,6804733
2022-06-20 15:00:00,5.2553877900,5.2900196700,5.2380718500,5.2900196700,13872066
2022-06-21 10:30:00,5.2640457600,5.2900196700,5.2467298200,5.2553877900,9015540
2022-06-21 11:30:00,5.2553877900,5.2900196700,5.2467298200,5.2900196700,6638643
2022-06-21 14:00:00,5.2900196700,5.2986776400,5.2380718500,5.2380718500,5951300
2022-06-21 15:00:00,5.2467298200,5.2640457600,5.2120979400,5.2640457600,8959951
2022-06-22 10:30:00,5.2640457600,5.2640457600,5.1947820000,5.2120979400,10366801
2022-06-22 11:30:00,5.2207559100,5.2207559100,5.1947820000,5.2034399700,6951600
2022-06-22 14:00:00,5.2120979400,5.2207559100,5.1947820000,5.2034399700,4975200
2022-06-22 15:00:00,5.2034399700,5.2034399700,5.1514921500,5.1514921500,17059768
2022-06-23 10:30:00,5.1428341800,5.1774660600,5.1255182400,5.1341762100,9080500
2022-06-23 11:30:00,5.1255182400,5.1601501200,5.1255182400,5.1601501200,4501001
2022-06-23 14:00:00,5.1601501200,5.1947820000,5.1514921500,5.1947820000,6875800
2022-06-23 15:00:00,5.1947820000,5.1947820000,5.1688080900,5.1947820000,9192670
2022-06-24 10:30:00,5.2207559100,5.2207559100,5.1514921500,5.1688080900,13708137
2022-06-24 11:30:00,5.1688080900,5.1861240300,5.1428341800,5.1428341800,9574623
2022-06-24 14:00:00,5.1428341800,5.1601501200,5.1341762100,5.1514921500,8973100
2022-06-24 15:00:00,5.1601501200,5.1774660600,5.1514921500,5.1688080900,7380952
2022-06-27 10:30:00,5.1514921500,5.2813617000,5.1514921500,5.2553877900,27434179
2022-06-27 11:30:00,5.2553877900,5.3246515500,5.2467298200,5.2900196700,25336169
2022-06-27 14:00:00,5.2900196700,5.3073356100,5.2640457600,5.2813617000,8598210
2022-06-27 15:00:00,5.2813617000,5.2900196700,5.2380718500,5.2727037300,16302900
2022-06-28 10:30:00,5.2813617000,5.3073356100,5.2640457600,5.2727037300,13612663
2022-06-28 11:30:00,5.2727037300,5.3073356100,5.2640457600,5.2900196700,8613900
2022-06-28 14:00:00,5.2900196700,5.3073356100,5.2813617000,5.2986776400,8270356
2022-06-28 15:00:00,5.3073356100,5.3333095200,5.2986776400,5.3333095200,17225565
2022-06-29 10:30:00,5.3246515500,5.4025732800,5.2986776400,5.3592834300,22587787
2022-06-29 11:30:00,5.3592834300,5.3939153100,5.3506254600,5.3506254600,12364703
2022-06-29 14:00:00,5.3506254600,5.3592834300,5.3073356100,5.3333095200,10033300
2022-06-29 15:00:00,5.3246515500,5.3419674900,5.2727037300,5.2727037300,14901386
2022-06-30 10:30:00,5.2813617000,5.3419674900,5.2727037300,5.2986776400,13626750
2022-06-30 11:30:00,5.2986776400,5.3419674900,5.2900196700,5.3333095200,8432828
2022-06-30 14:00:00,5.3333095200,5.3506254600,5.3159935800,5.3333095200,9385667
2022-06-30 15:00:00,5.3246515500,5.3592834300,5.3246515500,5.3333095200,11837817
2022-07-01 10:30:00,5.3592834300,5.6969442600,5.3592834300,5.6276805000,80966822
2022-07-01 11:30:00,5.6276805000,5.8008399000,5.6276805000,5.6536544100,47101854
2022-07-01 14:00:00,5.6449964400,5.6623123800,5.6017065900,5.6103645600,18526500
2022-07-01 15:00:00,5.6103645600,5.6276805000,5.5757326800,5.5930486200,19937779
2022-07-04 10:30:00,5.6449964400,5.6623123800,5.5411008000,5.6103645600,48487577
2022-07-04 11:30:00,5.6103645600,5.6103645600,5.5670747100,5.5757326800,13074144
2022-07-04 14:00:00,5.5757326800,5.6017065900,5.5670747100,5.5757326800,9424500
2022-07-04 15:00:00,5.5757326800,5.5843906500,5.5584167400,5.5843906500,16162746
2022-07-05 10:30:00,5.5497587700,5.5843906500,5.4804950100,5.4804950100,26634486
2022-07-05 11:30:00,5.4804950100,5.4891529800,5.4025732800,5.4372051600,24636235
2022-07-05 14:00:00,5.4372051600,5.4718370400,5.4198892200,5.4198892200,11437978
2022-07-05 15:00:00,5.4285471900,5.4978109500,5.4198892200,5.4891529800,10826611
2022-07-06 10:30:00,5.4545211000,5.4545211000,5.3765993700,5.3852573400,16685600
2022-07-06 11:30:00,5.3852573400,5.3939153100,5.3765993700,5.3939153100,7498152
2022-07-06 14:00:00,5.3939153100,5.4631790700,5.3765993700,5.4112312500,11335419
2022-07-06 15:00:00,5.4112312500,5.4372051600,5.3852573400,5.4285471900,11703450
2022-07-07 10:30:00,5.4112312500,5.4718370400,5.4112312500,5.4458631300,13500476
2022-07-07 11:30:00,5.4372051600,5.4458631300,5.4285471900,5.4458631300,6450874
2022-07-07 14:00:00,5.4458631300,5.4545211000,5.4285471900,5.4372051600,9896500
2022-07-07 15:00:00,5.4458631300,5.4718370400,5.4285471900,5.4631790700,16572318
2022-07-08 10:30:00,5.4905410000,5.5452640000,5.4631795000,5.5179025000,26767889
2022-07-08 11:30:00,5.5087820000,5.5179025000,5.4814205000,5.4905410000,7639159
2022-07-08 14:00:00,5.4996615000,5.5087820000,5.4723000000,5.4905410000,6323111
2022-07-08 15:00:00,5.4905410000,5.4996615000,5.4814205000,5.4905410000,7787900
2022-07-11 10:30:00,5.4905410000,5.4996615000,5.3993360000,5.4358180000,14141551
2022-07-11 11:30:00,5.4358180000,5.4449385000,5.4175770000,5.4266975000,7954909
2022-07-11 14:00:00,5.4266975000,5.4358180000,5.4084565000,5.4175770000,4835244
2022-07-11 15:00:00,5.4175770000,5.4358180000,5.4084565000,5.4358180000,6393213
2022-07-12 10:30:00,5.4175770000,5.4540590000,5.3902155000,5.4175770000,11338821
2022-07-12 11:30:00,5.4175770000,5.4266975000,5.3902155000,5.3902155000,6103682
2022-07-12 14:00:00,5.3902155000,5.4266975000,5.3810950000,5.4084565000,4398960
2022-07-12 15:00:00,5.4084565000,5.4084565000,5.3719745000,5.3810950000,9149590
2022-07-13 10:30:00,5.4266975000,5.4723000000,5.3719745000,5.4631795000,13503627
2022-07-13 11:30:00,5.4723000000,5.5179025000,5.4631795000,5.4814205000,11532500
2022-07-13 14:00:00,5.4905410000,5.4996615000,5.4540590000,5.4631795000,5022802
2022-07-13 15:00:00,5.4631795000,5.4723000000,5.4358180000,5.4540590000,6653184
2022-07-14 10:30:00,5.4266975000,5.4266975000,5.3902155000,5.4084565000,9892404
2022-07-14 11:30:00,5.3993360000,5.4266975000,5.3993360000,5.4084565000,4416524
2022-07-14 14:00:00,5.4084565000,5.4175770000,5.3902155000,5.3993360000,5297710
2022-07-14 15:00:00,5.3993360000,5.4084565000,5.3810950000,5.3902155000,6848900
2022-07-15 10:30:00,5.3446130000,5.3446130000,5.1895645000,5.2625285000,24451931
2022-07-15 11:30:00,5.2625285000,5.2716490000,5.2260465000,5.2442875000,8932865
2022-07-15 14:00:00,5.2351670000,5.2351670000,5.1986850000,5.2169260000,10352586
2022-07-15 15:00:00,5.2169260000,5.2169260000,5.1804440000,5.1895645000,16093570
2022-07-18 10:30:00,5.1895645000,5.2442875000,5.1622030000,5.2351670000,10305141
2022-07-18 11:30:00,5.2351670000,5.2716490000,5.2260465000,5.2716490000,5496460
2022-07-18 14:00:00,5.2716490000,5.3081310000,5.2534080000,5.2807695000,7323296
2022-07-18 15:00:00,5.2807695000,5.2990105000,5.2716490000,5.2898900000,6475739
2022-07-19 10:30:00,5.2807695000,5.3081310000,5.2351670000,5.2716490000,6674176
2022-07-19 11:30:00,5.2716490000,5.2898900000,5.2625285000,5.2807695000,3973837
2022-07-19 14:00:00,5.2807695000,5.2898900000,5.2534080000,5.2807695000,4185900
2022-07-19 15:00:00,5.2807695000,5.2990105000,5.2716490000,5.2990105000,6224738
2022-07-20 10:30:00,5.3354925000,5.3810950000,5.3081310000,5.3719745000,12334647
2022-07-20 11:30:00,5.3810950000,5.3993360000,5.3537335000,5.3993360000,7130270
2022-07-20 14:00:00,5.3993360000,5.4175770000,5.3719745000,5.4175770000,6784000
2022-07-20 15:00:00,5.4175770000,5.5361435000,5.4084565000,5.5179025000,44146246
2022-07-21 10:30:00,5.7550355000,5.8827225000,5.6638305000,5.6820715000,95357105
2022-07-21 11:30:00,5.6729510000,5.6820715000,5.6364690000,5.6820715000,14486505
2022-07-21 14:00:00,5.6820715000,5.7003125000,5.6638305000,5.6729510000,8731867
2022-07-21 15:00:00,5.6729510000,5.6911920000,5.6364690000,5.6364690000,17336701
2022-07-22 10:30:00,5.6273485000,5.7185535000,5.5908665000,5.6455895000,35881582
2022-07-22 11:30:00,5.6455895000,5.6547100000,5.6364690000,5.6455895000,8985400
2022-07-22 14:00:00,5.6547100000,5.6911920000,5.6364690000,5.6455895000,9615730
2022-07-22 15:00:00,5.6455895000,5.6911920000,5.6455895000,5.6638305000,14952500
2022-07-25 10:30:00,5.7003125000,5.8006380000,5.7003125000,5.7641560000,27914780
2022-07-25 11:30:00,5.7550355000,5.7641560000,5.7367945000,5.7367945000,8838250
2022-07-25 14:00:00,5.7367945000,5.7550355000,5.7276740000,5.7276740000,10404800
2022-07-25 15:00:00,5.7367945000,5.7550355000,5.7276740000,5.7276740000,11894189
2022-07-26 10:30:00,5.7459150000,5.7641560000,5.6820715000,5.7185535000,16678136
2022-07-26 11:30:00,5.7094330000,5.7367945000,5.7094330000,5.7094330000,6004400
2022-07-26 14:00:00,5.7185535000,5.7185535000,5.6820715000,5.6911920000,7445414
2022-07-26 15:00:00,5.7003125000,5.7185535000,5.6911920000,5.7094330000,7791635
2022-07-27 10:30:00,5.6911920000,5.7003125000,5.6455895000,5.6911920000,13855938
2022-07-27 11:30:00,5.6911920000,5.7003125000,5.6638305000,5.6820715000,4073840
2022-07-27 14:00:00,5.6820715000,5.6911920000,5.6638305000,5.6820715000,4190600
2022-07-27 15:00:00,5.6729510000,5.6820715000,5.6455895000,5.6638305000,7579387
2022-07-28 10:30:00,5.6729510000,5.7276740000,5.6638305000,5.7185535000,12827370
2022-07-28 11:30:00,5.7185535000,5.7276740000,5.7003125000,5.7003125000,6381173
2022-07-28 14:00:00,5.7003125000,5.7094330000,5.6911920000,5.7003125000,4842500
2022-07-28 15:00:00,5.7003125000,5.7094330000,5.6729510000,5.6820715000,6276828
2022-07-29 10:30:00,5.6638305000,5.7094330000,5.6455895000,5.6729510000,12654398
2022-07-29 11:30:00,5.6729510000,5.6820715000,5.6182280000,5.6273485000,14236182
2022-07-29 14:00:00,5.6273485000,5.6547100000,5.6273485000,5.6455895000,5548620
2022-07-29 15:00:00,5.6455895000,5.6455895000,5.5908665000,5.5999870000,12691969
2022-08-01 10:30:00,5.5999870000,5.6638305000,5.5635050000,5.6455895000,12096080
2022-08-01 11:30:00,5.6455895000,5.6547100000,5.6273485000,5.6547100000,3592190
2022-08-01 14:00:00,5.6547100000,5.6547100000,5.6273485000,5.6364690000,2680100
2022-08-01 15:00:00,5.6455895000,5.6547100000,5.6273485000,5.6364690000,7087744
2022-08-02 10:30:00,5.5999870000,5.6091075000,5.4723000000,5.5635050000,23962991
2022-08-02 11:30:00,5.5635050000,5.5635050000,5.4814205000,5.4905410000,11885635
2022-08-02 14:00:00,5.4905410000,5.5543845000,5.4905410000,5.5543845000,6457591
2022-08-02 15:00:00,5.5543845000,5.5908665000,5.5179025000,5.5361435000,10068685
2022-08-03 10:30:00,5.5270230000,5.5908665000,5.5087820000,5.5179025000,8957747
2022-08-03 11:30:00,5.5179025000,5.5179025000,5.4723000000,5.4996615000,7824000
2022-08-03 14:00:00,5.5087820000,5.5087820000,5.4814205000,5.4905410000,3636890
2022-08-03 15:00:00,5.4814205000,5.4905410000,5.3810950000,5.4084565000,14536055
2022-08-04 10:30:00,5.4175770000,5.4631795000,5.4175770000,5.4358180000,6680100
2022-08-04 11:30:00,5.4358180000,5.4358180000,5.4084565000,5.4084565000,4440100
2022-08-04 14:00:00,5.4084565000,5.4449385000,5.3810950000,5.4266975000,7144610
2022-08-04 15:00:00,5.4175770000,5.4449385000,5.4175770000,5.4449385000,4071145
2022-08-05 10:30:00,5.4449385000,5.4723000000,5.4266975000,5.4449385000,6732901
2022-08-05 11:30:00,5.4449385000,5.4631795000,5.4358180000,5.4540590000,3262139
2022-08-05 14:00:00,5.4540590000,5.4996615000,5.4449385000,5.4996615000,5283752
2022-08-05 15:00:00,5.4905410000,5.5179025000,5.4814205000,5.5179025000,5811702
2022-08-08 10:30:00,5.5179025000,5.5452640000,5.4905410000,5.4996615000,5243046
2022-08-08 11:30:00,5.4996615000,5.5087820000,5.4814205000,5.4905410000,3155845
2022-08-08 14:00:00,5.4905410000,5.4996615000,5.4814205000,5.4814205000,2629877
2022-08-08 15:00:00,5.4814205000,5.5087820000,5.4814205000,5.5087820000,4015462
2022-08-09 10:30:00,5.5087820000,5.5087820000,5.4540590000,5.4814205000,5677500
2022-08-09 11:30:00,5.4814205000,5.4814205000,5.4631795000,5.4723000000,2970350
2022-08-09 14:00:00,5.4723000000,5.4814205000,5.4540590000,5.4540590000,5736488
2022-08-09 15:00:00,5.4540590000,5.4631795000,5.4449385000,5.4540590000,5773380
2022-08-10 10:30:00,5.4540590000,5.4814205000,5.4358180000,5.4449385000,5248010
2022-08-10 11:30:00,5.4449385000,5.4540590000,5.4358180000,5.4449385000,2548809
2022-08-10 14:00:00,5.4449385000,5.4540590000,5.4358180000,5.4449385000,2903900
2022-08-10 15:00:00,5.4540590000,5.4631795000,5.4358180000,5.4449385000,5036401
2022-08-11 10:30:00,5.4540590000,5.4905410000,5.4540590000,5.4905410000,5252553
2022-08-11 11:30:00,5.4905410000,5.5452640000,5.4814205000,5.5361435000,7943123
2022-08-11 14:00:00,5.5270230000,5.5635050000,5.5270230000,5.5543845000,7416300
2022-08-11 15:00:00,5.5543845000,5.5908665000,5.5543845000,5.5817460000,9680219
2022-08-12 10:30:00,5.5726255000,5.5908665000,5.5543845000,5.5817460000,7159465
2022-08-12 11:30:00,5.5817460000,5.6273485000,5.5817460000,5.6091075000,6935931
2022-08-12 14:00:00,5.6091075000,5.6273485000,5.5999870000,5.6182280000,3770500
2022-08-12 15:00:00,5.6182280000,5.6273485000,5.5999870000,5.6182280000,5417107
2022-08-15 10:30:00,5.5999870000,5.6455895000,5.5726255000,5.5908665000,10389476
2022-08-15 11:30:00,5.5908665000,5.5999870000,5.5817460000,5.5999870000,2529230
2022-08-15 14:00:00,5.6091075000,5.6273485000,5.5999870000,5.6091075000,4762390
2022-08-15 15:00:00,5.6091075000,5.6182280000,5.5999870000,5.6091075000,3562787
2022-08-16 10:30:00,5.6091075000,5.6455895000,5.5999870000,5.6455895000,6999722
2022-08-16 11:30:00,5.6455895000,5.6455895000,5.6091075000,5.6091075000,4563444
2022-08-16 14:00:00,5.6091075000,5.6273485000,5.6091075000,5.6091075000,3079630
2022-08-16 15:00:00,5.6091075000,5.6273485000,5.6091075000,5.6091075000,4437357
2022-08-17 10:30:00,5.6182280000,5.6364690000,5.5270230000,5.5543845000,8654713
2022-08-17 11:30:00,5.5543845000,5.5908665000,5.5452640000,5.5817460000,3475600
2022-08-17 14:00:00,5.5817460000,5.5908665000,5.5635050000,5.5908665000,2753081
2022-08-17 15:00:00,5.5908665000,5.5999870000,5.5817460000,5.5999870000,3698863
2022-08-18 10:30:00,5.5908665000,5.5908665000,5.5270230000,5.5361435000,7198145
2022-08-18 11:30:00,5.5361435000,5.5361435000,5.5179025000,5.5361435000,2521900
2022-08-18 14:00:00,5.5270230000,5.5452640000,5.5270230000,5.5270230000,2403596
2022-08-18 15:00:00,5.5270230000,5.5452640000,5.4996615000,5.5270230000,11296724
2022-08-19 10:30:00,5.5179025000,5.5543845000,5.4905410000,5.5179025000,6694800
2022-08-19 11:30:00,5.5179025000,5.5179025000,5.4996615000,5.5087820000,4675180
2022-08-19 14:00:00,5.5087820000,5.5179025000,5.4996615000,5.4996615000,4736080
2022-08-19 15:00:00,5.5087820000,5.5179025000,5.4723000000,5.4905410000,8730741
2022-08-22 10:30:00,5.4723000000,5.4814205000,5.4449385000,5.4723000000,8624182
2022-08-22 11:30:00,5.4723000000,5.4905410000,5.4631795000,5.4905410000,4958766
2022-08-22 14:00:00,5.4905410000,5.4905410000,5.4631795000,5.4723000000,4550628
2022-08-22 15:00:00,5.4814205000,5.4996615000,5.4631795000,5.4996615000,6471556
2022-08-23 10:30:00,5.4814205000,5.4814205000,5.4540590000,5.4540590000,6949058
2022-08-23 11:30:00,5.4540590000,5.4723000000,5.4449385000,5.4631795000,5214700
2022-08-23 14:00:00,5.4631795000,5.4723000000,5.4449385000,5.4631795000,5062250
2022-08-23 15:00:00,5.4631795000,5.4631795000,5.4449385000,5.4540590000,5813951
2022-08-24 10:30:00,5.4723000000,5.4814205000,5.4266975000,5.4358180000,7936205
2022-08-24 11:30:00,5.4266975000,5.4358180000,5.3902155000,5.3993360000,5937995
2022-08-24 14:00:00,5.3993360000,5.4084565000,5.3902155000,5.3902155000,3730300
2022-08-24 15:00:00,5.3902155000,5.3993360000,5.3446130000,5.3628540000,11095637
2022-08-25 10:30:00,5.3628540000,5.3902155000,5.2898900000,5.3172515000,9022624
2022-08-25 11:30:00,5.3172515000,5.3354925000,5.2990105000,5.3172515000,3220950
2022-08-25 14:00:00,5.3172515000,5.3537335000,5.3081310000,5.3172515000,3110410
2022-08-25 15:00:00,5.3172515000,5.3537335000,5.2990105000,5.3537335000,5267267
2022-08-26 10:30:00,5.3537335000,5.3719745000,5.3263720000,5.3537335000,4580706
2022-08-26 11:30:00,5.3446130000,5.3628540000,5.3354925000,5.3354925000,2438200
2022-08-26 14:00:00,5.3354925000,5.3537335000,5.3354925000,5.3354925000,2239613
2022-08-26 15:00:00,5.3354925000,5.3537335000,5.3263720000,5.3263720000,5479923
2022-08-29 10:30:00,5.2625285000,5.3081310000,5.2351670000,5.2807695000,6733714
2022-08-29 11:30:00,5.2807695000,5.3354925000,5.2716490000,5.3172515000,2397991
2022-08-29 14:00:00,5.3172515000,5.3354925000,5.2990105000,5.3263720000,2281800
2022-08-29 15:00:00,5.3263720000,5.3263720000,5.2990105000,5.3172515000,3937002
2022-08-30 10:30:00,5.3263720000,5.3810950000,5.3081310000,5.3354925000,5608300
2022-08-30 11:30:00,5.3354925000,5.3354925000,5.3081310000,5.3263720000,1943020
2022-08-30 14:00:00,5.3172515000,5.3446130000,5.3081310000,5.3172515000,2492980
2022-08-30 15:00:00,5.3172515000,5.3354925000,5.3081310000,5.3263720000,2972001
2022-08-31 10:30:00,5.3263720000,5.3354925000,5.2625285000,5.2716490000,6870800
2022-08-31 11:30:00,5.2716490000,5.2807695000,5.2534080000,5.2625285000,4132485
2022-08-31 14:00:00,5.2625285000,5.3354925000,5.2625285000,5.3172515000,4837351
2022-08-31 15:00:00,5.3081310000,5.3172515000,5.2625285000,5.2625285000,5793717
2022-09-01 10:30:00,5.2625285000,5.3537335000,5.2625285000,5.3263720000,7419642
2022-09-01 11:30:00,5.3263720000,5.3354925000,5.3172515000,5.3263720000,2456100
2022-09-01 14:00:00,5.3354925000,5.3446130000,5.3263720000,5.3446130000,3414089
2022-09-01 15:00:00,5.3446130000,5.3446130000,5.3081310000,5.3081310000,5007771
2022-09-02 10:30:00,5.3081310000,5.3354925000,5.2990105000,5.3081310000,4569800
2022-09-02 11:30:00,5.3081310000,5.3263720000,5.3081310000,5.3172515000,2180814
2022-09-02 14:00:00,5.3263720000,5.3354925000,5.3172515000,5.3263720000,2769330
2022-09-02 15:00:00,5.3263720000,5.3263720000,5.3081310000,5.3081310000,4066010
2022-09-05 10:30:00,5.3081310000,5.3263720000,5.2807695000,5.2990105000,5959781
2022-09-05 11:30:00,5.2990105000,5.2990105000,5.2807695000,5.2898900000,4325430
2022-09-05 14:00:00,5.2898900000,5.3172515000,5.2898900000,5.2898900000,2872880
2022-09-05 15:00:00,5.2898900000,5.3081310000,5.2898900000,5.3081310000,3249680
2022-09-06 10:30:00,5.3172515000,5.3993360000,5.3172515000,5.3537335000,7101448
2022-09-06 11:30:00,5.3537335000,5.3628540000,5.3537335000,5.3537335000,1917099
2022-09-06 14:00:00,5.3537335000,5.3719745000,5.3537335000,5.3628540000,2647754
2022-09-06 15:00:00,5.3628540000,5.3719745000,5.3537335000,5.3719745000,3810000
2022-09-07 10:30:00,5.3628540000,5.3719745000,5.3354925000,5.3628540000,3587888
2022-09-07 11:30:00,5.3628540000,5.3628540000,5.3446130000,5.3537335000,1952270
2022-09-07 14:00:00,5.3446130000,5.3537335000,5.3446130000,5.3537335000,2109300
2022-09-07 15:00:00,5.3446130000,5.3628540000,5.3446130000,5.3446130000,3280744
2022-09-08 10:30:00,5.3446130000,5.3719745000,5.3263720000,5.3446130000,4590218
2022-09-08 11:30:00,5.3446130000,5.3628540000,5.3446130000,5.3446130000,1915958
2022-09-08 14:00:00,5.3537335000,5.3719745000,5.3446130000,5.3628540000,3292205
2022-09-08 15:00:00,5.3719745000,5.3719745000,5.3446130000,5.3628540000,3177860
2022-09-09 10:30:00,5.3537335000,5.4175770000,5.3537335000,5.4084565000,7849713
2022-09-09 11:30:00,5.4084565000,5.4905410000,5.4084565000,5.4723000000,13085262
2022-09-09 14:00:00,5.4723000000,5.4814205000,5.4631795000,5.4631795000,4945708
2022-09-09 15:00:00,5.4723000000,5.4996615000,5.4540590000,5.4814205000,12340697
2022-09-13 10:30:00,5.4814205000,5.5361435000,5.4723000000,5.4905410000,7054612
2022-09-13 11:30:00,5.4905410000,5.5087820000,5.4814205000,5.4996615000,3588906
2022-09-13 14:00:00,5.4905410000,5.4996615000,5.4723000000,5.4723000000,3272136
2022-09-13 15:00:00,5.4723000000,5.4814205000,5.4540590000,5.4723000000,3588511
2022-09-14 10:30:00,5.4266975000,5.4996615000,5.3993360000,5.4723000000,9708017
2022-09-14 11:30:00,5.4723000000,5.4814205000,5.4540590000,5.4631795000,2786800
2022-09-14 14:00:00,5.4631795000,5.4631795000,5.4449385000,5.4540590000,2456076
2022-09-14 15:00:00,5.4540590000,5.4631795000,5.4449385000,5.4449385000,3262223
2022-09-15 10:30:00,5.4723000000,5.4905410000,5.4266975000,5.4449385000,6157936
2022-09-15 11:30:00,5.4449385000,5.4449385000,5.4084565000,5.4084565000,4579864
2022-09-15 14:00:00,5.4084565000,5.4175770000,5.3810950000,5.3902155000,5567862
2022-09-15 15:00:00,5.3902155000,5.4358180000,5.3810950000,5.4266975000,7661748
2022-09-16 10:30:00,5.4266975000,5.4449385000,5.3537335000,5.3628540000,8347800
2022-09-16 11:30:00,5.3628540000,5.3719745000,5.3354925000,5.3719745000,3649565
2022-09-16 14:00:00,5.3719745000,5.3719745000,5.3263720000,5.3354925000,3606135
2022-09-16 15:00:00,5.3354925000,5.3354925000,5.2625285000,5.2716490000,11643885
2022-09-19 10:30:00,5.2716490000,5.2898900000,5.2260465000,5.2351670000,7114200
2022-09-19 11:30:00,5.2442875000,5.3263720000,5.2351670000,5.3172515000,5311756
2022-09-19 14:00:00,5.3172515000,5.3354925000,5.2898900000,5.2898900000,6009900
2022-09-19 15:00:00,5.2898900000,5.3172515000,5.2716490000,5.2990105000,3490200
2022-09-20 10:30:00,5.2990105000,5.3446130000,5.2990105000,5.3172515000,3804089
2022-09-20 11:30:00,5.3263720000,5.3354925000,5.3172515000,5.3263720000,1428100
2022-09-20 14:00:00,5.3172515000,5.3263720000,5.2898900000,5.3081310000,2255529
2022-09-20 15:00:00,5.3081310000,5.3081310000,5.2807695000,5.2807695000,2995616
2022-09-21 10:30:00,5.2807695000,5.2990105000,5.2534080000,5.2807695000,5346000
2022-09-21 11:30:00,5.2807695000,5.3081310000,5.2807695000,5.2898900000,2599700
2022-09-21 14:00:00,5.2898900000,5.3628540000,5.2807695000,5.3446130000,5091642
2022-09-21 15:00:00,5.3446130000,5.3719745000,5.3354925000,5.3354925000,5960146
2022-09-22 10:30:00,5.3263720000,5.3537335000,5.2990105000,5.3537335000,5236200
2022-09-22 11:30:00,5.3537335000,5.3628540000,5.3263720000,5.3354925000,3902387
2022-09-22 14:00:00,5.3354925000,5.3446130000,5.3172515000,5.3263720000,3529309
2022-09-22 15:00:00,5.3263720000,5.3446130000,5.3172515000,5.3354925000,4048500
2022-09-23 10:30:00,5.3172515000,5.3902155000,5.3172515000,5.3263720000,4635800
2022-09-23 11:30:00,5.3263720000,5.3354925000,5.2990105000,5.2990105000,3118026
2022-09-23 14:00:00,5.2990105000,5.3628540000,5.2990105000,5.3263720000,3364290
2022-09-23 15:00:00,5.3263720000,5.3628540000,5.2990105000,5.3172515000,3446811
2022-09-26 10:30:00,5.3081310000,5.3172515000,5.2625285000,5.2898900000,6195999
2022-09-26 11:30:00,5.2898900000,5.2898900000,5.2534080000,5.2716490000,3219834
2022-09-26 14:00:00,5.2625285000,5.2625285000,5.2078055000,5.2169260000,5244500
2022-09-26 15:00:00,5.2169260000,5.2169260000,5.1622030000,5.1804440000,6812617
2022-09-27 10:30:00,5.1804440000,5.2260465000,5.1804440000,5.1895645000,3650605
2022-09-27 11:30:00,5.1895645000,5.1986850000,5.1622030000,5.1895645000,2339993
2022-09-27 14:00:00,5.1895645000,5.2442875000,5.1804440000,5.2442875000,3271831
2022-09-27 15:00:00,5.2442875000,5.2534080000,5.2260465000,5.2534080000,3852835
2022-09-28 10:30:00,5.2534080000,5.2625285000,5.1986850000,5.1986850000,4802200
2022-09-28 11:30:00,5.1986850000,5.2169260000,5.1804440000,5.1986850000,2837229
2022-09-28 14:00:00,5.1986850000,5.2078055000,5.1530825000,5.1622030000,4149287
2022-09-28 15:00:00,5.1622030000,5.1713235000,5.0892390000,5.0983595000,6347526
2022-09-29 10:30:00,5.1348415000,5.1622030000,5.0983595000,5.1074800000,5128177
2022-09-29 11:30:00,5.1074800000,5.1074800000,5.0709980000,5.0709980000,2865297
2022-09-29 14:00:00,5.0801185000,5.0983595000,5.0345160000,5.0436365000,3695326
2022-09-29 15:00:00,5.0436365000,5.0709980000,5.0162750000,5.0527570000,4311451
2022-09-30 10:30:00,5.0436365000,5.1074800000,5.0253955000,5.0892390000,4583385
2022-09-30 11:30:00,5.0892390000,5.1074800000,5.0801185000,5.0892390000,2189510
2022-09-30 14:00:00,5.0983595000,5.0983595000,5.0801185000,5.0892390000,2598992
2022-09-30 15:00:00,5.0892390000,5.0983595000,5.0436365000,5.0527570000,4091517
2022-10-10 10:30:00,5.0527570000,5.1439620000,5.0527570000,5.1166005000,6268301
2022-10-10 11:30:00,5.1074800000,5.1166005000,5.0983595000,5.1074800000,1458414
2022-10-10 14:00:00,5.1074800000,5.1166005000,5.0801185000,5.0892390000,2142886
2022-10-10 15:00:00,5.0801185000,5.0892390000,5.0345160000,5.0527570000,2864564
2022-10-11 10:30:00,5.0618775000,5.0983595000,5.0345160000,5.0527570000,4084776
2022-10-11 11:30:00,5.0527570000,5.0801185000,5.0436365000,5.0801185000,1790553
2022-10-11 14:00:00,5.0801185000,5.0892390000,5.0527570000,5.0618775000,2726358
2022-10-11 15:00:00,5.0709980000,5.0801185000,5.0527570000,5.0801185000,2441878
2022-10-12 10:30:00,5.0892390000,5.1439620000,5.0709980000,5.1348415000,5167308
2022-10-12 11:30:00,5.1348415000,5.2442875000,5.1257210000,5.1804440000,11100318
2022-10-12 14:00:00,5.1713235000,5.2716490000,5.1713235000,5.2625285000,6517228
2022-10-12 15:00:00,5.2625285000,5.3081310000,5.2442875000,5.3081310000,8714696
2022-10-13 10:30:00,5.3081310000,5.3354925000,5.2716490000,5.3263720000,7197000
2022-10-13 11:30:00,5.3263720000,5.3628540000,5.3081310000,5.3537335000,4171054
2022-10-13 14:00:00,5.3537335000,5.3902155000,5.3354925000,5.3719745000,5661760
2022-10-13 15:00:00,5.3810950000,5.3810950000,5.3537335000,5.3537335000,5453946
2022-10-14 10:30:00,5.3628540000,5.4084565000,5.3446130000,5.3810950000,6911150
2022-10-14 11:30:00,5.3719745000,5.3810950000,5.3628540000,5.3628540000,2630920
2022-10-14 14:00:00,5.3628540000,5.3719745000,5.3446130000,5.3446130000,4712503
2022-10-14 15:00:00,5.3446130000,5.3719745000,5.3446130000,5.3537335000,5261511
2022-10-17 10:30:00,5.3628540000,5.3719745000,5.3263720000,5.3446130000,7944481
2022-10-17 11:30:00,5.3446130000,5.3446130000,5.3172515000,5.3172515000,3141480
2022-10-17 14:00:00,5.3172515000,5.3537335000,5.3172515000,5.3354925000,4534900
2022-10-17 15:00:00,5.3354925000,5.3446130000,5.3172515000,5.3172515000,7532869
2022-10-18 10:30:00,5.3446130000,5.3537335000,5.2625285000,5.2807695000,8218900
2022-10-18 11:30:00,5.2807695000,5.2898900000,5.2716490000,5.2716490000,2549940
2022-10-18 14:00:00,5.2807695000,5.2898900000,5.2442875000,5.2534080000,5818390
2022-10-18 15:00:00,5.2442875000,5.2534080000,5.2351670000,5.2442875000,7880894
2022-10-19 10:30:00,5.2351670000,5.2625285000,5.2260465000,5.2351670000,4098700
2022-10-19 11:30:00,5.2442875000,5.2442875000,5.2169260000,5.2260465000,2235300
2022-10-19 14:00:00,5.2351670000,5.2351670000,5.1895645000,5.1895645000,4803450
2022-10-19 15:00:00,5.1895645000,5.1986850000,5.1622030000,5.1622030000,5620190
2022-10-20 10:30:00,5.1713235000,5.1804440000,5.1257210000,5.1439620000,4427610
2022-10-20 11:30:00,5.1439620000,5.1622030000,5.1439620000,5.1439620000,1430742
2022-10-20 14:00:00,5.1439620000,5.2078055000,5.1439620000,5.1713235000,4290716
2022-10-20 15:00:00,5.1622030000,5.1713235000,5.1257210000,5.1348415000,5124936
2022-10-21 10:30:00,5.1348415000,5.1986850000,5.1348415000,5.1530825000,5447277
2022-10-21 11:30:00,5.1439620000,5.1713235000,5.1439620000,5.1622030000,2152980
2022-10-21 14:00:00,5.1530825000,5.1622030000,5.1166005000,5.1166005000,3425201
2022-10-21 15:00:00,5.1166005000,5.1257210000,5.0892390000,5.1074800000,5391599
2022-10-24 10:30:00,5.1074800000,5.1622030000,5.0709980000,5.0892390000,8799700
2022-10-24 11:30:00,5.0983595000,5.1074800000,5.0709980000,5.0709980000,3537983
2022-10-24 14:00:00,5.0801185000,5.0801185000,5.0162750000,5.0162750000,8108661
2022-10-24 15:00:00,5.0253955000,5.0345160000,4.9889135000,5.0162750000,8865044
2022-10-25 10:30:00,5.0345160000,5.0436365000,4.9250700000,5.0253955000,6785792
2022-10-25 11:30:00,5.0253955000,5.0892390000,5.0071545000,5.0892390000,5338271
2022-10-25 14:00:00,5.0801185000,5.0892390000,5.0345160000,5.0527570000,2417630
2022-10-25 15:00:00,5.0527570000,5.0618775000,5.0345160000,5.0527570000,3063594
2022-10-26 10:30:00,5.0618775000,5.1074800000,5.0618775000,5.1074800000,5274589
2022-10-26 11:30:00,5.1074800000,5.1439620000,5.0983595000,5.1257210000,4746063
2022-10-26 14:00:00,5.1257210000,5.1348415000,5.0892390000,5.0892390000,2628967
2022-10-26 15:00:00,5.0892390000,5.0983595000,5.0709980000,5.0892390000,3305418
2022-10-27 10:30:00,5.1257210000,5.1439620000,5.0983595000,5.1257210000,4593271
2022-10-27 11:30:00,5.1348415000,5.1439620000,5.1074800000,5.1166005000,2281744
2022-10-27 14:00:00,5.1166005000,5.1257210000,5.0983595000,5.1257210000,2638300
2022-10-27 15:00:00,5.1257210000,5.1257210000,5.0892390000,5.0983595000,3494330
2022-10-28 10:30:00,5.0983595000,5.1166005000,5.0709980000,5.0801185000,4801100
2022-10-28 11:30:00,5.0801185000,5.0983595000,5.0618775000,5.0801185000,2184288
2022-10-28 14:00:00,5.0801185000,5.0892390000,5.0253955000,5.0436365000,2817512
2022-10-28 15:00:00,5.0436365000,5.0618775000,4.9706725000,5.0071545000,6317730
2022-10-31 10:30:00,4.9889135000,4.9889135000,4.8429855000,4.8612265000,11299406
2022-10-31 11:30:00,4.8703470000,4.9524315000,4.8612265000,4.9341905000,3441718
2022-10-31 14:00:00,4.9250700000,4.9433110000,4.8612265000,4.8703470000,3084850
2022-10-31 15:00:00,4.8794675000,4.8794675000,4.8521060000,4.8794675000,4945513
2022-11-01 10:30:00,4.8885880000,4.9433110000,4.8703470000,4.9250700000,6432051
2022-11-01 11:30:00,4.9250700000,4.9524315000,4.8794675000,4.8794675000,5411571
2022-11-01 14:00:00,4.8885880000,4.9889135000,4.8794675000,4.9524315000,8786650
2022-11-01 15:00:00,4.9524315000,5.0162750000,4.9524315000,5.0162750000,10944400
2022-11-02 10:30:00,4.9980340000,5.0345160000,4.9524315000,5.0253955000,9777271
2022-11-02 11:30:00,5.0253955000,5.0345160000,4.9980340000,5.0162750000,4539894
2022-11-02 14:00:00,5.0253955000,5.0527570000,5.0162750000,5.0436365000,6146829
2022-11-02 15:00:00,5.0436365000,5.0527570000,5.0071545000,5.0253955000,5126837
2022-11-03 10:30:00,5.0162750000,5.0253955000,4.9797930000,5.0071545000,5878684
2022-11-03 11:30:00,5.0071545000,5.0162750000,4.9797930000,4.9797930000,3484300
2022-11-03 14:00:00,4.9889135000,4.9980340000,4.9706725000,4.9889135000,2600841
2022-11-03 15:00:00,4.9797930000,5.0071545000,4.9797930000,5.0071545000,4273600
2022-11-04 10:30:00,5.0071545000,5.0618775000,4.9980340000,5.0436365000,7019826
2022-11-04 11:30:00,5.0436365000,5.0983595000,5.0436365000,5.0801185000,6621591
2022-11-04 14:00:00,5.0801185000,5.1074800000,5.0709980000,5.0892390000,7864611
2022-11-04 15:00:00,5.0892390000,5.0983595000,5.0801185000,5.0892390000,5155569
2022-11-07 10:30:00,5.0892390000,5.1074800000,5.0618775000,5.0709980000,7558686
2022-11-07 11:30:00,5.0709980000,5.1257210000,5.0709980000,5.1166005000,6004120
2022-11-07 14:00:00,5.1166005000,5.1257210000,5.0801185000,5.0801185000,3692808
2022-11-07 15:00:00,5.0892390000,5.1074800000,5.0801185000,5.1074800000,3218676
2022-11-08 10:30:00,5.1166005000,5.1257210000,5.0618775000,5.0618775000,5354140
2022-11-08 11:30:00,5.0618775000,5.0892390000,5.0618775000,5.0892390000,2437422
2022-11-08 14:00:00,5.0892390000,5.0892390000,5.0618775000,5.0618775000,3018846
2022-11-08 15:00:00,5.0709980000,5.0892390000,5.0618775000,5.0892390000,4002818
2022-11-09 10:30:00,5.0983595000,5.1074800000,5.0801185000,5.0983595000,4359800
2022-11-09 11:30:00,5.0983595000,5.1074800000,5.0801185000,5.0801185000,3055024
2022-11-09 14:00:00,5.0892390000,5.0892390000,5.0709980000,5.0801185000,2005332
2022-11-09 15:00:00,5.0709980000,5.0892390000,5.0709980000,5.0801185000,2364200
2022-11-10 10:30:00,5.0709980000,5.0709980000,5.0162750000,5.0436365000,6280860
2022-11-10 11:30:00,5.0436365000,5.0618775000,5.0071545000,5.0527570000,5702200
2022-11-10 14:00:00,5.0527570000,5.0618775000,5.0253955000,5.0527570000,3009902
2022-11-10 15:00:00,5.0527570000,5.0801185000,5.0436365000,5.0527570000,4341803
2022-11-11 10:30:00,5.1348415000,5.1622030000,5.0983595000,5.1348415000,11808963
2022-11-11 11:30:00,5.1348415000,5.1622030000,5.1257210000,5.1622030000,5132749
2022-11-11 14:00:00,5.1622030000,5.2442875000,5.1439620000,5.2351670000,19400588
2022-11-11 15:00:00,5.2442875000,5.2534080000,5.1986850000,5.2078055000,13471544
2022-11-14 10:30:00,5.2078055000,5.3354925000,5.2078055000,5.2716490000,26921924
2022-11-14 11:30:00,5.2716490000,5.3263720000,5.2625285000,5.3263720000,11055810
2022-11-14 14:00:00,5.3263720000,5.3354925000,5.2716490000,5.2807695000,11160259
2022-11-14 15:00:00,5.2807695000,5.2898900000,5.2260465000,5.2534080000,17905044
2022-11-15 10:30:00,5.2351670000,5.2807695000,5.2169260000,5.2716490000,8073460
2022-11-15 11:30:00,5.2807695000,5.2990105000,5.2625285000,5.2898900000,5176619
2022-11-15 14:00:00,5.2898900000,5.3081310000,5.2807695000,5.3081310000,5339700
2022-11-15 15:00:00,5.3081310000,5.3081310000,5.2807695000,5.2898900000,9529486
2022-11-16 10:30:00,5.3081310000,5.3263720000,5.2807695000,5.2807695000,5889372
2022-11-16 11:30:00,5.2898900000,5.2898900000,5.2534080000,5.2534080000,3910813
2022-11-16 14:00:00,5.2534080000,5.2625285000,5.2260465000,5.2442875000,4432982
2022-11-16 15:00:00,5.2442875000,5.2625285000,5.2260465000,5.2442875000,5248550
2022-11-17 10:30:00,5.2442875000,5.2534080000,5.1986850000,5.1986850000,5968500
2022-11-17 11:30:00,5.1986850000,5.2260465000,5.1895645000,5.1986850000,3798300
2022-11-17 14:00:00,5.1986850000,5.2078055000,5.1804440000,5.1895645000,3219890
2022-11-17 15:00:00,5.1804440000,5.2260465000,5.1804440000,5.2260465000,5806836
2022-11-18 10:30:00,5.2351670000,5.2442875000,5.1986850000,5.1986850000,5300700
2022-11-18 11:30:00,5.1986850000,5.2260465000,5.1804440000,5.1986850000,3235059
2022-11-18 14:00:00,5.2078055000,5.2169260000,5.1804440000,5.1986850000,4031215
2022-11-18 15:00:00,5.1895645000,5.2078055000,5.1622030000,5.1713235000,6121235
2022-11-21 10:30:00,5.1713235000,5.1713235000,5.1074800000,5.1257210000,8098756
2022-11-21 11:30:00,5.1257210000,5.1348415000,5.1074800000,5.1166005000,2419900
2022-11-21 14:00:00,5.1257210000,5.1439620000,5.1166005000,5.1348415000,3744640
2022-11-21 15:00:00,5.1257210000,5.1439620000,5.1166005000,5.1257210000,4602930
2022-11-22 10:30:00,5.1348415000,5.1622030000,5.1074800000,5.1166005000,5198146
2022-11-22 11:30:00,5.1166005000,5.1713235000,5.1074800000,5.1713235000,4392386
2022-11-22 14:00:00,5.1713235000,5.2260465000,5.1713235000,5.1895645000,10510700
2022-11-22 15:00:00,5.1895645000,5.1895645000,5.1439620000,5.1622030000,5937053
2022-11-23 10:30:00,5.1622030000,5.2716490000,5.1348415000,5.2442875000,14689660
2022-11-23 11:30:00,5.2442875000,5.2534080000,5.2078055000,5.2169260000,5036561
2022-11-23 14:00:00,5.2078055000,5.2351670000,5.2078055000,5.2260465000,3989500
2022-11-23 15:00:00,5.2260465000,5.2260465000,5.2078055000,5.2169260000,4094215
2022-11-24 10:30:00,5.2260465000,5.2716490000,5.2260465000,5.2351670000,6456400
2022-11-24 11:30:00,5.2351670000,5.2442875000,5.2169260000,5.2260465000,2598800
2022-11-24 14:00:00,5.2169260000,5.2625285000,5.2078055000,5.2534080000,5061690
2022-11-24 15:00:00,5.2442875000,5.2534080000,5.2351670000,5.2442875000,3958463
2022-11-25 10:30:00,5.2260465000,5.2990105000,5.1986850000,5.2807695000,10197100
2022-11-25 11:30:00,5.2807695000,5.3081310000,5.2807695000,5.2990105000,7564500
2022-11-25 14:00:00,5.2898900000,5.3081310000,5.2898900000,5.2898900000,5967311
2022-11-25 15:00:00,5.2990105000,5.2990105000,5.2716490000,5.2807695000,7107430
2022-11-28 10:30:00,5.2442875000,5.2534080000,5.1530825000,5.1986850000,10778182
2022-11-28 11:30:00,5.1986850000,5.2169260000,5.1986850000,5.2078055000,2719700
2022-11-28 14:00:00,5.1986850000,5.1986850000,5.1713235000,5.1804440000,3118400
2022-11-28 15:00:00,5.1895645000,5.1986850000,5.1713235000,5.1895645000,4359234
2022-11-29 10:30:00,5.2260465000,5.3354925000,5.2169260000,5.3263720000,14849510
2022-11-29 11:30:00,5.3263720000,5.3628540000,5.3172515000,5.3628540000,11037962
2022-11-29 14:00:00,5.3628540000,5.3902155000,5.3446130000,5.3446130000,13752653
2022-11-29 15:00:00,5.3446130000,5.3902155000,5.3446130000,5.3902155000,15254105
2022-11-30 10:30:00,5.3719745000,5.3902155000,5.3354925000,5.3446130000,9387636
2022-11-30 11:30:00,5.3446130000,5.3628540000,5.3354925000,5.3537335000,3240101
2022-11-30 14:00:00,5.3537335000,5.3537335000,5.3172515000,5.3263720000,5585382
2022-11-30 15:00:00,5.3172515000,5.3263720000,5.2990105000,5.3263720000,11016029
2022-12-01 10:30:00,5.3719745000,5.3810950000,5.3081310000,5.3172515000,11744300
2022-12-01 11:30:00,5.3172515000,5.3354925000,5.3081310000,5.3172515000,4133878
2022-12-01 14:00:00,5.3172515000,5.3263720000,5.2990105000,5.3081310000,3847722
2022-12-01 15:00:00,5.3081310000,5.3172515000,5.2898900000,5.2990105000,7106399
2022-12-02 10:30:00,5.2898900000,5.3172515000,5.2625285000,5.2716490000,7857173
2022-12-02 11:30:00,5.2625285000,5.2807695000,5.2534080000,5.2807695000,4206744
2022-12-02 14:00:00,5.2716490000,5.2898900000,5.2625285000,5.2898900000,3577800
2022-12-02 15:00:00,5.2898900000,5.2898900000,5.2716490000,5.2807695000,5544648
2022-12-05 10:30:00,5.2898900000,5.3719745000,5.2898900000,5.3719745000,13898711
2022-12-05 11:30:00,5.3628540000,5.4540590000,5.3537335000,5.4358180000,16404849
2022-12-05 14:00:00,5.4266975000,5.4449385000,5.3993360000,5.4266975000,7565598
2022-12-05 15:00:00,5.4358180000,5.4449385000,5.4175770000,5.4358180000,9290481
2022-12-06 10:30:00,5.4358180000,5.4449385000,5.3902155000,5.4175770000,7105776
2022-12-06 11:30:00,5.4175770000,5.4266975000,5.3902155000,5.3902155000,4955700
2022-12-06 14:00:00,5.3902155000,5.4084565000,5.3719745000,5.3993360000,5972341
2022-12-06 15:00:00,5.4084565000,5.4175770000,5.3810950000,5.4084565000,4455490
2022-12-07 10:30:00,5.3810950000,5.4175770000,5.3628540000,5.3719745000,5843400
2022-12-07 11:30:00,5.3719745000,5.3810950000,5.3446130000,5.3537335000,4650970
2022-12-07 14:00:00,5.3537335000,5.3993360000,5.3446130000,5.3446130000,6912800
2022-12-07 15:00:00,5.3537335000,5.3719745000,5.3354925000,5.3628540000,7970077
2022-12-08 10:30:00,5.3993360000,5.4084565000,5.3446130000,5.3537335000,8038000
2022-12-08 11:30:00,5.3446130000,5.3810950000,5.3446130000,5.3719745000,3279670
2022-12-08 14:00:00,5.3719745000,5.3810950000,5.3537335000,5.3628540000,3588752
2022-12-08 15:00:00,5.3719745000,5.3719745000,5.3446130000,5.3719745000,5729613
2022-12-09 10:30:00,5.3628540000,5.4540590000,5.3354925000,5.3719745000,12362840
2022-12-09 11:30:00,5.3719745000,5.3810950000,5.3537335000,5.3628540000,3995460
2022-12-09 14:00:00,5.3628540000,5.4358180000,5.3446130000,5.4266975000,13977850
2022-12-09 15:00:00,5.4266975000,5.4905410000,5.4084565000,5.4449385000,25361608
2022-12-12 10:30:00,5.4266975000,5.4358180000,5.3719745000,5.3719745000,12779400
2022-12-12 11:30:00,5.3810950000,5.3810950000,5.3537335000,5.3628540000,6832160
2022-12-12 14:00:00,5.3537335000,5.3628540000,5.3172515000,5.3172515000,6143674
2022-12-12 15:00:00,5.3172515000,5.3263720000,5.2990105000,5.3081310000,9677684
2022-12-13 10:30:00,5.3081310000,5.3263720000,5.2898900000,5.3172515000,6285010
2022-12-13 11:30:00,5.3172515000,5.3172515000,5.2807695000,5.2898900000,3036000
2022-12-13 14:00:00,5.2898900000,5.3263720000,5.2716490000,5.3172515000,4616542
2022-12-13 15:00:00,5.3263720000,5.3354925000,5.3081310000,5.3172515000,4065157
2022-12-14 10:30:00,5.3081310000,5.3354925000,5.2990105000,5.2990105000,4857586
2022-12-14 11:30:00,5.2990105000,5.3172515000,5.2898900000,5.3081310000,2784314
2022-12-14 14:00:00,5.3172515000,5.3446130000,5.2990105000,5.3081310000,4308023
2022-12-14 15:00:00,5.3081310000,5.3172515000,5.2990105000,5.3081310000,2923273
2022-12-15 10:30:00,5.2898900000,5.3172515000,5.2442875000,5.2442875000,7366200
2022-12-15 11:30:00,5.2442875000,5.2625285000,5.2442875000,5.2534080000,2166200
2022-12-15 14:00:00,5.2625285000,5.2625285000,5.2260465000,5.2442875000,3661700
2022-12-15 15:00:00,5.2442875000,5.2625285000,5.2351670000,5.2351670000,4851093
2022-12-16 10:30:00,5.2169260000,5.2807695000,5.2078055000,5.2716490000,7613789
2022-12-16 11:30:00,5.2716490000,5.3081310000,5.2534080000,5.2625285000,3945400
2022-12-16 14:00:00,5.2625285000,5.2625285000,5.2351670000,5.2442875000,1969317
2022-12-16 15:00:00,5.2442875000,5.2716490000,5.2442875000,5.2716490000,4239745
2022-12-19 10:30:00,5.2442875000,5.2807695000,5.2169260000,5.2169260000,5191800
2022-12-19 11:30:00,5.2169260000,5.2260465000,5.1622030000,5.1804440000,5054888
2022-12-19 14:00:00,5.1804440000,5.1895645000,5.1530825000,5.1530825000,3744012
2022-12-19 15:00:00,5.1530825000,5.1622030000,5.1074800000,5.1257210000,7261602
2022-12-20 10:30:00,5.1257210000,5.1439620000,5.1074800000,5.1166005000,4355200
2022-12-20 11:30:00,5.1166005000,5.1348415000,5.0892390000,5.0983595000,4626758
2022-12-20 14:00:00,5.0983595000,5.1074800000,5.0618775000,5.0618775000,5358200
2022-12-20 15:00:00,5.0709980000,5.0892390000,5.0618775000,5.0801185000,4244300
2022-12-21 10:30:00,5.0801185000,5.1257210000,5.0709980000,5.1074800000,5939700
2022-12-21 11:30:00,5.1074800000,5.1166005000,5.0801185000,5.0801185000,1760700
2022-12-21 14:00:00,5.0801185000,5.0892390000,5.0527570000,5.0527570000,3383369
2022-12-21 15:00:00,5.0618775000,5.0709980000,5.0527570000,5.0709980000,3186960
2022-12-22 10:30:00,5.0892390000,5.1166005000,5.0801185000,5.0892390000,5925701
2022-12-22 11:30:00,5.0892390000,5.0983595000,5.0618775000,5.0709980000,2536300
2022-12-22 14:00:00,5.0709980000,5.0892390000,5.0436365000,5.0527570000,3269360
2022-12-22 15:00:00,5.0527570000,5.0527570000,4.9980340000,5.0071545000,8024072
2022-12-23 10:30:00,5.0071545000,5.0345160000,4.9797930000,5.0345160000,4458900
2022-12-23 11:30:00,5.0345160000,5.0436365000,5.0162750000,5.0345160000,1762935
2022-12-23 14:00:00,5.0345160000,5.0345160000,4.9889135000,4.9980340000,2190626
2022-12-23 15:00:00,4.9980340000,4.9980340000,4.9615520000,4.9889135000,5250722
2022-12-26 10:30:00,4.9980340000,5.0253955000,4.9980340000,5.0071545000,4116401
2022-12-26 11:30:00,5.0071545000,5.0436365000,5.0071545000,5.0253955000,2116000
2022-12-26 14:00:00,5.0253955000,5.0345160000,5.0162750000,5.0162750000,1478400
2022-12-26 15:00:00,5.0162750000,5.0345160000,5.0162750000,5.0345160000,2700800
2022-12-27 10:30:00,5.0527570000,5.0709980000,5.0345160000,5.0618775000,3576102
2022-12-27 11:30:00,5.0709980000,5.0709980000,5.0436365000,5.0527570000,1530730
2022-12-27 14:00:00,5.0527570000,5.0709980000,5.0527570000,5.0709980000,1648506
2022-12-27 15:00:00,5.0618775000,5.0709980000,5.0527570000,5.0618775000,2473631
2022-12-28 10:30:00,5.0801185000,5.0801185000,4.9797930000,5.0071545000,7658813
2022-12-28 11:30:00,5.0071545000,5.0162750000,4.9980340000,5.0162750000,2324870
2022-12-28 14:00:00,5.0071545000,5.0162750000,4.9889135000,4.9889135000,3809160
2022-12-28 15:00:00,4.9889135000,4.9980340000,4.9797930000,4.9889135000,4115304
2022-12-29 10:30:00,4.9706725000,4.9706725000,4.9341905000,4.9706725000,5768466
2022-12-29 11:30:00,4.9615520000,4.9706725000,4.9524315000,4.9524315000,2406210
2022-12-29 14:00:00,4.9615520000,4.9797930000,4.9433110000,4.9524315000,2451567
2022-12-29 15:00:00,4.9524315000,4.9524315000,4.9433110000,4.9433110000,3175000
2022-12-30 10:30:00,4.9250700000,4.9889135000,4.9250700000,4.9706725000,4977200
2022-12-30 11:30:00,4.9615520000,4.9706725000,4.9433110000,4.9615520000,2229751
2022-12-30 14:00:00,4.9615520000,4.9706725000,4.9524315000,4.9706725000,1771772
2022-12-30 15:00:00,4.9706725000,4.9797930000,4.9615520000,4.9615520000,4031600
2023-01-03 10:30:00,4.9615520000,4.9980340000,4.9250700000,4.9980340000,6143455
2023-01-03 11:30:00,4.9980340000,5.0071545000,4.9524315000,4.9889135000,5603680
2023-01-03 14:00:00,4.9889135000,4.9980340000,4.9797930000,4.9980340000,2731090
2023-01-03 15:00:00,4.9980340000,5.0071545000,4.9889135000,4.9980340000,4255223
2023-01-04 10:30:00,5.0071545000,5.0618775000,4.9797930000,5.0618775000,6393233
2023-01-04 11:30:00,5.0618775000,5.0709980000,5.0436365000,5.0436365000,3515972
2023-01-04 14:00:00,5.0527570000,5.0527570000,5.0162750000,5.0253955000,3349284
2023-01-04 15:00:00,5.0253955000,5.0527570000,5.0253955000,5.0436365000,3322578
2023-01-05 10:30:00,5.0618775000,5.0709980000,5.0436365000,5.0436365000,4917500
2023-01-05 11:30:00,5.0527570000,5.0618775000,5.0436365000,5.0527570000,2419140
2023-01-05 14:00:00,5.0527570000,5.0618775000,5.0436365000,5.0527570000,1818852
2023-01-05 15:00:00,5.0527570000,5.0709980000,5.0436365000,5.0618775000,4865970
2023-01-06 10:30:00,5.0709980000,5.0709980000,5.0436365000,5.0618775000,3291681
2023-01-06 11:30:00,5.0618775000,5.0709980000,5.0527570000,5.0618775000,2551613
2023-01-06 14:00:00,5.0618775000,5.0709980000,5.0436365000,5.0527570000,2612647
2023-01-06 15:00:00,5.0527570000,5.0618775000,5.0436365000,5.0527570000,2937986
2023-01-09 10:30:00,5.0527570000,5.1166005000,5.0527570000,5.1166005000,8526662
2023-01-09 11:30:00,5.1166005000,5.1257210000,5.0983595000,5.1074800000,4179670
2023-01-09 14:00:00,5.1074800000,5.1257210000,5.0983595000,5.1074800000,3536701
2023-01-09 15:00:00,5.1074800000,5.1166005000,5.0983595000,5.1166005000,3534221
2023-01-10 10:30:00,5.1166005000,5.1166005000,5.0709980000,5.0892390000,4712530
2023-01-10 11:30:00,5.0892390000,5.0983595000,5.0801185000,5.0892390000,2171001
2023-01-10 14:00:00,5.0892390000,5.0983595000,5.0801185000,5.0892390000,2220135
2023-01-10 15:00:00,5.0801185000,5.0983595000,5.0801185000,5.0892390000,3994907
2023-01-11 10:30:00,5.0983595000,5.1257210000,5.0709980000,5.1166005000,6199083
2023-01-11 11:30:00,5.1166005000,5.1257210000,5.1074800000,5.1257210000,3233359
2023-01-11 14:00:00,5.1166005000,5.1348415000,5.1074800000,5.1257210000,4165770
2023-01-11 15:00:00,5.1257210000,5.1257210000,5.0892390000,5.1166005000,4743700
2023-01-12 10:30:00,5.1166005000,5.1257210000,5.0801185000,5.0801185000,3960300
2023-01-12 11:30:00,5.0801185000,5.0892390000,5.0618775000,5.0618775000,2747700
2023-01-12 14:00:00,5.0709980000,5.0892390000,5.0618775000,5.0892390000,2549459
2023-01-12 15:00:00,5.0892390000,5.0892390000,5.0618775000,5.0801185000,4266553
2023-01-13 10:30:00,5.0801185000,5.1166005000,5.0709980000,5.1166005000,3949442
2023-01-13 11:30:00,5.1166005000,5.1622030000,5.1074800000,5.1530825000,8194680
2023-01-13 14:00:00,5.1530825000,5.1804440000,5.1530825000,5.1622030000,6090722
2023-01-13 15:00:00,5.1622030000,5.2078055000,5.1622030000,5.1986850000,11093427
2023-01-16 10:30:00,5.2260465000,5.2442875000,5.1986850000,5.2260465000,11170124
2023-01-16 11:30:00,5.2260465000,5.2534080000,5.2260465000,5.2442875000,5339601
2023-01-16 14:00:00,5.2625285000,5.3081310000,5.2625285000,5.2807695000,10677000
2023-01-16 15:00:00,5.2807695000,5.2807695000,5.2716490000,5.2807695000,5202500
2023-01-17 10:30:00,5.2625285000,5.3081310000,5.2442875000,5.2898900000,9961969
2023-01-17 11:30:00,5.2990105000,5.3081310000,5.2807695000,5.2898900000,3159728
2023-01-17 14:00:00,5.2898900000,5.2898900000,5.2625285000,5.2898900000,3733100
2023-01-17 15:00:00,5.2898900000,5.2898900000,5.2807695000,5.2898900000,5210959
2023-01-18 10:30:00,5.2990105000,5.3537335000,5.2898900000,5.3172515000,7318551
2023-01-18 11:30:00,5.3172515000,5.3263720000,5.2807695000,5.2898900000,3940599
2023-01-18 14:00:00,5.2898900000,5.2990105000,5.2716490000,5.2807695000,2911681
2023-01-18 15:00:00,5.2807695000,5.2990105000,5.2807695000,5.2807695000,4962514
2023-01-19 10:30:00,5.2898900000,5.2990105000,5.2534080000,5.2625285000,4279700
2023-01-19 11:30:00,5.2534080000,5.2625285000,5.2534080000,5.2534080000,2664669
2023-01-19 14:00:00,5.2625285000,5.2716490000,5.2534080000,5.2716490000,4005100
2023-01-19 15:00:00,5.2716490000,5.2807695000,5.2625285000,5.2807695000,4527300
2023-01-20 10:30:00,5.2898900000,5.3172515000,5.2807695000,5.3081310000,4918060
2023-01-20 11:30:00,5.3081310000,5.3172515000,5.2990105000,5.3081310000,2889778
2023-01-20 14:00:00,5.2990105000,5.3172515000,5.2990105000,5.3172515000,4866100
2023-01-20 15:00:00,5.3081310000,5.3263720000,5.3081310000,5.3263720000,7840841
2023-01-30 10:30:00,5.3628540000,5.4084565000,5.3628540000,5.3719745000,12134626
2023-01-30 11:30:00,5.3810950000,5.3810950000,5.3628540000,5.3810950000,4508407
2023-01-30 14:00:00,5.3719745000,5.3810950000,5.3446130000,5.3537335000,6750343
2023-01-30 15:00:00,5.3628540000,5.3628540000,5.3354925000,5.3537335000,6946652
2023-01-31 10:30:00,5.3446130000,5.3719745000,5.3172515000,5.3354925000,9899066
2023-01-31 11:30:00,5.3354925000,5.3354925000,5.3081310000,5.3081310000,4757970
2023-01-31 14:00:00,5.3081310000,5.3354925000,5.2990105000,5.3263720000,4725679
2023-01-31 15:00:00,5.3263720000,5.3263720000,5.3081310000,5.3081310000,6503286
2023-02-01 10:30:00,5.3354925000,5.3446130000,5.3081310000,5.3172515000,6701636
2023-02-01 11:30:00,5.3172515000,5.3172515000,5.2807695000,5.3081310000,5592989
2023-02-01 14:00:00,5.2990105000,5.3172515000,5.2990105000,5.3081310000,4409420
2023-02-01 15:00:00,5.3081310000,5.3446130000,5.3081310000,5.3446130000,7629115
2023-02-02 10:30:00,5.3537335000,5.3628540000,5.2807695000,5.2807695000,9784500
2023-02-02 11:30:00,5.2807695000,5.3081310000,5.2807695000,5.2990105000,4700100
2023-02-02 14:00:00,5.2990105000,5.3081310000,5.2898900000,5.2898900000,4137937
2023-02-02 15:00:00,5.2898900000,5.3081310000,5.2807695000,5.2898900000,5717884
2023-02-03 10:30:00,5.2898900000,5.2898900000,5.2169260000,5.2169260000,9846236
2023-02-03 11:30:00,5.2169260000,5.2260465000,5.1986850000,5.2078055000,5358965
2023-02-03 14:00:00,5.2078055000,5.2260465000,5.1986850000,5.2260465000,3619400
2023-02-03 15:00:00,5.2260465000,5.2534080000,5.2169260000,5.2442875000,5365861
2023-02-06 10:30:00,5.2898900000,5.3172515000,5.2442875000,5.2534080000,14613250
2023-02-06 11:30:00,5.2534080000,5.2625285000,5.2351670000,5.2534080000,3606331
2023-02-06 14:00:00,5.2442875000,5.2534080000,5.2169260000,5.2351670000,4939400
2023-02-06 15:00:00,5.2351670000,5.2442875000,5.2169260000,5.2351670000,5370500
2023-02-07 10:30:00,5.2442875000,5.2534080000,5.2169260000,5.2351670000,7118639
2023-02-07 11:30:00,5.2351670000,5.2534080000,5.2260465000,5.2442875000,4005500
2023-02-07 14:00:00,5.2534080000,5.2534080000,5.2169260000,5.2169260000,4060573
2023-02-07 15:00:00,5.2260465000,5.2534080000,5.2169260000,5.2442875000,5254329
2023-02-08 10:30:00,5.2534080000,5.2807695000,5.2260465000,5.2442875000,5606900
2023-02-08 11:30:00,5.2351670000,5.2534080000,5.2351670000,5.2442875000,1879276
2023-02-08 14:00:00,5.2442875000,5.2534080000,5.2260465000,5.2351670000,3864000
2023-02-08 15:00:00,5.2351670000,5.2442875000,5.2169260000,5.2260465000,5111852
2023-02-09 10:30:00,5.2442875000,5.2716490000,5.2169260000,5.2625285000,8522333
2023-02-09 11:30:00,5.2716490000,5.2716490000,5.2534080000,5.2625285000,3253000
2023-02-09 14:00:00,5.2534080000,5.3081310000,5.2534080000,5.3081310000,9664680
2023-02-09 15:00:00,5.2990105000,5.3263720000,5.2990105000,5.3172515000,9932017
2023-02-10 10:30:00,5.3172515000,5.5179025000,5.3081310000,5.4996615000,50364020
2023-02-10 11:30:00,5.4905410000,5.5635050000,5.4905410000,5.5361435000,37998474
2023-02-10 14:00:00,5.5270230000,5.5452640000,5.5087820000,5.5452640000,23107296
2023-02-10 15:00:00,5.5452640000,5.5635050000,5.5087820000,5.5270230000,29589923
2023-02-13 10:30:00,5.5452640000,5.8827225000,5.5452640000,5.8553610000,97805270
2023-02-13 11:30:00,5.8553610000,6.0012890000,5.8371200000,5.9100840000,47554890
2023-02-13 14:00:00,5.9100840000,5.9374455000,5.8553610000,5.8736020000,26613020
2023-02-13 15:00:00,5.8827225000,5.9009635000,5.8736020000,5.8827225000,22788953
2023-02-14 10:30:00,5.8918430000,5.9100840000,5.7823970000,5.8188790000,39815537
2023-02-14 11:30:00,5.8188790000,5.8644815000,5.8097585000,5.8553610000,13301362
2023-02-14 14:00:00,5.8553610000,5.9465660000,5.8462405000,5.9283250000,21613902
2023-02-14 15:00:00,5.9192045000,5.9374455000,5.9100840000,5.9283250000,17235208
2023-02-15 10:30:00,5.9100840000,5.9921685000,5.8827225000,5.9374455000,31945825
2023-02-15 11:30:00,5.9374455000,5.9465660000,5.9192045000,5.9283250000,13715800
2023-02-15 14:00:00,5.9192045000,5.9465660000,5.9192045000,5.9283250000,13771794
2023-02-15 15:00:00,5.9374455000,5.9465660000,5.9192045000,5.9374455000,17978333
2023-02-16 10:30:00,5.9100840000,5.9374455000,5.8279995000,5.8644815000,22488185
2023-02-16 11:30:00,5.8553610000,5.9100840000,5.8462405000,5.8827225000,9318431
2023-02-16 14:00:00,5.8918430000,5.9283250000,5.8827225000,5.8918430000,10146734
2023-02-16 15:00:00,5.8918430000,5.8918430000,5.7185535000,5.7641560000,27545899
2023-02-17 10:30:00,5.7732765000,5.8918430000,5.7732765000,5.8736020000,23977900
2023-02-17 11:30:00,5.8827225000,5.9465660000,5.8736020000,5.9009635000,18416674
2023-02-17 14:00:00,5.9009635000,5.9009635000,5.8553610000,5.8736020000,10090038
2023-02-17 15:00:00,5.8736020000,5.9100840000,5.8462405000,5.8553610000,13639021
2023-02-20 10:30:00,5.8736020000,6.2019400000,5.8644815000,6.1472170000,74925728
2023-02-20 11:30:00,6.1380965000,6.1836990000,6.1016145000,6.1107350000,20931300
2023-02-20 14:00:00,6.1016145000,6.2293015000,6.0924940000,6.1928195000,33919789
2023-02-20 15:00:00,6.2019400000,6.3113860000,6.1928195000,6.2749040000,49599823
2023-02-21 10:30:00,6.2749040000,6.3843500000,6.2201810000,6.2657835000,53886280
2023-02-21 11:30:00,6.2749040000,6.2749040000,6.1563375000,6.1928195000,22888472
2023-02-21 14:00:00,6.1928195000,6.2293015000,6.1928195000,6.2110605000,9216900
2023-02-21 15:00:00,6.2110605000,6.2657835000,6.2019400000,6.2657835000,14345508
2023-02-22 10:30:00,6.2201810000,6.2931450000,6.1745785000,6.1928195000,28436001
2023-02-22 11:30:00,6.1928195000,6.2566630000,6.1836990000,6.2293015000,9462090
2023-02-22 14:00:00,6.2293015000,6.2566630000,6.2201810000,6.2384220000,8008500
2023-02-22 15:00:00,6.2293015000,6.2566630000,6.2110605000,6.2384220000,12748996
2023-02-23 10:30:00,6.2384220000,6.2657835000,6.1836990000,6.1928195000,17700700
2023-02-23 11:30:00,6.1928195000,6.2384220000,6.1836990000,6.2110605000,6782900
2023-02-23 14:00:00,6.2110605000,6.2293015000,6.1745785000,6.1836990000,9096800
2023-02-23 15:00:00,6.1836990000,6.2201810000,6.1836990000,6.2201810000,8303865
2023-02-24 10:30:00,6.2201810000,6.2293015000,6.1289760000,6.1836990000,15536130
2023-02-24 11:30:00,6.1836990000,6.1928195000,6.1198555000,6.1563375000,11575500
2023-02-24 14:00:00,6.1472170000,6.1563375000,6.1198555000,6.1289760000,8229900
2023-02-24 15:00:00,6.1289760000,6.1563375000,6.0924940000,6.1380965000,13647540
2023-02-27 10:30:00,6.0924940000,6.1928195000,6.0742530000,6.1654580000,18639500
2023-02-27 11:30:00,6.1654580000,6.1745785000,6.1107350000,6.1107350000,6590432
2023-02-27 14:00:00,6.1107350000,6.1563375000,6.1016145000,6.1289760000,7598028
2023-02-27 15:00:00,6.1289760000,6.1380965000,6.1016145000,6.1198555000,8963991
2023-02-28 10:30:00,6.1198555000,6.1563375000,6.0742530000,6.1016145000,13148556
2023-02-28 11:30:00,6.1016145000,6.1016145000,6.0742530000,6.0742530000,6315680
2023-02-28 14:00:00,6.0742530000,6.1016145000,6.0468915000,6.0742530000,8174520
2023-02-28 15:00:00,6.0742530000,6.1198555000,6.0742530000,6.1198555000,9064158
2023-03-01 10:30:00,6.1198555000,6.2293015000,6.0924940000,6.1654580000,22620376
2023-03-01 11:30:00,6.1654580000,6.1836990000,6.1472170000,6.1745785000,6643962
2023-03-01 14:00:00,6.1836990000,6.2201810000,6.1563375000,6.1745785000,11408340
2023-03-01 15:00:00,6.1654580000,6.2019400000,6.1654580000,6.2019400000,8836486
2023-03-02 10:30:00,6.1745785000,6.2657835000,6.1654580000,6.2293015000,17067396
2023-03-02 11:30:00,6.2293015000,6.2749040000,6.2201810000,6.2384220000,10398919
2023-03-02 14:00:00,6.2384220000,6.2566630000,6.2110605000,6.2384220000,6846188
2023-03-02 15:00:00,6.2475425000,6.2566630000,6.2110605000,6.2475425000,8301196
2023-03-03 10:30:00,6.2110605000,6.2657835000,6.2110605000,6.2384220000,12348860
2023-03-03 11:30:00,6.2293015000,6.2384220000,6.2019400000,6.2293015000,5934900
2023-03-03 14:00:00,6.2293015000,6.2657835000,6.2293015000,6.2566630000,6997926
2023-03-03 15:00:00,6.2566630000,6.2657835000,6.2475425000,6.2566630000,9061700
2023-03-06 10:30:00,6.2566630000,6.2566630000,6.1745785000,6.2019400000,22307246
2023-03-06 11:30:00,6.2019400000,6.2201810000,6.1745785000,6.1836990000,7646300
2023-03-06 14:00:00,6.1836990000,6.1928195000,6.1472170000,6.1472170000,15792723
2023-03-06 15:00:00,6.1563375000,6.1745785000,6.1107350000,6.1472170000,35908162
2023-03-07 10:30:00,6.1198555000,6.2019400000,6.1198555000,6.1563375000,14635382
2023-03-07 11:30:00,6.1563375000,6.1654580000,6.1289760000,6.1563375000,8116175
2023-03-07 14:00:00,6.1563375000,6.1654580000,6.1198555000,6.1289760000,7893100
2023-03-07 15:00:00,6.1289760000,6.1380965000,6.0560120000,6.0651325000,11930900
2023-03-08 10:30:00,6.0377710000,6.0924940000,6.0195300000,6.0742530000,12539325
2023-03-08 11:30:00,6.0742530000,6.0833735000,6.0286505000,6.0468915000,4154068
2023-03-08 14:00:00,6.0468915000,6.0560120000,6.0012890000,6.0104095000,6606732
2023-03-08 15:00:00,6.0104095000,6.0742530000,6.0104095000,6.0742530000,5755198
2023-03-09 10:30:00,6.0833735000,6.0924940000,5.9465660000,5.9465660000,13868653
2023-03-09 11:30:00,5.9465660000,5.9830480000,5.9283250000,5.9648070000,10096100
2023-03-09 14:00:00,5.9648070000,5.9830480000,5.9374455000,5.9556865000,6313225
2023-03-09 15:00:00,5.9648070000,5.9830480000,5.9556865000,5.9556865000,6313830
2023-03-10 10:30:00,5.9465660000,5.9739275000,5.8553610000,5.8644815000,13897058
2023-03-10 11:30:00,5.8644815000,5.9009635000,5.8462405000,5.8736020000,7694025
2023-03-10 14:00:00,5.8644815000,5.9192045000,5.8553610000,5.9100840000,8891500
2023-03-10 15:00:00,5.9100840000,5.9100840000,5.8644815000,5.8644815000,6371397
2023-03-13 10:30:00,5.8644815000,5.9921685000,5.8553610000,5.9100840000,13841041
2023-03-13 11:30:00,5.9100840000,5.9465660000,5.8918430000,5.9100840000,5909859
2023-03-13 14:00:00,5.9283250000,5.9283250000,5.8827225000,5.8918430000,5067890
2023-03-13 15:00:00,5.8918430000,5.9192045000,5.8827225000,5.9100840000,6605531
2023-03-14 10:30:00,5.9648070000,5.9648070000,5.8462405000,5.8462405000,12279700
2023-03-14 11:30:00,5.8462405000,5.8553610000,5.7823970000,5.8371200000,8512800
2023-03-14 14:00:00,5.8279995000,5.8279995000,5.7915175000,5.8279995000,4707988
2023-03-14 15:00:00,5.8279995000,5.8553610000,5.8097585000,5.8097585000,4980800
2023-03-15 10:30:00,5.8553610000,5.8736020000,5.8188790000,5.8736020000,9035370
2023-03-15 11:30:00,5.8644815000,5.9556865000,5.8553610000,5.9465660000,9647480
2023-03-15 14:00:00,5.9465660000,5.9739275000,5.9100840000,5.9283250000,6501600
2023-03-15 15:00:00,5.9283250000,5.9465660000,5.9100840000,5.9100840000,3846237
2023-03-16 10:30:00,5.9100840000,5.9465660000,5.8371200000,5.8462405000,11990400
2023-03-16 11:30:00,5.8371200000,5.8462405000,5.7915175000,5.8006380000,8589456
2023-03-16 14:00:00,5.8188790000,5.8188790000,5.7641560000,5.7641560000,9313674
2023-03-16 15:00:00,5.7732765000,5.7823970000,5.7459150000,5.7732765000,7917477
2023-03-17 10:30:00,5.8279995000,5.8644815000,5.8097585000,5.8462405000,8842451
2023-03-17 11:30:00,5.8462405000,5.9009635000,5.8188790000,5.9009635000,6127117
2023-03-17 14:00:00,5.9009635000,5.9100840000,5.8644815000,5.8736020000,5339300
2023-03-17 15:00:00,5.8736020000,5.8736020000,5.8097585000,5.8371200000,8608042
2023-03-20 10:30:00,5.8644815000,6.0377710000,5.8644815000,5.9192045000,29035700
2023-03-20 11:30:00,5.9100840000,5.9192045000,5.8736020000,5.9009635000,9250859
2023-03-20 14:00:00,5.9009635000,5.9100840000,5.8462405000,5.8553610000,7588190
2023-03-20 15:00:00,5.8462405000,5.8553610000,5.8097585000,5.8279995000,8315901
2023-03-21 10:30:00,5.8371200000,5.8827225000,5.8097585000,5.8097585000,10338400
2023-03-21 11:30:00,5.8188790000,5.8371200000,5.8097585000,5.8097585000,3719100
2023-03-21 14:00:00,5.8097585000,5.8279995000,5.7732765000,5.7823970000,8014300
2023-03-21 15:00:00,5.7823970000,5.8097585000,5.7732765000,5.8006380000,6962587
2023-03-22 10:30:00,5.8279995000,5.8553610000,5.7915175000,5.8279995000,7237825
2023-03-22 11:30:00,5.8279995000,5.8279995000,5.7823970000,5.7915175000,5369930
2023-03-22 14:00:00,5.8006380000,5.8097585000,5.7732765000,5.7915175000,5224720
2023-03-22 15:00:00,5.7915175000,5.8006380000,5.7823970000,5.7915175000,5138871
2023-03-23 10:30:00,5.7823970000,5.7915175000,5.7003125000,5.7823970000,11262242
2023-03-23 11:30:00,5.7915175000,5.7915175000,5.7276740000,5.7367945000,4684007
2023-03-23 14:00:00,5.7367945000,5.7641560000,5.7276740000,5.7367945000,6511866
2023-03-23 15:00:00,5.7459150000,5.7641560000,5.7367945000,5.7641560000,9399105
2023-03-24 10:30:00,5.7732765000,5.7823970000,5.6091075000,5.6547100000,22254582
2023-03-24 11:30:00,5.6547100000,5.6638305000,5.6273485000,5.6547100000,7930417
2023-03-24 14:00:00,5.6547100000,5.6911920000,5.6547100000,5.6729510000,4382100
2023-03-24 15:00:00,5.6638305000,5.6911920000,5.6638305000,5.6820715000,6797360
2023-03-27 10:30:00,5.6820715000,5.6911920000,5.5999870000,5.6091075000,12843300
2023-03-27 11:30:00,5.5999870000,5.6182280000,5.5908665000,5.5999870000,5342900
2023-03-27 14:00:00,5.5999870000,5.6455895000,5.5908665000,5.6273485000,4738800
2023-03-27 15:00:00,5.6273485000,5.6364690000,5.6091075000,5.6273485000,5745100
2023-03-28 10:30:00,5.6364690000,5.6911920000,5.6182280000,5.6364690000,8153315
2023-03-28 11:30:00,5.6364690000,5.6547100000,5.6182280000,5.6273485000,3849861
2023-03-28 14:00:00,5.6273485000,5.6547100000,5.6182280000,5.6182280000,4168061
2023-03-28 15:00:00,5.6273485000,5.6273485000,5.5999870000,5.6091075000,5861751
2023-03-29 10:30:00,5.6455895000,5.6455895000,5.5726255000,5.5817460000,6449454
2023-03-29 11:30:00,5.5817460000,5.6273485000,5.5817460000,5.5999870000,3335975
2023-03-29 14:00:00,5.5999870000,5.6364690000,5.5999870000,5.6091075000,4506531
2023-03-29 15:00:00,5.6091075000,5.6364690000,5.5999870000,5.6182280000,8171890
2023-03-30 10:30:00,5.6547100000,5.6911920000,5.5726255000,5.5726255000,14174646
2023-03-30 11:30:00,5.5726255000,5.5817460000,5.5452640000,5.5635050000,4913021
2023-03-30 14:00:00,5.5726255000,5.6273485000,5.5452640000,5.6273485000,4986000
2023-03-30 15:00:00,5.6273485000,5.6273485000,5.5999870000,5.6273485000,6657780
2023-03-31 10:30:00,5.6547100000,5.7367945000,5.6273485000,5.6820715000,18096921
2023-03-31 11:30:00,5.6820715000,5.6911920000,5.6455895000,5.6455895000,4931606
2023-03-31 14:00:00,5.6547100000,5.6547100000,5.6364690000,5.6455895000,4484990
2023-03-31 15:00:00,5.6455895000,5.6729510000,5.6455895000,5.6638305000,6776990
2023-04-03 10:30:00,5.6911920000,5.8097585000,5.6547100000,5.8006380000,22146581
2023-04-03 11:30:00,5.8097585000,5.9100840000,5.7915175000,5.8827225000,17505000
2023-04-03 14:00:00,5.8736020000,5.8918430000,5.8279995000,5.8371200000,8380603
2023-04-03 15:00:00,5.8371200000,5.8736020000,5.8279995000,5.8644815000,7422931
2023-04-04 10:30:00,5.8644815000,5.8644815000,5.8097585000,5.8371200000,10928749
2023-04-04 11:30:00,5.8371200000,5.8918430000,5.8371200000,5.8736020000,6896712
2023-04-04 14:00:00,5.8736020000,5.8827225000,5.8462405000,5.8736020000,6977592
2023-04-04 15:00:00,5.8644815000,5.8918430000,5.8644815000,5.8736020000,8871700
2023-04-06 10:30:00,5.8644815000,5.9100840000,5.8188790000,5.8462405000,10876660
2023-04-06 11:30:00,5.8371200000,5.8462405000,5.8188790000,5.8462405000,4909232
2023-04-06 14:00:00,5.8462405000,5.8644815000,5.8371200000,5.8553610000,3491401
2023-04-06 15:00:00,5.8553610000,5.8827225000,5.8371200000,5.8827225000,5622801
2023-04-07 10:30:00,5.9100840000,5.9100840000,5.8279995000,5.8553610000,7637676
2023-04-07 11:30:00,5.8462405000,5.8553610000,5.8279995000,5.8462405000,3612904
2023-04-07 14:00:00,5.8462405000,5.8462405000,5.8188790000,5.8279995000,3247716
2023-04-07 15:00:00,5.8371200000,5.8462405000,5.8279995000,5.8279995000,4506850
2023-04-10 10:30:00,5.8371200000,5.8553610000,5.8097585000,5.8188790000,6332386
2023-04-10 11:30:00,5.8279995000,5.8279995000,5.8006380000,5.8097585000,3917200
2023-04-10 14:00:00,5.8188790000,5.8188790000,5.7823970000,5.7823970000,3500200
2023-04-10 15:00:00,5.7823970000,5.7915175000,5.7732765000,5.7915175000,4852058
2023-04-11 10:30:00,5.8097585000,5.8279995000,5.7459150000,5.8097585000,7116530
2023-04-11 11:30:00,5.8006380000,5.8279995000,5.7915175000,5.8006380000,3730665
2023-04-11 14:00:00,5.8006380000,5.8097585000,5.7732765000,5.7915175000,4159300
2023-04-11 15:00:00,5.7915175000,5.8371200000,5.7915175000,5.8371200000,5234250
2023-04-12 10:30:00,5.8736020000,5.8827225000,5.7915175000,5.8006380000,8831842
2023-04-12 11:30:00,5.8006380000,5.8006380000,5.7732765000,5.7823970000,6207988
2023-04-12 14:00:00,5.7823970000,5.8097585000,5.7732765000,5.7732765000,5740391
2023-04-12 15:00:00,5.7732765000,5.8006380000,5.7732765000,5.7915175000,4133745
2023-04-13 10:30:00,5.7823970000,5.8097585000,5.7459150000,5.7550355000,7447600
2023-04-13 11:30:00,5.7550355000,5.7641560000,5.7367945000,5.7459150000,4549158
2023-04-13 14:00:00,5.7550355000,5.7915175000,5.7367945000,5.7550355000,3758893
2023-04-13 15:00:00,5.7550355000,5.7641560000,5.7367945000,5.7550355000,3665499
2023-04-14 10:30:00,5.7550355000,5.7732765000,5.7094330000,5.7276740000,9514755
2023-04-14 11:30:00,5.7185535000,5.7459150000,5.7094330000,5.7367945000,4483250
2023-04-14 14:00:00,5.7367945000,5.7550355000,5.7185535000,5.7276740000,5297071
2023-04-14 15:00:00,5.7367945000,5.7367945000,5.6911920000,5.7185535000,11267683
2023-04-17 10:30:00,5.7367945000,5.8006380000,5.7094330000,5.7915175000,10191860
2023-04-17 11:30:00,5.8006380000,5.8553610000,5.8006380000,5.8279995000,8498321
2023-04-17 14:00:00,5.8279995000,5.8371200000,5.8188790000,5.8188790000,4184300
2023-04-17 15:00:00,5.8188790000,5.8644815000,5.8188790000,5.8462405000,10303810
2023-04-18 10:30:00,5.8553610000,5.9648070000,5.8279995000,5.8827225000,22794052
2023-04-18 11:30:00,5.8827225000,5.9100840000,5.8553610000,5.8644815000,6687656
2023-04-18 14:00:00,5.8644815000,5.9009635000,5.8644815000,5.8918430000,4660844
2023-04-18 15:00:00,5.8827225000,5.9009635000,5.8644815000,5.8827225000,7885590
2023-04-19 10:30:00,5.9009635000,5.9100840000,5.8462405000,5.8553610000,9642480
2023-04-19 11:30:00,5.8462405000,5.8644815000,5.8371200000,5.8553610000,3412031
2023-04-19 14:00:00,5.8462405000,5.9009635000,5.8462405000,5.8918430000,5210146
2023-04-19 15:00:00,5.8918430000,5.9009635000,5.8371200000,5.8462405000,5308167
2023-04-20 10:30:00,5.8279995000,5.8736020000,5.7915175000,5.8188790000,7269591
2023-04-20 11:30:00,5.8188790000,5.8279995000,5.8006380000,5.8097585000,3160900
2023-04-20 14:00:00,5.8188790000,5.8644815000,5.8097585000,5.8279995000,3881336
2023-04-20 15:00:00,5.8279995000,5.8553610000,5.8279995000,5.8462405000,4996330
2023-04-21 10:30:00,5.8553610000,5.9648070000,5.8371200000,5.8918430000,17885352
2023-04-21 11:30:00,5.9009635000,5.9009635000,5.8279995000,5.8279995000,7536600
2023-04-21 14:00:00,5.8371200000,5.8371200000,5.8006380000,5.8097585000,8125010
2023-04-21 15:00:00,5.8097585000,5.8188790000,5.7276740000,5.7459150000,11709086
2023-04-24 10:30:00,5.7459150000,5.7550355000,5.5817460000,5.6455895000,17065290
2023-04-24 11:30:00,5.6455895000,5.6455895000,5.5908665000,5.6182280000,6951200
2023-04-24 14:00:00,5.6182280000,5.6182280000,5.5452640000,5.5543845000,10722000
2023-04-24 15:00:00,5.5543845000,5.5635050000,5.4905410000,5.5179025000,14932814
2023-04-25 10:30:00,5.5452640000,5.6273485000,5.5179025000,5.5452640000,11600061
2023-04-25 11:30:00,5.5452640000,5.5726255000,5.5179025000,5.5270230000,5487350
2023-04-25 14:00:00,5.5270230000,5.5452640000,5.4814205000,5.5361435000,8523677
2023-04-25 15:00:00,5.5270230000,5.5726255000,5.5179025000,5.5635050000,5840831
2023-04-26 10:30:00,5.5543845000,5.5908665000,5.5179025000,5.5543845000,6565655
2023-04-26 11:30:00,5.5543845000,5.5817460000,5.5361435000,5.5726255000,4367245
2023-04-26 14:00:00,5.5726255000,5.6091075000,5.5635050000,5.5908665000,2952590
2023-04-26 15:00:00,5.5908665000,5.5908665000,5.5635050000,5.5726255000,3338436
2023-04-27 10:30:00,5.5817460000,5.5908665000,5.5361435000,5.5635050000,6989600
2023-04-27 11:30:00,5.5726255000,5.6091075000,5.5543845000,5.5908665000,4831530
2023-04-27 14:00:00,5.5908665000,5.6364690000,5.5817460000,5.6364690000,3849730
2023-04-27 15:00:00,5.6364690000,5.6547100000,5.6182280000,5.6455895000,6021609
2023-04-28 10:30:00,5.6455895000,5.7823970000,5.6364690000,5.7459150000,14020212
2023-04-28 11:30:00,5.7459150000,5.7823970000,5.7367945000,5.7641560000,5120590
2023-04-28 14:00:00,5.7641560000,5.8736020000,5.7550355000,5.8462405000,11772000
2023-04-28 15:00:00,5.8553610000,5.9192045000,5.8462405000,5.9100840000,18257977
2023-05-04 10:30:00,5.9009635000,6.0104095000,5.8553610000,5.9830480000,17944550
2023-05-04 11:30:00,5.9830480000,6.0012890000,5.9648070000,5.9830480000,8768500
2023-05-04 14:00:00,5.9830480000,6.0286505000,5.9830480000,5.9921685000,12064548
2023-05-04 15:00:00,5.9921685000,6.0104095000,5.9921685000,6.0012890000,8742746
2023-05-05 10:30:00,6.0377710000,6.0377710000,5.9374455000,5.9556865000,17206220
2023-05-05 11:30:00,5.9556865000,6.0195300000,5.9465660000,6.0012890000,7933495
2023-05-05 14:00:00,6.0012890000,6.0195300000,5.9830480000,6.0104095000,6394400
2023-05-05 15:00:00,6.0195300000,6.0195300000,5.9921685000,6.0012890000,6791332
2023-05-08 10:30:00,6.0104095000,6.0560120000,5.9648070000,6.0012890000,13264593
2023-05-08 11:30:00,5.9921685000,6.0377710000,5.9830480000,6.0195300000,10686747
2023-05-08 14:00:00,6.0286505000,6.0560120000,6.0195300000,6.0286505000,8242131
2023-05-08 15:00:00,6.0377710000,6.0468915000,6.0104095000,6.0195300000,8406840
2023-05-09 10:30:00,6.0377710000,6.0742530000,5.9830480000,6.0377710000,13127788
2023-05-09 11:30:00,6.0286505000,6.1107350000,6.0012890000,6.0924940000,10950013
2023-05-09 14:00:00,6.0924940000,6.1198555000,6.0286505000,6.0377710000,11890800
2023-05-09 15:00:00,6.0377710000,6.0468915000,5.9921685000,5.9921685000,9106870
2023-05-10 10:30:00,6.0012890000,6.0377710000,5.9556865000,5.9921685000,11061451
2023-05-10 11:30:00,5.9830480000,5.9921685000,5.9374455000,5.9374455000,5643000
2023-05-10 14:00:00,5.9465660000,6.0012890000,5.9283250000,5.9556865000,6017494
2023-05-10 15:00:00,5.9648070000,5.9648070000,5.9374455000,5.9556865000,4523314
2023-05-11 10:30:00,5.9830480000,6.0012890000,5.9283250000,5.9556865000,5863789
2023-05-11 11:30:00,5.9556865000,5.9921685000,5.9465660000,5.9556865000,3934350
2023-05-11 14:00:00,5.9556865000,5.9648070000,5.9374455000,5.9465660000,3647081
2023-05-11 15:00:00,5.9556865000,5.9648070000,5.9283250000,5.9374455000,4188970
2023-05-12 10:30:00,5.9374455000,5.9739275000,5.9009635000,5.9009635000,6085200
2023-05-12 11:30:00,5.9100840000,5.9192045000,5.8827225000,5.9100840000,3343800
2023-05-12 14:00:00,5.9100840000,5.9100840000,5.8644815000,5.8827225000,3850400
2023-05-12 15:00:00,5.8827225000,5.8918430000,5.8644815000,5.8644815000,4623505
2023-05-15 10:30:00,5.8644815000,5.8918430000,5.7823970000,5.8097585000,10890050
2023-05-15 11:30:00,5.8006380000,5.8097585000,5.7641560000,5.7732765000,4141400
2023-05-15 14:00:00,5.7732765000,5.8462405000,5.7550355000,5.8371200000,4326060
2023-05-15 15:00:00,5.8371200000,5.9100840000,5.8371200000,5.8736020000,7273974
2023-05-16 10:30:00,5.8827225000,5.8827225000,5.8188790000,5.8644815000,8122400
2023-05-16 11:30:00,5.8553610000,5.8827225000,5.8462405000,5.8736020000,3340300
2023-05-16 14:00:00,5.8827225000,5.8827225000,5.8279995000,5.8279995000,3519600
2023-05-16 15:00:00,5.8371200000,5.8462405000,5.8097585000,5.8279995000,4209430
2023-05-17 10:30:00,5.8371200000,5.8644815000,5.8006380000,5.8553610000,5735191
2023-05-17 11:30:00,5.8553610000,5.9283250000,5.8371200000,5.8736020000,6621617
2023-05-17 14:00:00,5.8644815000,5.8736020000,5.8279995000,5.8553610000,4390354
2023-05-17 15:00:00,5.8462405000,5.8644815000,5.8371200000,5.8553610000,3863546
2023-05-18 10:30:00,5.8736020000,5.9283250000,5.8462405000,5.9009635000,8153361
2023-05-18 11:30:00,5.8918430000,5.9009635000,5.8736020000,5.8827225000,2292310
2023-05-18 14:00:00,5.8827225000,5.9009635000,5.8462405000,5.8553610000,4216809
2023-05-18 15:00:00,5.8553610000,5.8918430000,5.8553610000,5.8918430000,3612604
2023-05-19 10:30:00,5.8827225000,5.8918430000,5.7823970000,5.8006380000,8587665
2023-05-19 11:30:00,5.8006380000,5.8188790000,5.7732765000,5.8097585000,3723100
2023-05-19 14:00:00,5.8097585000,5.8097585000,5.7459150000,5.7550355000,6407149
2023-05-19 15:00:00,5.7641560000,5.7732765000,5.7459150000,5.7550355000,6487097
2023-05-22 10:30:00,5.7094330000,5.7459150000,5.6729510000,5.7185535000,11540600
2023-05-22 11:30:00,5.7276740000,5.7367945000,5.6911920000,5.7276740000,6639290
2023-05-22 14:00:00,5.7276740000,5.7459150000,5.7094330000,5.7185535000,3367600
2023-05-22 15:00:00,5.7185535000,5.7641560000,5.7185535000,5.7459150000,3803700
2023-05-23 10:30:00,5.7459150000,5.7732765000,5.7276740000,5.7459150000,5980940
2023-05-23 11:30:00,5.7367945000,5.7550355000,5.7185535000,5.7459150000,2898560
2023-05-23 14:00:00,5.7459150000,5.7550355000,5.7276740000,5.7459150000,2996900
2023-05-23 15:00:00,5.7459150000,5.7550355000,5.7003125000,5.7003125000,5196693
2023-05-24 10:30:00,5.6911920000,5.6911920000,5.6091075000,5.6182280000,10416400
2023-05-24 11:30:00,5.6091075000,5.6364690000,5.5999870000,5.6091075000,6596059
2023-05-24 14:00:00,5.6182280000,5.6182280000,5.5726255000,5.5726255000,5909331
2023-05-24 15:00:00,5.5726255000,5.5817460000,5.5452640000,5.5543845000,8775370
2023-05-25 10:30:00,5.5543845000,5.5908665000,5.5361435000,5.5817460000,5934390
2023-05-25 11:30:00,5.5817460000,5.6091075000,5.5543845000,5.5726255000,4143224
2023-05-25 14:00:00,5.5817460000,5.5999870000,5.5452640000,5.5452640000,3004407
2023-05-25 15:00:00,5.5543845000,5.5999870000,5.5361435000,5.5908665000,4483189
2023-05-26 10:30:00,5.5908665000,5.6091075000,5.5543845000,5.5635050000,3418600
2023-05-26 11:30:00,5.5726255000,5.5817460000,5.5452640000,5.5817460000,1985500
2023-05-26 14:00:00,5.5817460000,5.6273485000,5.5635050000,5.6091075000,4083435
2023-05-26 15:00:00,5.6091075000,5.6455895000,5.5999870000,5.6364690000,5409873
2023-05-29 10:30:00,5.7003125000,5.7459150000,5.6547100000,5.6638305000,9833438
2023-05-29 11:30:00,5.6638305000,5.6729510000,5.6091075000,5.6091075000,3614000
2023-05-29 14:00:00,5.6091075000,5.6729510000,5.6091075000,5.6182280000,3817925
2023-05-29 15:00:00,5.6182280000,5.6638305000,5.6182280000,5.6547100000,8249011
2023-05-30 10:30:00,5.7003125000,5.8644815000,5.6729510000,5.7276740000,29493244
2023-05-30 11:30:00,5.7276740000,5.7367945000,5.6273485000,5.6455895000,9362300
2023-05-30 14:00:00,5.6455895000,5.6638305000,5.6091075000,5.6273485000,8834422
2023-05-30 15:00:00,5.6364690000,5.6911920000,5.6273485000,5.6911920000,7647933
2023-05-31 10:30:00,5.7185535000,5.7915175000,5.6455895000,5.7550355000,20419540
2023-05-31 11:30:00,5.7550355000,5.7641560000,5.7185535000,5.7367945000,5576100
2023-05-31 14:00:00,5.7367945000,5.7550355000,5.7185535000,5.7459150000,7924293
2023-05-31 15:00:00,5.7459150000,5.7732765000,5.7367945000,5.7732765000,11501784
2023-06-01 10:30:00,5.7915175000,5.8006380000,5.7276740000,5.7641560000,11503080
2023-06-01 11:30:00,5.7641560000,5.8553610000,5.7550355000,5.8188790000,15256580
2023-06-01 14:00:00,5.8188790000,5.8462405000,5.8006380000,5.8188790000,8437949
2023-06-01 15:00:00,5.8188790000,5.8371200000,5.7641560000,5.7915175000,13614543
2023-06-02 10:30:00,5.8188790000,5.9192045000,5.7915175000,5.8644815000,21800639
2023-06-02 11:30:00,5.8644815000,5.8736020000,5.8279995000,5.8462405000,8305920
2023-06-02 14:00:00,5.8553610000,5.8918430000,5.8462405000,5.8827225000,6767435
2023-06-02 15:00:00,5.8918430000,5.9100840000,5.8736020000,5.8918430000,13332627
2023-06-05 10:30:00,5.9283250000,5.9283250000,5.8553610000,5.8827225000,14394696
2023-06-05 11:30:00,5.8918430000,5.9192045000,5.8827225000,5.9009635000,8184238
2023-06-05 14:00:00,5.9009635000,5.9009635000,5.8736020000,5.8918430000,5827000
2023-06-05 15:00:00,5.8918430000,5.9009635000,5.8827225000,5.9009635000,7364000
2023-06-06 10:30:00,5.8918430000,5.9283250000,5.8371200000,5.9100840000,11992030
2023-06-06 11:30:00,5.9009635000,5.9100840000,5.8736020000,5.9009635000,3882700
2023-06-06 14:00:00,5.8918430000,5.9009635000,5.8462405000,5.8462405000,5734131
2023-06-06 15:00:00,5.8462405000,5.8553610000,5.8006380000,5.8097585000,9054238
2023-06-07 10:30:00,5.8188790000,5.8462405000,5.7732765000,5.8006380000,6618131
2023-06-07 11:30:00,5.8097585000,5.8097585000,5.7732765000,5.7823970000,3385000
2023-06-07 14:00:00,5.7732765000,5.8188790000,5.7732765000,5.8097585000,2945000
2023-06-07 15:00:00,5.8097585000,5.8097585000,5.7732765000,5.7823970000,5835454
2023-06-08 10:30:00,5.8006380000,5.8188790000,5.7459150000,5.8097585000,9032409
2023-06-08 11:30:00,5.8006380000,5.8097585000,5.7641560000,5.7641560000,3324132
2023-06-08 14:00:00,5.7641560000,5.8827225000,5.7641560000,5.8553610000,10042532
2023-06-08 15:00:00,5.8644815000,5.8827225000,5.8371200000,5.8827225000,8689251
2023-06-09 10:30:00,5.8736020000,5.8827225000,5.8371200000,5.8553610000,7724300
2023-06-09 11:30:00,5.8553610000,5.9009635000,5.8553610000,5.8918430000,4204391
2023-06-09 14:00:00,5.8827225000,5.9009635000,5.8644815000,5.8736020000,4147600
2023-06-09 15:00:00,5.8736020000,5.9009635000,5.8644815000,5.9009635000,6561365
2023-06-12 10:30:00,5.8918430000,5.9283250000,5.8553610000,5.8644815000,7833269
2023-06-12 11:30:00,5.8644815000,5.8644815000,5.8462405000,5.8553610000,3039400
2023-06-12 14:00:00,5.8553610000,5.9283250000,5.8462405000,5.8736020000,6686645
2023-06-12 15:00:00,5.8736020000,5.8918430000,5.8553610000,5.8736020000,4926400
2023-06-13 10:30:00,5.8644815000,5.8827225000,5.8371200000,5.8462405000,5927200
2023-06-13 11:30:00,5.8462405000,5.8736020000,5.8462405000,5.8736020000,2543362
2023-06-13 14:00:00,5.8644815000,5.8827225000,5.8553610000,5.8736020000,3948290
2023-06-13 15:00:00,5.8827225000,5.8918430000,5.8736020000,5.8827225000,4255849
2023-06-14 10:30:00,5.9009635000,6.0195300000,5.8827225000,5.9830480000,17320233
2023-06-14 11:30:00,5.9921685000,6.0468915000,5.9739275000,6.0377710000,16115306
2023-06-14 14:00:00,6.0286505000,6.0560120000,6.0012890000,6.0012890000,10839346
2023-06-14 15:00:00,6.0012890000,6.0195300000,6.0012890000,6.0104095000,7750395
2023-06-15 10:30:00,6.0104095000,6.0560120000,5.9739275000,6.0377710000,12179920
2023-06-15 11:30:00,6.0468915000,6.0468915000,6.0286505000,6.0286505000,6207780
2023-06-15 14:00:00,6.0286505000,6.0742530000,6.0195300000,6.0560120000,10484403
2023-06-15 15:00:00,6.0560120000,6.0651325000,6.0012890000,6.0560120000,12219611
2023-06-16 10:30:00,6.0560120000,6.1380965000,6.0286505000,6.0468915000,16072296
2023-06-16 11:30:00,6.0468915000,6.0742530000,6.0377710000,6.0742530000,5554230
2023-06-16 14:00:00,6.0742530000,6.0924940000,6.0560120000,6.0924940000,7999841
2023-06-16 15:00:00,6.0833735000,6.1016145000,6.0742530000,6.0833735000,9789751
2023-06-19 10:30:00,6.1016145000,6.1198555000,6.0468915000,6.0924940000,10854906
2023-06-19 11:30:00,6.0924940000,6.0924940000,6.0560120000,6.0651325000,4325643
2023-06-19 14:00:00,6.0651325000,6.1016145000,6.0651325000,6.0833735000,5400525
2023-06-19 15:00:00,6.0833735000,6.1016145000,6.0742530000,6.0742530000,5144349
2023-06-20 10:30:00,6.0742530000,6.1198555000,6.0560120000,6.0833735000,8646849
2023-06-20 11:30:00,6.0742530000,6.1107350000,6.0651325000,6.0924940000,4085552
2023-06-20 14:00:00,6.0924940000,6.1380965000,6.0924940000,6.1198555000,8782253
2023-06-20 15:00:00,6.1289760000,6.1289760000,6.0924940000,6.1107350000,5557820
2023-06-21 10:30:00,6.1016145000,6.1107350000,6.0560120000,6.0833735000,8238500
2023-06-21 11:30:00,6.0833735000,6.1016145000,6.0651325000,6.0924940000,4189628
2023-06-21 14:00:00,6.0924940000,6.1107350000,6.0833735000,6.0924940000,4298127
2023-06-21 15:00:00,6.0924940000,6.0924940000,6.0377710000,6.0377710000,7969970
2023-06-26 10:30:00,6.0377710000,6.1107350000,5.9921685000,6.0377710000,14970325
2023-06-26 11:30:00,6.0286505000,6.0651325000,6.0195300000,6.0468915000,4507300
2023-06-26 14:00:00,6.0468915000,6.0468915000,6.0012890000,6.0104095000,5010452
2023-06-26 15:00:00,6.0104095000,6.0195300000,5.9830480000,6.0012890000,6680000
2023-06-27 10:30:00,6.0195300000,6.0651325000,5.9830480000,6.0104095000,9406970
2023-06-27 11:30:00,6.0195300000,6.0560120000,6.0104095000,6.0468915000,3041320
2023-06-27 14:00:00,6.0468915000,6.0560120000,6.0195300000,6.0468915000,4540500
2023-06-27 15:00:00,6.0560120000,6.0651325000,6.0377710000,6.0560120000,7770050
2023-06-28 10:30:00,6.0651325000,6.1016145000,6.0286505000,6.0560120000,8561260
2023-06-28 11:30:00,6.0560120000,6.0833735000,6.0468915000,6.0468915000,2443100
2023-06-28 14:00:00,6.0468915000,6.1016145000,6.0377710000,6.1016145000,5507253
2023-06-28 15:00:00,6.0924940000,6.1016145000,6.0742530000,6.0924940000,4915700
2023-06-29 10:30:00,6.1472170000,6.1928195000,6.0924940000,6.1107350000,14112900
2023-06-29 11:30:00,6.1016145000,6.1198555000,6.0833735000,6.1198555000,4356301
2023-06-29 14:00:00,6.1107350000,6.1836990000,6.1107350000,6.1654580000,10647711
2023-06-29 15:00:00,6.1563375000,6.1745785000,6.1380965000,6.1563375000,8572745
2023-06-30 10:30:00,6.1107350000,6.1380965000,6.0468915000,6.0742530000,13321555
2023-06-30 11:30:00,6.0833735000,6.1016145000,6.0377710000,6.1016145000,10013888
2023-06-30 14:00:00,6.0924940000,6.1563375000,6.0924940000,6.1472170000,9626952
2023-06-30 15:00:00,6.1563375000,6.1654580000,6.1289760000,6.1563375000,10005413
2023-07-03 10:30:00,6.1563375000,6.1928195000,6.1198555000,6.1289760000,11807137
2023-07-03 11:30:00,6.1289760000,6.1472170000,6.1198555000,6.1380965000,5029600
2023-07-03 14:00:00,6.1380965000,6.1563375000,6.0924940000,6.1380965000,7846580
2023-07-03 15:00:00,6.1380965000,6.1654580000,6.1198555000,6.1472170000,7282600
2023-07-04 10:30:00,6.1380965000,6.1928195000,6.1016145000,6.1198555000,9832700
2023-07-04 11:30:00,6.1107350000,6.1289760000,6.1016145000,6.1198555000,4514100
2023-07-04 14:00:00,6.1198555000,6.1380965000,6.0924940000,6.0924940000,6066498
2023-07-04 15:00:00,6.0924940000,6.1289760000,6.0924940000,6.1198555000,5776600
2023-07-05 10:30:00,6.1198555000,6.1380965000,6.0742530000,6.0833735000,7172050
2023-07-05 11:30:00,6.0833735000,6.1198555000,6.0833735000,6.1016145000,3536930
2023-07-05 14:00:00,6.1107350000,6.1198555000,6.0924940000,6.1198555000,3680965
2023-07-05 15:00:00,6.1107350000,6.1198555000,6.0833735000,6.0924940000,4598300
2023-07-06 10:30:00,6.0742530000,6.1016145000,6.0468915000,6.0924940000,6877799
2023-07-06 11:30:00,6.0924940000,6.0924940000,6.0286505000,6.0468915000,5644600
2023-07-06 14:00:00,6.0468915000,6.0833735000,6.0377710000,6.0742530000,3806294
2023-07-06 15:00:00,6.0742530000,6.0833735000,6.0560120000,6.0742530000,4769660
2023-07-07 10:30:00,6.0833735000,6.0924940000,6.0377710000,6.0742530000,5039979
2023-07-07 11:30:00,6.0742530000,6.0833735000,6.0468915000,6.0742530000,2362890
2023-07-07 14:00:00,6.0742530000,6.1928195000,6.0560120000,6.1289760000,11327320
2023-07-07 15:00:00,6.1198555000,6.1380965000,6.1107350000,6.1198555000,5544756
2023-07-10 10:30:00,6.1472170000,6.1472170000,6.0651325000,6.0651325000,8897600
2023-07-10 11:30:00,6.0651325000,6.0833735000,6.0651325000,6.0742530000,2359203
2023-07-10 14:00:00,6.0651325000,6.0833735000,6.0468915000,6.0742530000,3416641
2023-07-10 15:00:00,6.0651325000,6.0742530000,6.0468915000,6.0651325000,5148111
2023-07-11 10:30:00,6.0651325000,6.0924940000,6.0286505000,6.0833735000,6845410
2023-07-11 11:30:00,6.0833735000,6.1107350000,6.0742530000,6.1016145000,4393100
2023-07-11 14:00:00,6.0924940000,6.1289760000,6.0833735000,6.1107350000,4264722
2023-07-11 15:00:00,6.1107350000,6.1472170000,6.1107350000,6.1472170000,7156476
2023-07-12 10:30:00,6.1472170000,6.1836990000,6.1107350000,6.1563375000,7263300
2023-07-12 11:30:00,6.1563375000,6.1563375000,6.1198555000,6.1289760000,2512291
2023-07-12 14:00:00,6.1198555000,6.1380965000,6.0833735000,6.1016145000,3784020
2023-07-12 15:00:00,6.1016145000,6.1016145000,6.0377710000,6.0560120000,6844219
2023-07-13 10:30:00,6.0833735000,6.1107350000,6.0560120000,6.0742530000,5816800
2023-07-13 11:30:00,6.0742530000,6.0742530000,6.0560120000,6.0742530000,2273201
2023-07-13 14:00:00,6.0651325000,6.1016145000,6.0651325000,6.0924940000,2951600
2023-07-13 15:00:00,6.1016145000,6.1016145000,6.0833735000,6.1016145000,3730411
2023-07-14 10:30:00,6.1016145000,6.2931450000,6.0924940000,6.2657835000,28654896
2023-07-14 11:30:00,6.2657835000,6.3205065000,6.2566630000,6.3113860000,14394665
2023-07-14 14:00:00,6.3113860000,6.3661090000,6.2931450000,6.3296270000,15893461
2023-07-14 15:00:00,6.3296270000,6.3387475000,6.3022655000,6.3113860000,9182102
2023-07-17 10:30:00,6.2931450000,6.3661090000,6.2657835000,6.3478680000,16005301
2023-07-17 11:30:00,6.3478680000,6.4299525000,6.3296270000,6.3569885000,14416814
2023-07-17 14:00:00,6.3661090000,6.3843500000,6.3569885000,6.3752295000,4953100
2023-07-17 15:00:00,6.3843500000,6.3934705000,6.3752295000,6.3843500000,8421424
2023-07-18 10:30:00,6.3843500000,6.4299525000,6.3113860000,6.4208320000,15508526
2023-07-18 11:30:00,6.4299525000,6.4573140000,6.4025910000,6.4390730000,8173400
2023-07-18 14:00:00,6.4390730000,6.4755550000,6.4299525000,6.4390730000,10290658
2023-07-18 15:00:00,6.4299525000,6.4573140000,6.4299525000,6.4390730000,8264600
2023-07-19 10:30:00,6.4208320000,6.4846755000,6.4117115000,6.4573140000,13369449
2023-07-19 11:30:00,6.4573140000,6.4664345000,6.4299525000,6.4481935000,5326000
2023-07-19 14:00:00,6.4481935000,6.4573140000,6.4299525000,6.4390730000,6205800
2023-07-19 15:00:00,6.4481935000,6.4664345000,6.4390730000,6.4481935000,8820175
2023-07-20 10:30:00,6.4481935000,6.4937960000,6.4208320000,6.4664345000,17015064
2023-07-20 11:30:00,6.4664345000,6.4755550000,6.4299525000,6.4299525000,5717620
2023-07-20 14:00:00,6.4299525000,6.4481935000,6.4117115000,6.4117115000,9221600
2023-07-20 15:00:00,6.4208320000,6.4208320000,6.3478680000,6.3661090000,20368173
2023-07-21 10:30:00,6.4042272000,6.4042272000,6.2708058000,6.3661068000,20494729
2023-07-21 11:30:00,6.3661068000,6.3661068000,6.3279864000,6.3279864000,5779710
2023-07-21 14:00:00,6.3375165000,6.3470466000,6.2898660000,6.3089262000,6499800
2023-07-21 15:00:00,6.3184563000,6.3375165000,6.2898660000,6.3089262000,7321677
2023-07-24 10:30:00,6.3661068000,6.3661068000,6.2326854000,6.2993961000,14214800
2023-07-24 11:30:00,6.2993961000,6.3089262000,6.2517456000,6.2612757000,4649200
2023-07-24 14:00:00,6.2708058000,6.3184563000,6.2612757000,6.2898660000,6929029
2023-07-24 15:00:00,6.2803359000,6.3089262000,6.2803359000,6.2993961000,7149270
2023-07-25 10:30:00,6.3279864000,6.5662389000,6.3184563000,6.5090583000,34385859
2023-07-25 11:30:00,6.5090583000,6.5567088000,6.4709379000,6.5376486000,13746436
2023-07-25 14:00:00,6.5376486000,6.5567088000,6.5090583000,6.5567088000,12744790
2023-07-25 15:00:00,6.5567088000,6.5567088000,6.5185884000,6.5471787000,16003119
2023-07-26 10:30:00,6.5471787000,6.5567088000,6.4804680000,6.4995282000,13252001
2023-07-26 11:30:00,6.4899981000,6.4995282000,6.4614078000,6.4709379000,7144400
2023-07-26 14:00:00,6.4614078000,6.4709379000,6.4042272000,6.4518777000,10522804
2023-07-26 15:00:00,6.4423476000,6.4518777000,6.3946971000,6.4423476000,11602529
2023-07-27 10:30:00,6.4614078000,6.4899981000,6.4232874000,6.4518777000,12677727
2023-07-27 11:30:00,6.4518777000,6.4518777000,6.3946971000,6.4232874000,8557700
2023-07-27 14:00:00,6.4137573000,6.4518777000,6.3946971000,6.4423476000,7183080
2023-07-27 15:00:00,6.4423476000,6.4518777000,6.4042272000,6.4137573000,6190142
2023-07-28 10:30:00,6.4042272000,6.4614078000,6.3851670000,6.4423476000,10373190
2023-07-28 11:30:00,6.4518777000,6.5281185000,6.4423476000,6.5281185000,10038690
2023-07-28 14:00:00,6.5281185000,6.5567088000,6.5090583000,6.5376486000,10167136
2023-07-28 15:00:00,6.5376486000,6.5567088000,6.5281185000,6.5471787000,13727100
2023-07-31 10:30:00,6.5662389000,6.6520098000,6.5471787000,6.5471787000,19024908
2023-07-31 11:30:00,6.5567088000,6.5662389000,6.5185884000,6.5471787000,8506738
2023-07-31 14:00:00,6.5567088000,6.5757690000,6.5281185000,6.5757690000,6001349
2023-07-31 15:00:00,6.5662389000,6.5757690000,6.5471787000,6.5662389000,9051513
2023-08-01 10:30:00,6.5757690000,6.6138894000,6.5471787000,6.5662389000,12364767
2023-08-01 11:30:00,6.5757690000,6.5757690000,6.5376486000,6.5662389000,5269950
2023-08-01 14:00:00,6.5757690000,6.5852991000,6.5281185000,6.5471787000,6765700
2023-08-01 15:00:00,6.5376486000,6.5567088000,6.4995282000,6.5376486000,9789160
2023-08-02 10:30:00,6.5471787000,6.6520098000,6.5185884000,6.5948292000,19864267
2023-08-02 11:30:00,6.5852991000,6.6424797000,6.5757690000,6.6234195000,9767970
2023-08-02 14:00:00,6.6329496000,6.6424797000,6.5948292000,6.6234195000,12229807
2023-08-02 15:00:00,6.6138894000,6.6234195000,6.5948292000,6.6138894000,7493298
2023-08-03 10:30:00,6.5852991000,6.6424797000,6.5185884000,6.5852991000,14264204
2023-08-03 11:30:00,6.5948292000,6.6138894000,6.5471787000,6.6043593000,6207900
2023-08-03 14:00:00,6.5948292000,6.6329496000,6.5852991000,6.6234195000,6271425
2023-08-03 15:00:00,6.6234195000,6.6234195000,6.6043593000,6.6234195000,5253877
2023-08-04 10:30:00,6.6234195000,6.7187205000,6.5757690000,6.5852991000,11949579
2023-08-04 11:30:00,6.5852991000,6.6234195000,6.5757690000,6.5948292000,5029734
2023-08-04 14:00:00,6.5948292000,6.6138894000,6.5757690000,6.5948292000,4608090
2023-08-04 15:00:00,6.5948292000,6.5948292000,6.5281185000,6.5376486000,10855409
2023-08-07 10:30:00,6.5185884000,6.5376486000,6.4137573000,6.5090583000,11451343
2023-08-07 11:30:00,6.5090583000,6.5185884000,6.4709379000,6.4709379000,4608898
2023-08-07 14:00:00,6.4709379000,6.4899981000,6.4518777000,6.4804680000,6226337
2023-08-07 15:00:00,6.4804680000,6.5090583000,6.4518777000,6.4995282000,6882697
2023-08-08 10:30:00,6.4995282000,6.5090583000,6.4137573000,6.4232874000,8540800
2023-08-08 11:30:00,6.4328175000,6.4804680000,6.4232874000,6.4804680000,3839300
2023-08-08 14:00:00,6.4804680000,6.4899981000,6.4518777000,6.4709379000,4739330
2023-08-08 15:00:00,6.4709379000,6.4804680000,6.4423476000,6.4614078000,6433859
2023-08-09 10:30:00,6.4232874000,6.4518777000,6.3470466000,6.3565767000,15220800
2023-08-09 11:30:00,6.3565767000,6.3756369000,6.3375165000,6.3661068000,5450200
2023-08-09 14:00:00,6.3565767000,6.3851670000,6.3470466000,6.3851670000,4971200
2023-08-09 15:00:00,6.3851670000,6.4042272000,6.3661068000,6.3946971000,9972400
2023-08-10 10:30:00,6.3756369000,6.4137573000,6.3661068000,6.4137573000,5740900
2023-08-10 11:30:00,6.4042272000,6.4137573000,6.3661068000,6.3756369000,3307200
2023-08-10 14:00:00,6.3756369000,6.4328175000,6.3661068000,6.4042272000,3720000
2023-08-10 15:00:00,6.4042272000,6.4423476000,6.4042272000,6.4328175000,4406900
2023-08-11 10:30:00,6.4328175000,6.4328175000,6.2517456000,6.2612757000,17237900
2023-08-11 11:30:00,6.2612757000,6.2708058000,6.2040951000,6.2517456000,7384000
2023-08-11 14:00:00,6.2517456000,6.2708058000,6.2422155000,6.2517456000,3708600
2023-08-11 15:00:00,6.2517456000,6.2517456000,6.2136252000,6.2231553000,5870500
2023-08-14 10:30:00,6.1564446000,6.1659747000,6.0992640000,6.1373844000,9765800
2023-08-14 11:30:00,6.1373844000,6.1469145000,6.0706737000,6.1183242000,8644300
2023-08-14 14:00:00,6.0992640000,6.1659747000,6.0992640000,6.1659747000,3397800
2023-08-14 15:00:00,6.1659747000,6.1850349000,6.1469145000,6.1755048000,5979800
2023-08-15 10:30:00,6.1945650000,6.2898660000,6.1373844000,6.2803359000,12222500
2023-08-15 11:30:00,6.2803359000,6.2803359000,6.2136252000,6.2231553000,4062500
2023-08-15 14:00:00,6.2326854000,6.2612757000,6.1945650000,6.2326854000,4159200
2023-08-15 15:00:00,6.2326854000,6.2517456000,6.2136252000,6.2517456000,6049500
2023-08-16 10:30:00,6.2422155000,6.2422155000,6.1564446000,6.1755048000,5756400
2023-08-16 11:30:00,6.1755048000,6.2517456000,6.1755048000,6.2326854000,3247700
2023-08-16 14:00:00,6.2231553000,6.2326854000,6.1945650000,6.2231553000,3063200
2023-08-16 15:00:00,6.2231553000,6.2231553000,6.1850349000,6.1945650000,5181100
2023-08-17 10:30:00,6.1564446000,6.1564446000,6.0992640000,6.1373844000,9256100
2023-08-17 11:30:00,6.1373844000,6.1659747000,6.0992640000,6.1659747000,6278100
2023-08-17 14:00:00,6.1659747000,6.1945650000,6.1087941000,6.1183242000,5671300
2023-08-17 15:00:00,6.1183242000,6.1850349000,6.1183242000,6.1755048000,6047400
2023-08-18 10:30:00,6.1659747000,6.1850349000,6.1183242000,6.1469145000,5878700
2023-08-18 11:30:00,6.1469145000,6.1469145000,6.1087941000,6.1087941000,3143700
2023-08-18 14:00:00,6.1183242000,6.1183242000,6.0802038000,6.0992640000,5346500
2023-08-18 15:00:00,6.0992640000,6.1183242000,6.0706737000,6.0706737000,5398100
2023-08-21 10:30:00,6.0516135000,6.0992640000,5.9849028000,6.0897339000,11183400
2023-08-21 11:30:00,6.0802038000,6.0897339000,6.0516135000,6.0706737000,2576100
2023-08-21 14:00:00,6.0706737000,6.1087941000,6.0325533000,6.0420834000,2709400
2023-08-21 15:00:00,6.0420834000,6.0516135000,5.9849028000,5.9849028000,5670800
2023-08-22 10:30:00,6.0039630000,6.0516135000,5.9563125000,5.9944329000,7896000
2023-08-22 11:30:00,5.9944329000,6.0230232000,5.9563125000,5.9563125000,3343500
2023-08-22 14:00:00,5.9658426000,6.0134931000,5.9277222000,5.9467824000,4849300
2023-08-22 15:00:00,5.9467824000,6.0230232000,5.9467824000,6.0134931000,7008900
2023-08-23 10:30:00,6.0134931000,6.0134931000,5.9277222000,5.9849028000,6418800
2023-08-23 11:30:00,5.9849028000,6.0230232000,5.9753727000,6.0134931000,3466600
2023-08-23 14:00:00,6.0230232000,6.0325533000,5.9753727000,6.0039630000,4501100
2023-08-23 15:00:00,6.0039630000,6.0134931000,5.9277222000,5.9372523000,7813500
2023-08-24 10:30:00,5.9372523000,5.9849028000,5.8896018000,5.8896018000,9228900
2023-08-24 11:30:00,5.8896018000,5.9372523000,5.8705416000,5.9372523000,4997500
2023-08-24 14:00:00,5.9372523000,5.9563125000,5.8896018000,5.9086620000,4416600
2023-08-24 15:00:00,5.9086620000,5.9086620000,5.8705416000,5.8800717000,5286500
2023-08-25 10:30:00,5.8705416000,5.9372523000,5.8133610000,5.9086620000,8642800
2023-08-25 11:30:00,5.9086620000,5.9181921000,5.8800717000,5.8896018000,2875900
2023-08-25 14:00:00,5.8896018000,5.9277222000,5.8514814000,5.9181921000,5685000
2023-08-25 15:00:00,5.9181921000,5.9181921000,5.8419513000,5.8800717000,4917000
2023-08-28 10:30:00,6.1755048000,6.1850349000,6.0516135000,6.0706737000,21591400
2023-08-28 11:30:00,6.0706737000,6.1278543000,6.0706737000,6.1087941000,6402900
2023-08-28 14:00:00,6.0992640000,6.1183242000,6.0516135000,6.0897339000,7075400
2023-08-28 15:00:00,6.0897339000,6.0897339000,6.0325533000,6.0706737000,7530600
2023-08-29 10:30:00,6.0516135000,6.0802038000,5.9849028000,6.0134931000,9921200
2023-08-29 11:30:00,6.0134931000,6.0516135000,5.9849028000,6.0420834000,6039600
2023-08-29 14:00:00,6.0420834000,6.0516135000,5.9849028000,6.0230232000,9625500
2023-08-29 15:00:00,6.0230232000,6.0325533000,5.9944329000,6.0134931000,9392200
2023-08-30 10:30:00,6.0039630000,6.0611436000,6.0039630000,6.0230232000,9064600
2023-08-30 11:30:00,6.0325533000,6.0420834000,6.0039630000,6.0039630000,3006300
2023-08-30 14:00:00,6.0039630000,6.0325533000,5.9944329000,6.0039630000,4058000
2023-08-30 15:00:00,6.0039630000,6.0325533000,6.0039630000,6.0134931000,5100000
2023-08-31 10:30:00,6.1469145000,6.3375165000,6.1183242000,6.1659747000,37689500
2023-08-31 11:30:00,6.1659747000,6.1850349000,6.1469145000,6.1659747000,5905500
2023-08-31 14:00:00,6.1659747000,6.1945650000,6.1469145000,6.1850349000,9352000
2023-08-31 15:00:00,6.1850349000,6.1850349000,6.1469145000,6.1564446000,11408300
2023-09-01 10:30:00,6.1564446000,6.3565767000,6.1564446000,6.3565767000,28511500
2023-09-01 11:30:00,6.3565767000,6.3756369000,6.3375165000,6.3565767000,13683600
2023-09-01 14:00:00,6.3565767000,6.4328175000,6.3565767000,6.4232874000,15501600
2023-09-01 15:00:00,6.4232874000,6.4232874000,6.3946971000,6.4137573000,12537900
2023-09-04 10:30:00,6.4137573000,6.6138894000,6.4137573000,6.6138894000,34908400
2023-09-04 11:30:00,6.6138894000,6.6996603000,6.5852991000,6.6710700000,38457500
2023-09-04 14:00:00,6.6615399000,6.6615399000,6.5757690000,6.6138894000,17136300
2023-09-04 15:00:00,6.6138894000,6.6424797000,6.6138894000,6.6424797000,17742600
2023-09-05 10:30:00,6.6615399000,6.6996603000,6.5852991000,6.6996603000,43336800
2023-09-05 11:30:00,6.6996603000,6.7377807000,6.6901302000,6.7091904000,22480200
2023-09-05 14:00:00,6.7091904000,6.7091904000,6.6520098000,6.6996603000,16894000
2023-09-05 15:00:00,6.6996603000,6.7091904000,6.6806001000,6.7091904000,21438600
2023-09-06 10:30:00,6.6901302000,6.6901302000,6.5471787000,6.6138894000,25267300
2023-09-06 11:30:00,6.6138894000,6.6138894000,6.5662389000,6.5757690000,9374200
2023-09-06 14:00:00,6.5757690000,6.6424797000,6.5662389000,6.6424797000,10420300
2023-09-06 15:00:00,6.6424797000,6.6806001000,6.6138894000,6.6520098000,16015500
2023-09-07 10:30:00,6.6710700000,6.7663710000,6.6329496000,6.6710700000,19048800
2023-09-07 11:30:00,6.6710700000,6.6710700000,6.6138894000,6.6424797000,7320200
2023-09-07 14:00:00,6.6329496000,6.6710700000,6.5757690000,6.5948292000,6932700
2023-09-07 15:00:00,6.5948292000,6.6138894000,6.5852991000,6.5948292000,10182300
2023-09-08 10:30:00,6.5948292000,6.5948292000,6.4899981000,6.4995282000,11134800
2023-09-08 11:30:00,6.4995282000,6.5567088000,6.4899981000,6.5567088000,6139500
2023-09-08 14:00:00,6.5567088000,6.5852991000,6.5376486000,6.5757690000,5102400
2023-09-08 15:00:00,6.5757690000,6.5948292000,6.5471787000,6.5567088000,7426100
2023-09-11 10:30:00,6.5852991000,6.6615399000,6.5567088000,6.6234195000,16750500
2023-09-11 11:30:00,6.6234195000,6.6329496000,6.5948292000,6.6043593000,4700900
2023-09-11 14:00:00,6.6043593000,6.6424797000,6.6043593000,6.6234195000,7264400
2023-09-11 15:00:00,6.6234195000,6.6520098000,6.6043593000,6.6234195000,8502700
2023-09-12 10:30:00,6.6520098000,6.6520098000,6.5757690000,6.6043593000,8078500
2023-09-12 11:30:00,6.6043593000,6.6043593000,6.5757690000,6.5852991000,6045300
2023-09-12 14:00:00,6.5852991000,6.5948292000,6.5662389000,6.5852991000,5831500
2023-09-12 15:00:00,6.5852991000,6.6043593000,6.5662389000,6.5757690000,7061800
2023-09-13 10:30:00,6.5757690000,6.6138894000,6.5185884000,6.5281185000,6803500
2023-09-13 11:30:00,6.5281185000,6.5567088000,6.5090583000,6.5090583000,5376900
2023-09-13 14:00:00,6.5090583000,6.5471787000,6.5090583000,6.5376486000,4659700
2023-09-13 15:00:00,6.5376486000,6.5471787000,6.5090583000,6.5376486000,5306700
2023-09-14 10:30:00,6.5662389000,6.5948292000,6.5090583000,6.5948292000,9962000
2023-09-14 11:30:00,6.5948292000,6.6043593000,6.5090583000,6.5662389000,7316800
2023-09-14 14:00:00,6.5662389000,6.6043593000,6.5281185000,6.5376486000,7383000
2023-09-14 15:00:00,6.5376486000,6.5852991000,6.5281185000,6.5757690000,8070000
2023-09-15 10:30:00,6.5662389000,6.6138894000,6.5471787000,6.5948292000,11992900
2023-09-15 11:30:00,6.5948292000,6.5948292000,6.5281185000,6.5662389000,6978300
2023-09-15 14:00:00,6.5662389000,6.5662389000,6.5185884000,6.5376486000,9286800
2023-09-15 15:00:00,6.5376486000,6.5471787000,6.4995282000,6.5281185000,9209700
2023-09-18 10:30:00,6.5281185000,6.5471787000,6.4804680000,6.5281185000,8913500
2023-09-18 11:30:00,6.5281185000,6.5471787000,6.5090583000,6.5281185000,4136300
2023-09-18 14:00:00,6.5281185000,6.5376486000,6.4995282000,6.4995282000,4336400
2023-09-18 15:00:00,6.5090583000,6.5376486000,6.4995282000,6.5281185000,6479500
2023-09-19 10:30:00,6.5185884000,6.5662389000,6.4804680000,6.5471787000,7556200
2023-09-19 11:30:00,6.5471787000,6.5567088000,6.5185884000,6.5185884000,4356800
2023-09-19 14:00:00,6.5185884000,6.5662389000,6.5090583000,6.5376486000,6089100
2023-09-19 15:00:00,6.5471787000,6.5567088000,6.5281185000,6.5471787000,8456600
2023-09-20 10:30:00,6.5376486000,6.5567088000,6.4709379000,6.5567088000,9932100
2023-09-20 11:30:00,6.5567088000,6.5948292000,6.5376486000,6.5852991000,7389300
2023-09-20 14:00:00,6.5757690000,6.5852991000,6.5567088000,6.5662389000,6583800
2023-09-20 15:00:00,6.5662389000,6.5948292000,6.5376486000,6.5567088000,9565200
2023-09-21 10:30:00,6.5471787000,6.6043593000,6.5281185000,6.5376486000,9354800
2023-09-21 11:30:00,6.5376486000,6.5567088000,6.5185884000,6.5376486000,4942400
2023-09-21 14:00:00,6.5281185000,6.5662389000,6.5281185000,6.5567088000,6416800
2023-09-21 15:00:00,6.5567088000,6.5757690000,6.5185884000,6.5376486000,7054100
2023-09-22 10:30:00,6.5281185000,6.5471787000,6.4899981000,6.5376486000,7330100
2023-09-22 11:30:00,6.5376486000,6.5757690000,6.5281185000,6.5471787000,5608100
2023-09-22 14:00:00,6.5376486000,6.5852991000,6.5281185000,6.5852991000,5263800
2023-09-22 15:00:00,6.5852991000,6.5948292000,6.5567088000,6.5757690000,11092700
2023-09-25 10:30:00,6.5662389000,6.5852991000,6.5185884000,6.5757690000,12856300
2023-09-25 11:30:00,6.5757690000,6.5948292000,6.5662389000,6.5757690000,4705200
2023-09-25 14:00:00,6.5757690000,6.5852991000,6.5376486000,6.5471787000,5349700
2023-09-25 15:00:00,6.5471787000,6.5662389000,6.5281185000,6.5471787000,5782600
2023-09-26 10:30:00,6.5757690000,6.6329496000,6.5567088000,6.5852991000,8641600
2023-09-26 11:30:00,6.5852991000,6.6138894000,6.5662389000,6.5852991000,5968000
2023-09-26 14:00:00,6.5852991000,6.6043593000,6.5662389000,6.5852991000,4622100
2023-09-26 15:00:00,6.5852991000,6.5948292000,6.5757690000,6.5948292000,6367300
2023-09-27 10:30:00,6.5852991000,6.6424797000,6.5567088000,6.5662389000,9685000
2023-09-27 11:30:00,6.5662389000,6.5948292000,6.5567088000,6.5852991000,3927700
2023-09-27 14:00:00,6.5757690000,6.5852991000,6.5567088000,6.5662389000,4549900
2023-09-27 15:00:00,6.5662389000,6.5948292000,6.5662389000,6.5662389000,6132500
2023-09-28 10:30:00,6.5567088000,6.5852991000,6.5185884000,6.5185884000,7729800
2023-09-28 11:30:00,6.5185884000,6.5471787000,6.4995282000,6.5185884000,6133600
2023-09-28 14:00:00,6.5090583000,6.5567088000,6.5090583000,6.5376486000,4611200
2023-09-28 15:00:00,6.5376486000,6.5471787000,6.5090583000,6.5281185000,6706500
2023-10-09 10:30:00,6.4899981000,6.6138894000,6.4709379000,6.5757690000,13132900
2023-10-09 11:30:00,6.5757690000,6.5948292000,6.5376486000,6.5567088000,4107400
2023-10-09 14:00:00,6.5471787000,6.6329496000,6.5471787000,6.6043593000,8022200
2023-10-09 15:00:00,6.6043593000,6.6138894000,6.5662389000,6.5757690000,7722200
2023-10-10 10:30:00,6.6234195000,6.6234195000,6.3756369000,6.3946971000,24163900
2023-10-10 11:30:00,6.3946971000,6.4328175000,6.3851670000,6.3946971000,6642000
2023-10-10 14:00:00,6.4042272000,6.4232874000,6.3851670000,6.4042272000,6546500
2023-10-10 15:00:00,6.4042272000,6.4137573000,6.3851670000,6.4042272000,7947800
2023-10-11 10:30:00,6.4042272000,6.5090583000,6.3756369000,6.3946971000,13586600
2023-10-11 11:30:00,6.3851670000,6.4232874000,6.3851670000,6.3851670000,4937100
2023-10-11 14:00:00,6.3851670000,6.4232874000,6.3756369000,6.4042272000,4838000
2023-10-11 15:00:00,6.4042272000,6.4137573000,6.3851670000,6.3946971000,7047500
2023-10-12 10:30:00,6.4042272000,6.4328175000,6.3946971000,6.4137573000,7278100
2023-10-12 11:30:00,6.4042272000,6.4518777000,6.3946971000,6.4328175000,3557900
2023-10-12 14:00:00,6.4232874000,6.4328175000,6.4042272000,6.4137573000,3515400
2023-10-12 15:00:00,6.4042272000,6.4328175000,6.3946971000,6.3946971000,4891400
2023-10-13 10:30:00,6.3946971000,6.4042272000,6.2993961000,6.3279864000,13914000
2023-10-13 11:30:00,6.3279864000,6.3565767000,6.3279864000,6.3375165000,3698500
2023-10-13 14:00:00,6.3375165000,6.3470466000,6.3184563000,6.3375165000,3962700
2023-10-13 15:00:00,6.3375165000,6.3565767000,6.3279864000,6.3470466000,3853500
2023-10-16 10:30:00,6.3661068000,6.3661068000,6.2708058000,6.3089262000,9772900
2023-10-16 11:30:00,6.3089262000,6.3184563000,6.2803359000,6.2898660000,3869200
2023-10-16 14:00:00,6.2898660000,6.3184563000,6.2803359000,6.2993961000,3808700
2023-10-16 15:00:00,6.2993961000,6.2993961000,6.2708058000,6.2898660000,5582700
2023-10-17 10:30:00,6.3089262000,6.3089262000,6.2422155000,6.2803359000,6690600
2023-10-17 11:30:00,6.2803359000,6.3279864000,6.2803359000,6.3184563000,3928500
2023-10-17 14:00:00,6.3184563000,6.3184563000,6.2898660000,6.3089262000,3092200
2023-10-17 15:00:00,6.3089262000,6.3089262000,6.2803359000,6.2898660000,4666200
2023-10-18 10:30:00,6.2898660000,6.2993961000,6.2422155000,6.2517456000,5195200
2023-10-18 11:30:00,6.2517456000,6.2612757000,6.2326854000,6.2422155000,2991800
2023-10-18 14:00:00,6.2326854000,6.2422155000,6.2040951000,6.2326854000,3944100
2023-10-18 15:00:00,6.2326854000,6.2422155000,6.1945650000,6.2040951000,6634600
2023-10-19 10:30:00,6.1659747000,6.2231553000,6.1183242000,6.1373844000,8409200
2023-10-19 11:30:00,6.1373844000,6.1469145000,6.1087941000,6.1278543000,3239800
2023-10-19 14:00:00,6.1183242000,6.1564446000,6.1087941000,6.1087941000,4483100
2023-10-19 15:00:00,6.1087941000,6.1373844000,6.0802038000,6.0897339000,6457500
2023-10-20 10:30:00,6.0897339000,6.1183242000,6.0611436000,6.0802038000,7850000
2023-10-20 11:30:00,6.0802038000,6.0897339000,6.0611436000,6.0706737000,2472900
2023-10-20 14:00:00,6.0706737000,6.0897339000,6.0325533000,6.0611436000,4135900
2023-10-20 15:00:00,6.0611436000,6.0611436000,6.0230232000,6.0420834000,4734000
2023-10-23 10:30:00,6.0420834000,6.0706737000,6.0134931000,6.0325533000,8038200
2023-10-23 11:30:00,6.0230232000,6.0420834000,6.0039630000,6.0325533000,3041700
2023-10-23 14:00:00,6.0230232000,6.0420834000,6.0039630000,6.0039630000,4195700
2023-10-23 15:00:00,6.0039630000,6.0134931000,5.9563125000,5.9849028000,6874200
2023-10-24 10:30:00,6.0230232000,6.0802038000,5.9086620000,5.9467824000,13050100
2023-10-24 11:30:00,5.9467824000,5.9658426000,5.9086620000,5.9372523000,7251800
2023-10-24 14:00:00,5.9372523000,5.9467824000,5.8991319000,5.9277222000,4393000
2023-10-24 15:00:00,5.9277222000,5.9658426000,5.9181921000,5.9372523000,6510700
2023-10-25 10:30:00,6.1469145000,6.2517456000,6.1087941000,6.1469145000,33769200
2023-10-25 11:30:00,6.1469145000,6.1564446000,6.0897339000,6.0992640000,5189300
2023-10-25 14:00:00,6.0992640000,6.1278543000,6.0802038000,6.1278543000,4995600
2023-10-25 15:00:00,6.1278543000,6.2136252000,6.1183242000,6.1755048000,17262100
2023-10-26 10:30:00,6.1469145000,6.1945650000,6.0897339000,6.1278543000,11547200
2023-10-26 11:30:00,6.1278543000,6.1564446000,6.1278543000,6.1469145000,3275700
2023-10-26 14:00:00,6.1469145000,6.2136252000,6.1373844000,6.2040951000,7290500
2023-10-26 15:00:00,6.2040951000,6.2231553000,6.1850349000,6.2136252000,5811300
2023-10-27 10:30:00,6.2040951000,6.3375165000,6.1850349000,6.2898660000,13775900
2023-10-27 11:30:00,6.2898660000,6.3184563000,6.2803359000,6.3089262000,3568700
2023-10-27 14:00:00,6.3089262000,6.3470466000,6.2993961000,6.3375165000,5030800
2023-10-27 15:00:00,6.3375165000,6.3565767000,6.3279864000,6.3375165000,6154000
2023-10-30 10:30:00,6.3184563000,6.3184563000,6.1564446000,6.2040951000,18801900
2023-10-30 11:30:00,6.2040951000,6.2612757000,6.2040951000,6.2517456000,4473800
2023-10-30 14:00:00,6.2517456000,6.3184563000,6.2231553000,6.2422155000,9099300
2023-10-30 15:00:00,6.2422155000,6.2803359000,6.2422155000,6.2612757000,6382900
2023-10-31 10:30:00,6.2993961000,6.3375165000,6.1183242000,6.1278543000,23173700
2023-10-31 11:30:00,6.1278543000,6.1469145000,6.0992640000,6.1087941000,9622700
2023-10-31 14:00:00,6.1183242000,6.1469145000,6.0992640000,6.1278543000,7626800
2023-10-31 15:00:00,6.1278543000,6.1373844000,6.1087941000,6.1183242000,9915000
2023-11-01 10:30:00,6.1469145000,6.1469145000,5.9849028000,5.9849028000,21087200
2023-11-01 11:30:00,5.9849028000,6.0230232000,5.9849028000,6.0134931000,7236400
2023-11-01 14:00:00,6.0134931000,6.0134931000,5.9849028000,5.9944329000,8056500
2023-11-01 15:00:00,5.9944329000,6.0039630000,5.9658426000,5.9944329000,9617900
2023-11-02 10:30:00,5.9753727000,6.0611436000,5.9658426000,6.0039630000,12928200
2023-11-02 11:30:00,6.0039630000,6.0516135000,5.9944329000,6.0420834000,4866200
2023-11-02 14:00:00,6.0420834000,6.0420834000,6.0039630000,6.0230232000,5575400
2023-11-02 15:00:00,6.0230232000,6.0325533000,6.0039630000,6.0039630000,8153200
2023-11-03 10:30:00,6.0516135000,6.1945650000,6.0039630000,6.1564446000,19005900
2023-11-03 11:30:00,6.1564446000,6.1945650000,6.1278543000,6.1469145000,6572600
2023-11-03 14:00:00,6.1469145000,6.1564446000,6.1278543000,6.1373844000,3345300
2023-11-03 15:00:00,6.1373844000,6.1564446000,6.1278543000,6.1278543000,6610400
2023-11-06 10:30:00,6.1755048000,6.1755048000,6.0325533000,6.1087941000,18317900
2023-11-06 11:30:00,6.1087941000,6.1373844000,6.0992640000,6.1278543000,5466300
2023-11-06 14:00:00,6.1278543000,6.1659747000,6.0897339000,6.1469145000,8455000
2023-11-06 15:00:00,6.1469145000,6.1564446000,6.1373844000,6.1469145000,6623900
2023-11-07 10:30:00,6.1469145000,6.1850349000,6.1183242000,6.1373844000,9216400
2023-11-07 11:30:00,6.1373844000,6.1659747000,6.1373844000,6.1564446000,4088400
2023-11-07 14:00:00,6.1659747000,6.1755048000,6.1469145000,6.1659747000,3829900
2023-11-07 15:00:00,6.1659747000,6.1850349000,6.1564446000,6.1755048000,6743700
2023-11-08 10:30:00,6.1659747000,6.1850349000,6.1278543000,6.1469145000,7496800
2023-11-08 11:30:00,6.1469145000,6.1564446000,6.1373844000,6.1564446000,2972500
2023-11-08 14:00:00,6.1469145000,6.1564446000,6.1087941000,6.1183242000,4526000
2023-11-08 15:00:00,6.1183242000,6.1278543000,6.0992640000,6.1087941000,6117600
2023-11-09 10:30:00,6.1183242000,6.1755048000,6.0992640000,6.1564446000,8472800
2023-11-09 11:30:00,6.1564446000,6.1659747000,6.1278543000,6.1564446000,3747300
2023-11-09 14:00:00,6.1564446000,6.1564446000,6.1373844000,6.1373844000,3255000
2023-11-09 15:00:00,6.1469145000,6.1659747000,6.1373844000,6.1564446000,5192500
2023-11-10 10:30:00,6.1373844000,6.1469145000,6.1087941000,6.1183242000,5767700
2023-11-10 11:30:00,6.1183242000,6.1278543000,6.0992640000,6.1183242000,2832700
2023-11-10 14:00:00,6.1183242000,6.1373844000,6.1087941000,6.1278543000,2641300
2023-11-10 15:00:00,6.1278543000,6.1469145000,6.1183242000,6.1469145000,3505500
2023-11-13 10:30:00,6.1373844000,6.1469145000,6.0992640000,6.1087941000,6014300
2023-11-13 11:30:00,6.1087941000,6.1183242000,6.0802038000,6.0897339000,2984700
2023-11-13 14:00:00,6.0897339000,6.1278543000,6.0897339000,6.1087941000,2590600
2023-11-13 15:00:00,6.1183242000,6.1469145000,6.1087941000,6.1373844000,3543700
2023-11-14 10:30:00,6.1087941000,6.1469145000,6.0992640000,6.1278543000,5637300
2023-11-14 11:30:00,6.1278543000,6.1659747000,6.1183242000,6.1469145000,3467400
2023-11-14 14:00:00,6.1469145000,6.1755048000,6.1373844000,6.1564446000,4642300
2023-11-14 15:00:00,6.1469145000,6.1850349000,6.1373844000,6.1755048000,4599900
2023-11-15 10:30:00,6.2040951000,6.2231553000,6.1755048000,6.2136252000,7668400
2023-11-15 11:30:00,6.2136252000,6.2326854000,6.1945650000,6.2040951000,3309600
2023-11-15 14:00:00,6.2040951000,6.2326854000,6.1945650000,6.2136252000,3742000
2023-11-15 15:00:00,6.2231553000,6.2612757000,6.2136252000,6.2517456000,6773300
2023-11-16 10:30:00,6.2422155000,6.2898660000,6.2231553000,6.2612757000,8828100
2023-11-16 11:30:00,6.2517456000,6.2708058000,6.2422155000,6.2612757000,2559700
2023-11-16 14:00:00,6.2422155000,6.2898660000,6.2422155000,6.2803359000,5000900
2023-11-16 15:00:00,6.2803359000,6.2803359000,6.2422155000,6.2612757000,6020100
2023-11-17 10:30:00,6.2422155000,6.2422155000,6.1659747000,6.1659747000,6800100
2023-11-17 11:30:00,6.1659747000,6.1945650000,6.1659747000,6.1945650000,2820100
2023-11-17 14:00:00,6.1850349000,6.1945650000,6.1564446000,6.1564446000,3370800
2023-11-17 15:00:00,6.1564446000,6.1850349000,6.1564446000,6.1850349000,4430100
2023-11-20 10:30:00,6.1945650000,6.1945650000,6.0992640000,6.1469145000,8680600
2023-11-20 11:30:00,6.1469145000,6.2040951000,6.1373844000,6.1850349000,3556700
2023-11-20 14:00:00,6.1945650000,6.2040951000,6.1755048000,6.1945650000,3220600
2023-11-20 15:00:00,6.1945650000,6.2136252000,6.1850349000,6.2040951000,4277700
2023-11-21 10:30:00,6.2136252000,6.2803359000,6.2040951000,6.2326854000,9794400
2023-11-21 11:30:00,6.2326854000,6.2517456000,6.2231553000,6.2326854000,2787000
2023-11-21 14:00:00,6.2326854000,6.2422155000,6.1945650000,6.1945650000,4548600
2023-11-21 15:00:00,6.1945650000,6.2040951000,6.1469145000,6.1755048000,8324600
2023-11-22 10:30:00,6.1373844000,6.1564446000,6.0992640000,6.1087941000,9391200
2023-11-22 11:30:00,6.1087941000,6.1183242000,6.0802038000,6.0897339000,4017400
2023-11-22 14:00:00,6.0897339000,6.1087941000,6.0802038000,6.0802038000,2840700
2023-11-22 15:00:00,6.0802038000,6.0897339000,6.0516135000,6.0706737000,5766200
2023-11-23 10:30:00,6.0516135000,6.1183242000,6.0516135000,6.1183242000,5490500
2023-11-23 11:30:00,6.1183242000,6.1373844000,6.1087941000,6.1183242000,2967900
2023-11-23 14:00:00,6.1278543000,6.1659747000,6.1183242000,6.1469145000,4143500
2023-11-23 15:00:00,6.1469145000,6.1850349000,6.1469145000,6.1659747000,5613400
2023-11-24 10:30:00,6.1564446000,6.1755048000,6.1278543000,6.1564446000,4328100
2023-11-24 11:30:00,6.1564446000,6.1659747000,6.1087941000,6.1373844000,2314700
2023-11-24 14:00:00,6.1278543000,6.1469145000,6.1183242000,6.1278543000,2552900
2023-11-24 15:00:00,6.1278543000,6.1755048000,6.1183242000,6.1564446000,5294900
2023-11-27 10:30:00,6.1373844000,6.1373844000,6.0516135000,6.1183242000,8972100
2023-11-27 11:30:00,6.1183242000,6.1373844000,6.0992640000,6.1278543000,2785200
2023-11-27 14:00:00,6.1183242000,6.1564446000,6.1183242000,6.1564446000,3801100
2023-11-27 15:00:00,6.1564446000,6.1945650000,6.1373844000,6.1659747000,7014200
2023-11-28 10:30:00,6.1659747000,6.1659747000,6.0897339000,6.1373844000,7112200
2023-11-28 11:30:00,6.1278543000,6.1373844000,6.0992640000,6.1087941000,3872800
2023-11-28 14:00:00,6.1087941000,6.1278543000,6.0992640000,6.1087941000,3553500
2023-11-28 15:00:00,6.1087941000,6.1278543000,6.0992640000,6.1278543000,8721800
2023-11-29 10:30:00,6.1373844000,6.1564446000,6.0706737000,6.0897339000,8453000
2023-11-29 11:30:00,6.0897339000,6.0992640000,6.0611436000,6.0802038000,3769000
2023-11-29 14:00:00,6.0802038000,6.0897339000,6.0516135000,6.0611436000,3926600
2023-11-29 15:00:00,6.0611436000,6.0897339000,6.0516135000,6.0897339000,4871900
2023-11-30 10:30:00,6.0706737000,6.1183242000,6.0420834000,6.1087941000,6161500
2023-11-30 11:30:00,6.1087941000,6.1183242000,6.0992640000,6.1087941000,3374400
2023-11-30 14:00:00,6.1087941000,6.1278543000,6.0992640000,6.1087941000,5564400
2023-11-30 15:00:00,6.1087941000,6.1755048000,6.1087941000,6.1755048000,8785500
2023-12-01 10:30:00,6.1469145000,6.1469145000,6.0897339000,6.1087941000,7238300
2023-12-01 11:30:00,6.1087941000,6.1469145000,6.1087941000,6.1373844000,3924300
2023-12-01 14:00:00,6.1373844000,6.1659747000,6.1183242000,6.1564446000,4458800
2023-12-01 15:00:00,6.1564446000,6.1564446000,6.0992640000,6.1278543000,6212900
2023-12-04 10:30:00,6.1183242000,6.1278543000,6.0897339000,6.1183242000,7781600
2023-12-04 11:30:00,6.1183242000,6.1183242000,6.0992640000,6.1087941000,2479800
2023-12-04 14:00:00,6.1087941000,6.1659747000,6.1087941000,6.1469145000,5236500
2023-12-04 15:00:00,6.1469145000,6.1564446000,6.1278543000,6.1373844000,4759300
2023-12-05 10:30:00,6.1278543000,6.1278543000,6.0325533000,6.0802038000,10353100
2023-12-05 11:30:00,6.0802038000,6.0992640000,6.0706737000,6.0992640000,3026600
2023-12-05 14:00:00,6.0897339000,6.0992640000,6.0706737000,6.0897339000,3517200
2023-12-05 15:00:00,6.0897339000,6.0992640000,6.0325533000,6.0420834000,7419000
2023-12-06 10:30:00,6.0325533000,6.0611436000,5.9753727000,6.0420834000,7304000
2023-12-06 11:30:00,6.0420834000,6.0611436000,6.0325533000,6.0611436000,2569700
2023-12-06 14:00:00,6.0611436000,6.0897339000,6.0420834000,6.0611436000,3636100
2023-12-06 15:00:00,6.0611436000,6.0706737000,6.0325533000,6.0420834000,4299400
2023-12-07 10:30:00,6.0516135000,6.0897339000,6.0420834000,6.0802038000,6513100
2023-12-07 11:30:00,6.0802038000,6.0897339000,6.0516135000,6.0706737000,3595500
2023-12-07 14:00:00,6.0706737000,6.1183242000,6.0611436000,6.1183242000,6390900
2023-12-07 15:00:00,6.1183242000,6.1373844000,6.0992640000,6.1183242000,7573900
2023-12-08 10:30:00,6.1183242000,6.2422155000,6.1087941000,6.1278543000,10849300
2023-12-08 11:30:00,6.1278543000,6.1469145000,6.0897339000,6.0897339000,4744500
2023-12-08 14:00:00,6.0897339000,6.0992640000,6.0516135000,6.0516135000,5047300
2023-12-08 15:00:00,6.0516135000,6.0706737000,6.0325533000,6.0420834000,7829400
2023-12-11 10:30:00,6.0230232000,6.0325533000,5.9372523000,6.0134931000,13041700
2023-12-11 11:30:00,6.0134931000,6.0420834000,6.0039630000,6.0230232000,5267700
2023-12-11 14:00:00,6.0230232000,6.0516135000,6.0039630000,6.0325533000,5096700
2023-12-11 15:00:00,6.0325533000,6.0802038000,6.0230232000,6.0611436000,4991900
2023-12-12 10:30:00,6.0706737000,6.0992640000,6.0230232000,6.0802038000,5721800
2023-12-12 11:30:00,6.0802038000,6.0802038000,6.0420834000,6.0611436000,2465100
2023-12-12 14:00:00,6.0516135000,6.0706737000,6.0420834000,6.0611436000,2549200
2023-12-12 15:00:00,6.0706737000,6.0802038000,6.0611436000,6.0706737000,2418700
2023-12-13 10:30:00,6.0802038000,6.0802038000,5.9753727000,6.0134931000,7831800
2023-12-13 11:30:00,6.0134931000,6.0230232000,5.9944329000,6.0230232000,2120000
2023-12-13 14:00:00,6.0230232000,6.0325533000,5.9753727000,5.9944329000,3943800
2023-12-13 15:00:00,5.9944329000,5.9944329000,5.9658426000,5.9658426000,5499600
2023-12-14 10:30:00,5.9753727000,6.0230232000,5.9563125000,5.9658426000,8102600
2023-12-14 11:30:00,5.9658426000,5.9658426000,5.9277222000,5.9658426000,5043100
2023-12-14 14:00:00,5.9658426000,5.9658426000,5.9181921000,5.9372523000,4214100
2023-12-14 15:00:00,5.9372523000,5.9467824000,5.9181921000,5.9277222000,3992200
2023-12-15 10:30:00,5.9563125000,6.0325533000,5.9467824000,5.9849028000,6642800
2023-12-15 11:30:00,5.9849028000,6.0134931000,5.9658426000,5.9849028000,2187600
2023-12-15 14:00:00,5.9849028000,5.9849028000,5.9277222000,5.9372523000,4634400
2023-12-15 15:00:00,5.9372523000,5.9563125000,5.9181921000,5.9181921000,5204900
2023-12-18 10:30:00,5.9277222000,5.9753727000,5.8419513000,5.9658426000,7195600
2023-12-18 11:30:00,5.9658426000,5.9753727000,5.9277222000,5.9372523000,3771800
2023-12-18 14:00:00,5.9277222000,5.9563125000,5.9181921000,5.9372523000,3434600
2023-12-18 15:00:00,5.9372523000,5.9467824000,5.9181921000,5.9372523000,5244400
2023-12-19 10:30:00,5.9372523000,5.9753727000,5.8800717000,5.9658426000,4807300
2023-12-19 11:30:00,5.9658426000,5.9944329000,5.9563125000,5.9849028000,3370000
2023-12-19 14:00:00,5.9753727000,6.0039630000,5.9658426000,6.0039630000,4341600
2023-12-19 15:00:00,6.0039630000,6.0230232000,5.9753727000,6.0134931000,7458300
2023-12-20 10:30:00,6.0325533000,6.1373844000,6.0039630000,6.0706737000,11404300
2023-12-20 11:30:00,6.0706737000,6.1469145000,6.0706737000,6.0897339000,8226000
2023-12-20 14:00:00,6.0992640000,6.1278543000,6.0802038000,6.1183242000,7306600
2023-12-20 15:00:00,6.1183242000,6.1373844000,6.0802038000,6.0802038000,8974900
2023-12-21 10:30:00,6.0897339000,6.1373844000,6.0039630000,6.0230232000,14804900
2023-12-21 11:30:00,6.0230232000,6.1087941000,6.0134931000,6.0897339000,6205300
2023-12-21 14:00:00,6.0897339000,6.1469145000,6.0802038000,6.1373844000,7142900
2023-12-21 15:00:00,6.1373844000,6.1564446000,6.1278543000,6.1469145000,7657300
2023-12-22 10:30:00,6.1564446000,6.1755048000,6.1183242000,6.1564446000,9880000
2023-12-22 11:30:00,6.1564446000,6.1850349000,6.1469145000,6.1755048000,5072700
2023-12-22 14:00:00,6.1755048000,6.1850349000,6.1373844000,6.1659747000,6551800
2023-12-22 15:00:00,6.1659747000,6.1755048000,6.1373844000,6.1564446000,7030200
2023-12-25 10:30:00,6.1373844000,6.1850349000,6.1278543000,6.1755048000,9161000
2023-12-25 11:30:00,6.1755048000,6.2136252000,6.1659747000,6.2040951000,6491100
2023-12-25 14:00:00,6.1945650000,6.2231553000,6.1755048000,6.2231553000,5166000
2023-12-25 15:00:00,6.2231553000,6.2231553000,6.2040951000,6.2136252000,4348300
2023-12-26 10:30:00,6.2136252000,6.2326854000,6.1755048000,6.1755048000,6707000
2023-12-26 11:30:00,6.1755048000,6.1945650000,6.1564446000,6.1755048000,3317500
2023-12-26 14:00:00,6.1659747000,6.1659747000,6.1087941000,6.1469145000,4647300
2023-12-26 15:00:00,6.1469145000,6.1564446000,6.1278543000,6.1564446000,3455800
2023-12-27 10:30:00,6.1564446000,6.2136252000,6.1183242000,6.2040951000,9289500
2023-12-27 11:30:00,6.2040951000,6.2422155000,6.1850349000,6.2326854000,4714500
2023-12-27 14:00:00,6.2326854000,6.2422155000,6.2136252000,6.2136252000,3685900
2023-12-27 15:00:00,6.2136252000,6.2326854000,6.1945650000,6.2326854000,5295900
2023-12-28 10:30:00,6.2517456000,6.2708058000,6.2136252000,6.2326854000,9798300
2023-12-28 11:30:00,6.2326854000,6.2517456000,6.2136252000,6.2422155000,5099100
2023-12-28 14:00:00,6.2422155000,6.2612757000,6.2326854000,6.2517456000,7250100
2023-12-28 15:00:00,6.2517456000,6.2708058000,6.2422155000,6.2612757000,6437400
2023-12-29 10:30:00,6.2422155000,6.2898660000,6.2136252000,6.2517456000,7783600
2023-12-29 11:30:00,6.2517456000,6.2708058000,6.2326854000,6.2422155000,4389700
2023-12-29 14:00:00,6.2326854000,6.2517456000,6.2136252000,6.2422155000,4588300
2023-12-29 15:00:00,6.2422155000,6.2517456000,6.2231553000,6.2231553000,6487800
2024-01-02 10:30:00,6.2422155000,6.3279864000,6.1850349000,6.3279864000,16622500
2024-01-02 11:30:00,6.3279864000,6.3470466000,6.3089262000,6.3375165000,7966000
2024-01-02 14:00:00,6.3375165000,6.3565767000,6.3279864000,6.3375165000,5544700
2024-01-02 15:00:00,6.3375165000,6.3565767000,6.3184563000,6.3184563000,6942300
2024-01-03 10:30:00,6.3089262000,6.3661068000,6.3089262000,6.3470466000,7654300
2024-01-03 11:30:00,6.3470466000,6.3565767000,6.3184563000,6.3279864000,4386100
2024-01-03 14:00:00,6.3279864000,6.3279864000,6.2898660000,6.3184563000,4867700
2024-01-03 15:00:00,6.3184563000,6.3565767000,6.3089262000,6.3565767000,5646900
2024-01-04 10:30:00,6.3565767000,6.3661068000,6.2898660000,6.3279864000,7743000
2024-01-04 11:30:00,6.3279864000,6.3375165000,6.2898660000,6.3184563000,4662100
2024-01-04 14:00:00,6.3184563000,6.3470466000,6.2993961000,6.3089262000,4146000
2024-01-04 15:00:00,6.3184563000,6.3565767000,6.3089262000,6.3470466000,5210100
2024-01-05 10:30:00,6.3375165000,6.3851670000,6.3184563000,6.3851670000,9357600
2024-01-05 11:30:00,6.3851670000,6.3946971000,6.3470466000,6.3470466000,4714700
2024-01-05 14:00:00,6.3470466000,6.3565767000,6.3184563000,6.3279864000,3313700
2024-01-05 15:00:00,6.3279864000,6.3470466000,6.2803359000,6.3089262000,5625600
2024-01-08 10:30:00,6.2898660000,6.3184563000,6.2612757000,6.2803359000,7504900
2024-01-08 11:30:00,6.2803359000,6.3184563000,6.2708058000,6.2898660000,4852100
2024-01-08 14:00:00,6.2898660000,6.3184563000,6.2708058000,6.2898660000,3997000
2024-01-08 15:00:00,6.2898660000,6.3089262000,6.2517456000,6.2612757000,6798700
2024-01-09 10:30:00,6.2517456000,6.2993961000,6.1945650000,6.2612757000,11506500
2024-01-09 11:30:00,6.2612757000,6.2993961000,6.2517456000,6.2803359000,6646800
2024-01-09 14:00:00,6.2803359000,6.3089262000,6.2422155000,6.2708058000,4822800
2024-01-09 15:00:00,6.2708058000,6.2993961000,6.2326854000,6.2898660000,6876600
2024-01-10 10:30:00,6.2612757000,6.3279864000,6.2517456000,6.3089262000,12069200
2024-01-10 11:30:00,6.3089262000,6.3375165000,6.2993961000,6.3279864000,5142700
2024-01-10 14:00:00,6.3184563000,6.3279864000,6.2898660000,6.3184563000,4072100
2024-01-10 15:00:00,6.3184563000,6.3184563000,6.2803359000,6.2803359000,4710000
2024-01-11 10:30:00,6.2898660000,6.2898660000,6.2231553000,6.2517456000,8580700
2024-01-11 11:30:00,6.2517456000,6.3089262000,6.2517456000,6.2993961000,4020900
2024-01-11 14:00:00,6.2993961000,6.3279864000,6.2898660000,6.2993961000,7873300
2024-01-11 15:00:00,6.2993961000,6.3089262000,6.2803359000,6.2898660000,5212700
2024-01-12 10:30:00,6.2517456000,6.3565767000,6.2422155000,6.3375165000,9921500
2024-01-12 11:30:00,6.3375165000,6.3565767000,6.2993961000,6.2993961000,5592600
2024-01-12 14:00:00,6.2993961000,6.3279864000,6.2898660000,6.2898660000,4293500
2024-01-12 15:00:00,6.2898660000,6.2993961000,6.2708058000,6.2803359000,5001500
2024-01-15 10:30:00,6.2612757000,6.3375165000,6.2326854000,6.3279864000,7802800
2024-01-15 11:30:00,6.3279864000,6.3661068000,6.3184563000,6.3565767000,4814700
2024-01-15 14:00:00,6.3565767000,6.3565767000,6.3279864000,6.3470466000,4990900
2024-01-15 15:00:00,6.3470466000,6.3661068000,6.3279864000,6.3470466000,9129800
2024-01-16 10:30:00,6.3375165000,6.5471787000,6.3184563000,6.5185884000,23694000
2024-01-16 11:30:00,6.5185884000,6.5567088000,6.4709379000,6.4804680000,16047900
2024-01-16 14:00:00,6.4804680000,6.5471787000,6.4518777000,6.5185884000,14076100
2024-01-16 15:00:00,6.5185884000,6.5567088000,6.5090583000,6.5567088000,10734100
2024-01-17 10:30:00,6.5567088000,6.7759011000,6.5567088000,6.7282506000,36034800
2024-01-17 11:30:00,6.7282506000,6.8140215000,6.7187205000,6.8044914000,27154800
2024-01-17 14:00:00,6.7949613000,6.8616720000,6.7854312000,6.7854312000,25173900
2024-01-17 15:00:00,6.7854312000,6.7949613000,6.7091904000,6.7091904000,19957700
2024-01-18 10:30:00,6.6615399000,6.7282506000,6.6329496000,6.6615399000,27422500
2024-01-18 11:30:00,6.6615399000,6.7091904000,6.6043593000,6.6996603000,18716300
2024-01-18 14:00:00,6.6901302000,6.6996603000,6.6138894000,6.6615399000,16796100
2024-01-18 15:00:00,6.6615399000,6.7759011000,6.6520098000,6.7568409000,20844600
2024-01-19 10:30:00,6.7568409000,6.8712021000,6.7473108000,6.7568409000,26697200
2024-01-19 11:30:00,6.7568409000,6.8044914000,6.7473108000,6.7759011000,8657300
2024-01-19 14:00:00,6.7663710000,6.7759011000,6.6901302000,6.7377807000,15083600
2024-01-19 15:00:00,6.7377807000,6.7854312000,6.7187205000,6.7568409000,14684000
2024-01-22 10:30:00,6.7473108000,6.7949613000,6.6424797000,6.6710700000,21759200
2024-01-22 11:30:00,6.6710700000,6.7568409000,6.6615399000,6.6996603000,10329800
2024-01-22 14:00:00,6.6901302000,6.7377807000,6.6615399000,6.7187205000,12098900
2024-01-22 15:00:00,6.7187205000,6.7282506000,6.5757690000,6.6043593000,16462700
2024-01-23 10:30:00,6.5852991000,6.6806001000,6.5090583000,6.6329496000,21596000
2024-01-23 11:30:00,6.6329496000,6.6615399000,6.5757690000,6.6043593000,7878000
2024-01-23 14:00:00,6.5948292000,6.6615399000,6.5948292000,6.6520098000,9312300
2024-01-23 15:00:00,6.6520098000,6.7568409000,6.6520098000,6.7091904000,23205300
2024-01-24 10:30:00,6.6996603000,6.9474429000,6.6996603000,6.8426118000,28171400
2024-01-24 11:30:00,6.8426118000,6.8521419000,6.7282506000,6.7759011000,9416400
2024-01-24 14:00:00,6.7759011000,6.8616720000,6.7282506000,6.8330817000,14080500
2024-01-24 15:00:00,6.8330817000,6.9093225000,6.8235516000,6.8712021000,16388100
2024-01-25 10:30:00,6.8521419000,6.9283827000,6.8426118000,6.8807322000,21768300
2024-01-25 11:30:00,6.8807322000,6.8997924000,6.8044914000,6.8426118000,12047900
2024-01-25 14:00:00,6.8330817000,6.8521419000,6.7949613000,6.8426118000,13397600
2024-01-25 15:00:00,6.8426118000,6.9093225000,6.8426118000,6.9093225000,18359000
2024-01-26 10:30:00,6.9093225000,7.0046235000,6.8807322000,6.9569730000,24299100
2024-01-26 11:30:00,6.9569730000,6.9760332000,6.9188526000,6.9379128000,8113400
2024-01-26 14:00:00,6.9379128000,6.9760332000,6.9188526000,6.9665031000,11835100
2024-01-26 15:00:00,6.9665031000,6.9760332000,6.9379128000,6.9474429000,13259000
2024-01-29 10:30:00,6.9569730000,7.0999245000,6.9569730000,7.0236837000,26485100
2024-01-29 11:30:00,7.0236837000,7.0713342000,7.0046235000,7.0713342000,9873900
2024-01-29 14:00:00,7.0713342000,7.0903944000,7.0141536000,7.0427439000,18198200
2024-01-29 15:00:00,7.0427439000,7.0713342000,7.0236837000,7.0236837000,15819300
2024-01-30 10:30:00,6.9950934000,7.1094546000,6.9569730000,7.0618041000,22749300
2024-01-30 11:30:00,7.0618041000,7.1094546000,7.0427439000,7.0808643000,11407400
2024-01-30 14:00:00,7.0903944000,7.1285148000,7.0618041000,7.1094546000,13816900
2024-01-30 15:00:00,7.1094546000,7.1094546000,7.0141536000,7.0236837000,20007800
2024-01-31 10:30:00,6.9950934000,7.0236837000,6.8235516000,6.8235516000,25144700
2024-01-31 11:30:00,6.8235516000,6.9474429000,6.8235516000,6.9093225000,11387200
2024-01-31 14:00:00,6.9093225000,6.9379128000,6.8616720000,6.9188526000,8867100
2024-01-31 15:00:00,6.9188526000,6.9283827000,6.8521419000,6.8616720000,13035700
2024-02-01 10:30:00,6.8235516000,6.9283827000,6.7854312000,6.9093225000,24284100
2024-02-01 11:30:00,6.9093225000,6.9188526000,6.8330817000,6.8712021000,8628400
2024-02-01 14:00:00,6.8807322000,6.9093225000,6.8330817000,6.8616720000,11052300
2024-02-01 15:00:00,6.8616720000,6.8902623000,6.8330817000,6.8616720000,10566000
2024-02-02 10:30:00,6.8807322000,7.0999245000,6.8616720000,7.0427439000,27387700
2024-02-02 11:30:00,7.0427439000,7.0903944000,7.0332138000,7.0522740000,15469800
2024-02-02 14:00:00,7.0522740000,7.0522740000,6.9569730000,6.9665031000,16279200
2024-02-02 15:00:00,6.9665031000,7.0618041000,6.8426118000,7.0046235000,21864000
2024-02-05 10:30:00,7.0046235000,7.1761653000,6.9855633000,7.0427439000,42780600
2024-02-05 11:30:00,7.0427439000,7.0903944000,6.9665031000,7.0332138000,16401800
2024-02-05 14:00:00,7.0236837000,7.1189847000,6.9760332000,7.0999245000,11456100
2024-02-05 15:00:00,7.0999245000,7.1189847000,7.0427439000,7.0903944000,15271100
2024-02-06 10:30:00,7.0427439000,7.2428760000,7.0141536000,7.2333459000,40088700
2024-02-06 11:30:00,7.2333459000,7.3477071000,7.2333459000,7.3191168000,23060500
2024-02-06 14:00:00,7.3191168000,7.4239479000,7.3191168000,7.3572372000,22017100
2024-02-06 15:00:00,7.3572372000,7.4239479000,7.3381770000,7.4239479000,19921400
2024-02-07 10:30:00,7.4334780000,7.4430081000,7.2809964000,7.3953576000,48000800
2024-02-07 11:30:00,7.3953576000,7.4334780000,7.3000566000,7.4239479000,15303400
2024-02-07 14:00:00,7.4144178000,7.4239479000,7.2428760000,7.2809964000,16614800
2024-02-07 15:00:00,7.2809964000,7.3667673000,7.2524061000,7.3572372000,15950900
2024-02-08 10:30:00,7.3286469000,7.4430081000,7.2619362000,7.3000566000,29568000
2024-02-08 11:30:00,7.3000566000,7.4525382000,7.2809964000,7.4430081000,19610700
2024-02-08 14:00:00,7.4334780000,7.4715984000,7.3572372000,7.3858275000,12928300
2024-02-08 15:00:00,7.3858275000,7.4048877000,7.3381770000,7.3762974000,12201800
2024-02-19 10:30:00,7.3953576000,7.5383091000,7.2905265000,7.5192489000,34876700
2024-02-19 11:30:00,7.5192489000,7.5287790000,7.4715984000,7.4811285000,14331400
2024-02-19 14:00:00,7.4811285000,7.5478392000,7.4811285000,7.5287790000,14472800
2024-02-19 15:00:00,7.5287790000,7.5478392000,7.4906586000,7.5478392000,12560700
2024-02-20 10:30:00,7.5383091000,7.7956218000,7.4715984000,7.7670315000,37395500
2024-02-20 11:30:00,7.7670315000,7.7670315000,7.7003208000,7.7479713000,8701300
2024-02-20 14:00:00,7.7384412000,7.7575014000,7.7003208000,7.7289111000,8313100
2024-02-20 15:00:00,7.7289111000,7.7765616000,7.7289111000,7.7670315000,12291500
2024-02-21 10:30:00,7.7193810000,7.8623325000,7.6717305000,7.6907907000,26143200
2024-02-21 11:30:00,7.6907907000,7.7765616000,7.6907907000,7.7575014000,11373400
2024-02-21 14:00:00,7.7670315000,7.7860917000,7.7384412000,7.7479713000,11476000
2024-02-21 15:00:00,7.7479713000,7.7575014000,7.6526703000,7.6622004000,16666200
2024-02-22 10:30:00,7.6336101000,7.7193810000,7.6145499000,7.6431402000,21619800
2024-02-22 11:30:00,7.6526703000,7.7384412000,7.6431402000,7.7003208000,8308700
2024-02-22 14:00:00,7.7098509000,7.7289111000,7.6907907000,7.7098509000,6826900
2024-02-22 15:00:00,7.7098509000,7.7575014000,7.7003208000,7.7575014000,11578700
2024-02-23 10:30:00,7.7479713000,7.8051519000,7.4906586000,7.5383091000,37586500
2024-02-23 11:30:00,7.5383091000,7.6336101000,7.5192489000,7.5859596000,10956400
2024-02-23 14:00:00,7.5859596000,7.6240800000,7.5478392000,7.6050198000,12040200
2024-02-23 15:00:00,7.6050198000,7.6240800000,7.5764295000,7.5954897000,12843100
2024-02-26 10:30:00,7.6336101000,7.7003208000,7.5764295000,7.6907907000,23272500
2024-02-26 11:30:00,7.6907907000,7.7098509000,7.6240800000,7.6240800000,10118100
2024-02-26 14:00:00,7.6240800000,7.6526703000,7.6145499000,7.6145499000,7131500
2024-02-26 15:00:00,7.6145499000,7.6622004000,7.5954897000,7.6336101000,12138800
2024-02-27 10:30:00,7.6240800000,7.7098509000,7.5668994000,7.6907907000,15277700
2024-02-27 11:30:00,7.6907907000,7.7003208000,7.5764295000,7.5764295000,9780600
2024-02-27 14:00:00,7.5859596000,7.6240800000,7.5573693000,7.5764295000,12609400
2024-02-27 15:00:00,7.5764295000,7.6336101000,7.5668994000,7.6336101000,11387800
2024-02-28 10:30:00,7.6145499000,7.6145499000,7.4144178000,7.4811285000,37790800
2024-02-28 11:30:00,7.4811285000,7.4906586000,7.3858275000,7.4239479000,13342300
2024-02-28 14:00:00,7.4239479000,7.5573693000,7.4144178000,7.5287790000,11933400
2024-02-28 15:00:00,7.5287790000,7.5383091000,7.4239479000,7.4239479000,12596000
2024-02-29 10:30:00,7.3953576000,7.6145499000,7.3858275000,7.6050198000,22447800
2024-02-29 11:30:00,7.6050198000,7.6526703000,7.5764295000,7.5859596000,11951800
2024-02-29 14:00:00,7.5859596000,7.6240800000,7.5573693000,7.5954897000,9209400
2024-02-29 15:00:00,7.5954897000,7.6240800000,7.5478392000,7.6240800000,14280000
2024-03-01 10:30:00,7.6431402000,7.7575014000,7.6240800000,7.6907907000,21497800
2024-03-01 11:30:00,7.6907907000,7.6907907000,7.6240800000,7.6336101000,9786900
2024-03-01 14:00:00,7.6336101000,7.6431402000,7.5764295000,7.5954897000,8223000
2024-03-01 15:00:00,7.5954897000,7.6336101000,7.5859596000,7.6240800000,11065400
2024-03-04 10:30:00,7.5859596000,7.7098509000,7.5859596000,7.6336101000,15101000
2024-03-04 11:30:00,7.6336101000,7.6526703000,7.5954897000,7.6240800000,6888500
2024-03-04 14:00:00,7.6240800000,7.6622004000,7.6145499000,7.6431402000,6935100
2024-03-04 15:00:00,7.6431402000,7.6622004000,7.5954897000,7.6240800000,12042400
2024-03-05 10:30:00,7.6145499000,7.6431402000,7.5668994000,7.6050198000,12273800
2024-03-05 11:30:00,7.6050198000,7.6622004000,7.5954897000,7.6526703000,7440800
2024-03-05 14:00:00,7.6526703000,7.6622004000,7.6145499000,7.6336101000,6385700
2024-03-05 15:00:00,7.6336101000,7.6717305000,7.6240800000,7.6526703000,9501800
2024-03-06 10:30:00,7.6622004000,7.9481034000,7.6431402000,7.8718626000,42716100
2024-03-06 11:30:00,7.8718626000,7.9195131000,7.8432723000,7.8623325000,13865900
2024-03-06 14:00:00,7.8623325000,7.9290432000,7.8528024000,7.8813927000,13200800
2024-03-06 15:00:00,7.8813927000,7.9004529000,7.8528024000,7.8718626000,10848200
2024-03-07 10:30:00,7.8813927000,7.9957539000,7.8718626000,7.9195131000,24392900
2024-03-07 11:30:00,7.9195131000,7.9576335000,7.8718626000,7.8718626000,7707700
2024-03-07 14:00:00,7.8813927000,7.8909228000,7.8432723000,7.8528024000,8531100
2024-03-07 15:00:00,7.8528024000,7.8718626000,7.8432723000,7.8432723000,7401800
2024-03-08 10:30:00,7.8432723000,7.8909228000,7.6812606000,7.7003208000,26640500
2024-03-08 11:30:00,7.7003208000,7.7289111000,7.6717305000,7.7098509000,9785200
2024-03-08 14:00:00,7.7098509000,7.7289111000,7.6717305000,7.7098509000,10964700
2024-03-08 15:00:00,7.7098509000,7.7289111000,7.6812606000,7.7289111000,13073900
2024-03-11 10:30:00,7.7193810000,7.7860917000,7.6336101000,7.6622004000,17480200
2024-03-11 11:30:00,7.6622004000,7.6717305000,7.5954897000,7.6145499000,10912300
2024-03-11 14:00:00,7.6145499000,7.6145499000,7.4811285000,7.5097188000,21624500
2024-03-11 15:00:00,7.5097188000,7.5764295000,7.4906586000,7.5764295000,11549600
2024-03-12 10:30:00,7.5478392000,7.5573693000,7.3858275000,7.3858275000,25569000
2024-03-12 11:30:00,7.3858275000,7.4525382000,7.3477071000,7.4334780000,13417000
2024-03-12 14:00:00,7.4334780000,7.4620683000,7.4144178000,7.4239479000,8634000
2024-03-12 15:00:00,7.4239479000,7.4334780000,7.4048877000,7.4239479000,8879200
2024-03-13 10:30:00,7.4144178000,7.4715984000,7.3762974000,7.3858275000,11809300
2024-03-13 11:30:00,7.3858275000,7.4430081000,7.3572372000,7.3762974000,16771600
2024-03-13 14:00:00,7.3762974000,7.3858275000,7.2809964000,7.3000566000,23403400
2024-03-13 15:00:00,7.3000566000,7.3191168000,7.2714663000,7.2809964000,12083000
2024-03-14 10:30:00,7.3000566000,7.4906586000,7.2905265000,7.4239479000,30046400
2024-03-14 11:30:00,7.4239479000,7.4811285000,7.4048877000,7.4334780000,11288900
2024-03-14 14:00:00,7.4334780000,7.5668994000,7.4334780000,7.5192489000,20201100
2024-03-14 15:00:00,7.5192489000,7.5383091000,7.4715984000,7.5097188000,17588100
2024-03-15 10:30:00,7.5001887000,7.5383091000,7.4430081000,7.5097188000,12933100
2024-03-15 11:30:00,7.5097188000,7.5287790000,7.4525382000,7.4906586000,7726100
2024-03-15 14:00:00,7.5001887000,7.5001887000,7.4144178000,7.4239479000,7858600
2024-03-15 15:00:00,7.4239479000,7.4525382000,7.3953576000,7.4239479000,17138500
2024-03-18 10:30:00,7.4334780000,7.6622004000,7.4239479000,7.6145499000,29941100
2024-03-18 11:30:00,7.6145499000,7.6145499000,7.5287790000,7.5478392000,10715000
2024-03-18 14:00:00,7.5383091000,7.5859596000,7.5383091000,7.5573693000,9720000
2024-03-18 15:00:00,7.5573693000,7.6240800000,7.5573693000,7.6050198000,9027300
2024-03-19 10:30:00,7.5668994000,7.6336101000,7.5287790000,7.5478392000,16383300
2024-03-19 11:30:00,7.5478392000,7.5573693000,7.5001887000,7.5097188000,6144400
2024-03-19 14:00:00,7.5097188000,7.5478392000,7.4906586000,7.5192489000,5306500
2024-03-19 15:00:00,7.5192489000,7.5383091000,7.4811285000,7.4811285000,6588400
2024-03-20 10:30:00,7.4620683000,7.5097188000,7.3572372000,7.3667673000,15934900
2024-03-20 11:30:00,7.3667673000,7.4144178000,7.3572372000,7.4048877000,8537400
2024-03-20 14:00:00,7.4048877000,7.4525382000,7.3953576000,7.4239479000,6161700
2024-03-20 15:00:00,7.4239479000,7.4620683000,7.3953576000,7.4048877000,6379100
2024-03-21 10:30:00,7.4239479000,7.4334780000,7.3286469000,7.3667673000,12390900
2024-03-21 11:30:00,7.3667673000,7.4144178000,7.3286469000,7.4048877000,7845400
2024-03-21 14:00:00,7.3953576000,7.3953576000,7.3381770000,7.3667673000,7810200
2024-03-21 15:00:00,7.3667673000,7.3762974000,7.3381770000,7.3572372000,5083900
2024-03-22 10:30:00,7.3286469000,7.4144178000,7.3191168000,7.3477071000,8949900
2024-03-22 11:30:00,7.3477071000,7.4620683000,7.3191168000,7.4430081000,19268700
2024-03-22 14:00:00,7.4334780000,7.4430081000,7.3191168000,7.3286469000,11683900
2024-03-22 15:00:00,7.3286469000,7.3953576000,7.3286469000,7.3572372000,10661400
2024-03-25 10:30:00,7.3858275000,7.7098509000,7.3858275000,7.5287790000,35303500
2024-03-25 11:30:00,7.5287790000,7.6050198000,7.5287790000,7.5859596000,8561700
2024-03-25 14:00:00,7.5954897000,7.6622004000,7.5859596000,7.6240800000,17740500
2024-03-25 15:00:00,7.6240800000,7.6336101000,7.5764295000,7.5764295000,14887500
2024-03-26 10:30:00,7.5478392000,7.7003208000,7.5383091000,7.6907907000,23354300
2024-03-26 11:30:00,7.6907907000,7.7003208000,7.6431402000,7.6717305000,11741800
2024-03-26 14:00:00,7.6622004000,7.6907907000,7.6240800000,7.6431402000,9812800
2024-03-26 15:00:00,7.6431402000,7.7003208000,7.6336101000,7.6812606000,12192400
2024-03-27 10:30:00,7.6812606000,7.7479713000,7.6050198000,7.6431402000,14869500
2024-03-27 11:30:00,7.6431402000,7.6717305000,7.5859596000,7.6431402000,8309200
2024-03-27 14:00:00,7.6240800000,7.6336101000,7.6050198000,7.6240800000,5593100
2024-03-27 15:00:00,7.6240800000,7.6526703000,7.5478392000,7.5478392000,9580700
2024-03-28 10:30:00,7.5478392000,7.5859596000,7.4715984000,7.5383091000,9841600
2024-03-28 11:30:00,7.5383091000,7.6526703000,7.5287790000,7.6431402000,7318200
2024-03-28 14:00:00,7.6336101000,7.7098509000,7.5954897000,7.6717305000,12447200
2024-03-28 15:00:00,7.6717305000,7.6717305000,7.6050198000,7.6526703000,7468700
2024-03-29 10:30:00,7.7003208000,7.8146820000,7.6050198000,7.7670315000,23665800
2024-03-29 11:30:00,7.7670315000,7.8051519000,7.7098509000,7.7384412000,13214500
2024-03-29 14:00:00,7.7575014000,7.8146820000,7.7384412000,7.7956218000,13719200
2024-03-29 15:00:00,7.7956218000,7.8242121000,7.7860917000,7.8242121000,12611300
2024-04-01 10:30:00,7.8623325000,8.1768258000,7.8623325000,8.1768258000,46751600
2024-04-01 11:30:00,8.1768258000,8.1768258000,8.0624646000,8.1291753000,16437800
2024-04-01 14:00:00,8.1291753000,8.1291753000,8.0719947000,8.0910549000,9344200
2024-04-01 15:00:00,8.0910549000,8.1196452000,8.0719947000,8.1101151000,10527500
2024-04-02 10:30:00,8.1196452000,8.2054161000,8.0434044000,8.0434044000,20682300
2024-04-02 11:30:00,8.0434044000,8.0910549000,8.0338743000,8.0529345000,6215700
2024-04-02 14:00:00,8.0529345000,8.0910549000,8.0052840000,8.0815248000,7430400
2024-04-02 15:00:00,8.0815248000,8.1005850000,8.0624646000,8.0910549000,8069600
2024-04-03 10:30:00,8.0910549000,8.0910549000,8.0052840000,8.0529345000,11112100
2024-04-03 11:30:00,8.0529345000,8.0529345000,8.0052840000,8.0338743000,5769100
2024-04-03 14:00:00,8.0338743000,8.1005850000,8.0338743000,8.0719947000,6257000
2024-04-03 15:00:00,8.0719947000,8.1005850000,8.0338743000,8.0815248000,10077300
2024-04-08 10:30:00,7.9671636000,8.2244763000,7.9671636000,8.2054161000,23435800
2024-04-08 11:30:00,8.2054161000,8.3102472000,8.1958860000,8.2625967000,15924900
2024-04-08 14:00:00,8.2625967000,8.3293074000,8.2435365000,8.2625967000,14699000
2024-04-08 15:00:00,8.2625967000,8.2911870000,8.2244763000,8.2530666000,11695300
2024-04-09 10:30:00,8.2244763000,8.3578977000,8.1196452000,8.1672957000,19041200
2024-04-09 11:30:00,8.1672957000,8.1863559000,8.1387054000,8.1482355000,5284800
2024-04-09 14:00:00,8.1482355000,8.1863559000,8.1101151000,8.1196452000,9085000
2024-04-09 15:00:00,8.1196452000,8.1672957000,8.1196452000,8.1291753000,7396400
2024-04-10 10:30:00,8.1387054000,8.4913191000,8.1387054000,8.3674278000,43949400
2024-04-10 11:30:00,8.3674278000,8.4246084000,8.3483676000,8.4055482000,8917100
2024-04-10 14:00:00,8.4055482000,8.4150783000,8.3102472000,8.3197773000,10163900
2024-04-10 15:00:00,8.3293074000,8.4055482000,8.3197773000,8.3769579000,13454500
2024-04-11 10:30:00,8.3293074000,8.6819211000,8.2911870000,8.6819211000,46637200
2024-04-11 11:30:00,8.6819211000,8.8439328000,8.6723910000,8.7009813000,31221800
2024-04-11 14:00:00,8.7009813000,8.7486318000,8.6723910000,8.7009813000,14306500
2024-04-11 15:00:00,8.7009813000,8.7200415000,8.6723910000,8.6914512000,15659900
2024-04-12 10:30:00,8.6914512000,8.7295716000,8.5770900000,8.6628609000,19824000
2024-04-12 11:30:00,8.6628609000,8.7295716000,8.6533308000,8.7105114000,9692100
2024-04-12 14:00:00,8.7009813000,8.7105114000,8.6342706000,8.6628609000,8140600
2024-04-12 15:00:00,8.6628609000,8.6723910000,8.5961502000,8.6247405000,10589200
2024-04-15 10:30:00,8.6152104000,8.8534629000,8.5675599000,8.8534629000,41710400
2024-04-15 11:30:00,8.8534629000,8.8534629000,8.7295716000,8.7867522000,13172900
2024-04-15 14:00:00,8.7867522000,8.8534629000,8.7772221000,8.8153425000,14802000
2024-04-15 15:00:00,8.8153425000,8.8153425000,8.7105114000,8.8153425000,15128300
2024-04-16 10:30:00,8.7486318000,8.7581619000,8.5294395000,8.5866201000,33514300
2024-04-16 11:30:00,8.5866201000,8.6723910000,8.5675599000,8.6723910000,7967400
2024-04-16 14:00:00,8.6628609000,8.7962823000,8.6438007000,8.7486318000,10901100
2024-04-16 15:00:00,8.7486318000,8.7581619000,8.6342706000,8.6438007000,10506300
2024-04-17 10:30:00,8.6247405000,8.6819211000,8.4913191000,8.5866201000,25991300
2024-04-17 11:30:00,8.5866201000,8.6723910000,8.5675599000,8.6152104000,11072700
2024-04-17 14:00:00,8.6152104000,8.9297037000,8.6152104000,8.8915833000,27446200
2024-04-17 15:00:00,8.8915833000,8.9297037000,8.8534629000,8.9106435000,21170100
2024-04-18 10:30:00,8.8629930000,9.0821853000,8.7772221000,8.8534629000,34939300
2024-04-18 11:30:00,8.8534629000,8.9201736000,8.8344027000,8.8629930000,8689300
2024-04-18 14:00:00,8.8439328000,8.8439328000,8.7486318000,8.8153425000,11950500
2024-04-18 15:00:00,8.8153425000,8.8439328000,8.7295716000,8.7867522000,11454100
2024-04-19 10:30:00,8.6914512000,8.8439328000,8.6819211000,8.7867522000,16072000
2024-04-19 11:30:00,8.7772221000,8.8439328000,8.7200415000,8.7676920000,8904200
2024-04-19 14:00:00,8.7581619000,8.7867522000,8.7009813000,8.7009813000,7305500
2024-04-19 15:00:00,8.7009813000,8.7772221000,8.7009813000,8.7772221000,8859200
2024-04-22 10:30:00,8.7486318000,8.8153425000,8.5484997000,8.5866201000,28686500
2024-04-22 11:30:00,8.5866201000,8.6152104000,8.5103793000,8.5294395000,13752900
2024-04-22 14:00:00,8.5294395000,8.5294395000,8.3483676000,8.4627288000,33116600
2024-04-22 15:00:00,8.4627288000,8.4913191000,8.3864880000,8.4055482000,16695400
2024-04-23 10:30:00,8.4055482000,8.4246084000,8.1768258000,8.1863559000,33626500
2024-04-23 11:30:00,8.1863559000,8.2625967000,8.1672957000,8.2149462000,10216800
2024-04-23 14:00:00,8.2149462000,8.2149462000,8.1577656000,8.1672957000,9532000
2024-04-23 15:00:00,8.1672957000,8.1958860000,8.1196452000,8.1672957000,15029700
2024-04-24 10:30:00,8.1958860000,8.2340064000,8.1101151000,8.1387054000,24827500
2024-04-24 11:30:00,8.1482355000,8.1577656000,8.0624646000,8.0910549000,14482700
2024-04-24 14:00:00,8.0910549000,8.1958860000,8.0719947000,8.1863559000,11559700
2024-04-24 15:00:00,8.1863559000,8.1863559000,8.1291753000,8.1863559000,10102300
2024-04-25 10:30:00,8.1387054000,8.2530666000,8.1291753000,8.2244763000,12452100
2024-04-25 11:30:00,8.2244763000,8.2435365000,8.1387054000,8.1387054000,7739500
2024-04-25 14:00:00,8.1482355000,8.1768258000,8.1291753000,8.1387054000,7295600
2024-04-25 15:00:00,8.1387054000,8.1672957000,8.1005850000,8.1387054000,12557600
2024-04-26 10:30:00,8.1101151000,8.1863559000,8.0148141000,8.1196452000,24146500
2024-04-26 11:30:00,8.1196452000,8.2149462000,8.1101151000,8.1863559000,14425500
2024-04-26 14:00:00,8.1863559000,8.1958860000,8.1482355000,8.1672957000,8952000
2024-04-26 15:00:00,8.1672957000,8.2340064000,8.1577656000,8.2149462000,16656700
2024-04-29 10:30:00,8.2149462000,8.3102472000,8.1196452000,8.1387054000,23496400
2024-04-29 11:30:00,8.1387054000,8.1482355000,8.1005850000,8.1291753000,12307100
2024-04-29 14:00:00,8.1291753000,8.1577656000,8.0910549000,8.1291753000,10245500
2024-04-29 15:00:00,8.1291753000,8.1387054000,8.1005850000,8.1005850000,13360800
2024-04-30 10:30:00,8.1196452000,8.1196452000,7.9004529000,7.9481034000,43749800
2024-04-30 11:30:00,7.9481034000,8.0815248000,7.9481034000,8.0624646000,14129800
2024-04-30 14:00:00,8.0624646000,8.1196452000,8.0434044000,8.1101151000,9320900
2024-04-30 15:00:00,8.1101151000,8.1482355000,8.0815248000,8.1101151000,14159700
2024-05-06 10:30:00,8.1196452000,8.2625967000,7.9099830000,8.2625967000,45352900
2024-05-06 11:30:00,8.2625967000,8.3197773000,8.1958860000,8.3102472000,27318000
2024-05-06 14:00:00,8.3197773000,8.4246084000,8.3007171000,8.3197773000,19673000
2024-05-06 15:00:00,8.3197773000,8.3960181000,8.3102472000,8.3674278000,21179400
2024-05-07 10:30:00,8.2911870000,8.4055482000,8.1768258000,8.3197773000,37082000
2024-05-07 11:30:00,8.3197773000,8.3578977000,8.2530666000,8.2721268000,11624900
2024-05-07 14:00:00,8.2721268000,8.3293074000,8.2721268000,8.3102472000,7718000
2024-05-07 15:00:00,8.3102472000,8.3197773000,8.2721268000,8.2911870000,10902100
2024-05-08 10:30:00,8.2816569000,8.2816569000,8.1672957000,8.1958860000,16101200
2024-05-08 11:30:00,8.1958860000,8.2340064000,8.1958860000,8.2244763000,5078500
2024-05-08 14:00:00,8.2340064000,8.2340064000,8.1863559000,8.2244763000,5327600
2024-05-08 15:00:00,8.2244763000,8.2340064000,8.1863559000,8.1958860000,7991600
2024-05-09 10:30:00,8.1863559000,8.5961502000,8.1768258000,8.5484997000,42590200
2024-05-09 11:30:00,8.5484997000,8.7009813000,8.5389696000,8.6819211000,21107600
2024-05-09 14:00:00,8.6723910000,8.7676920000,8.6628609000,8.6914512000,16635400
2024-05-09 15:00:00,8.6914512000,8.6914512000,8.6152104000,8.6533308000,18224000
2024-05-10 10:30:00,8.6342706000,8.6438007000,8.4722589000,8.4817890000,20271500
2024-05-10 11:30:00,8.4817890000,8.5389696000,8.4436686000,8.5294395000,10698300
2024-05-10 14:00:00,8.5294395000,8.6056803000,8.5103793000,8.5961502000,9604200
2024-05-10 15:00:00,8.5866201000,8.5961502000,8.5294395000,8.5675599000,9541000
2024-05-13 10:30:00,8.5008492000,8.5770900000,8.3960181000,8.5770900000,23101500
2024-05-13 11:30:00,8.5770900000,8.6152104000,8.5389696000,8.6152104000,10501400
2024-05-13 14:00:00,8.6056803000,8.6152104000,8.4913191000,8.5199094000,9139700
2024-05-13 15:00:00,8.5199094000,8.5389696000,8.4817890000,8.5199094000,8582500
2024-05-14 10:30:00,8.5008492000,8.6056803000,8.3197773000,8.3864880000,28130100
2024-05-14 11:30:00,8.3864880000,8.4055482000,8.3293074000,8.3769579000,6952600
2024-05-14 14:00:00,8.3769579000,8.3769579000,8.3102472000,8.3483676000,8242400
2024-05-14 15:00:00,8.3483676000,8.3578977000,8.2911870000,8.3102472000,12795700
2024-05-15 10:30:00,8.2530666000,8.4055482000,8.2435365000,8.3197773000,15958000
2024-05-15 11:30:00,8.3197773000,8.3293074000,8.2816569000,8.3102472000,6517400
2024-05-15 14:00:00,8.3102472000,8.3578977000,8.2816569000,8.2816569000,6803100
2024-05-15 15:00:00,8.2816569000,8.3102472000,8.2625967000,8.2721268000,7225500
2024-05-16 10:30:00,8.2625967000,8.3197773000,8.1768258000,8.2625967000,13708500
2024-05-16 11:30:00,8.2721268000,8.3197773000,8.2054161000,8.2721268000,6621900
2024-05-16 14:00:00,8.2625967000,8.3102472000,8.2340064000,8.2625967000,5529300
2024-05-16 15:00:00,8.2625967000,8.2625967000,8.1768258000,8.2054161000,8856600
2024-05-17 10:30:00,8.1863559000,8.2149462000,7.8909228000,7.9099830000,31597400
2024-05-17 11:30:00,7.9099830000,7.9957539000,7.8909228000,7.9766937000,9932900
2024-05-17 14:00:00,7.9671636000,7.9862238000,7.8909228000,7.9099830000,12986400
2024-05-17 15:00:00,7.9099830000,7.9862238000,7.9099830000,7.9862238000,12470400
2024-05-20 10:30:00,7.9862238000,8.0148141000,7.8623325000,7.9576335000,27643400
2024-05-20 11:30:00,7.9576335000,8.0434044000,7.9385733000,7.9957539000,10462200
2024-05-20 14:00:00,7.9957539000,8.0910549000,7.9671636000,8.0529345000,11232200
2024-05-20 15:00:00,8.0529345000,8.0624646000,8.0243442000,8.0434044000,8183400
2024-05-21 10:30:00,8.0052840000,8.1101151000,7.9957539000,8.0338743000,14280300
2024-05-21 11:30:00,8.0338743000,8.0719947000,7.9957539000,8.0338743000,6004800
2024-05-21 14:00:00,8.0243442000,8.0434044000,7.9957539000,8.0338743000,4583000
2024-05-21 15:00:00,8.0338743000,8.0529345000,7.9957539000,8.0529345000,7105400
2024-05-22 10:30:00,8.0434044000,8.0624646000,7.9290432000,8.0338743000,13842400
2024-05-22 11:30:00,8.0338743000,8.0338743000,7.9576335000,7.9766937000,5859300
2024-05-22 14:00:00,7.9766937000,7.9766937000,7.9290432000,7.9481034000,5671600
2024-05-22 15:00:00,7.9481034000,7.9576335000,7.8909228000,7.9195131000,12077700
2024-05-23 10:30:00,7.8813927000,7.9385733000,7.8337422000,7.8528024000,13736300
2024-05-23 11:30:00,7.8528024000,7.8813927000,7.7670315000,7.7765616000,13001000
2024-05-23 14:00:00,7.7670315000,7.7956218000,7.7098509000,7.7098509000,14954600
2024-05-23 15:00:00,7.7098509000,7.7765616000,7.7098509000,7.7575014000,12777100
2024-05-24 10:30:00,7.7670315000,7.9385733000,7.7384412000,7.8337422000,23485700
2024-05-24 11:30:00,7.8337422000,7.9290432000,7.8146820000,7.8623325000,7245100
2024-05-24 14:00:00,7.8623325000,7.9099830000,7.8432723000,7.8909228000,6578400
2024-05-24 15:00:00,7.8909228000,7.9099830000,7.8528024000,7.8623325000,9993700
2024-05-27 10:30:00,7.8146820000,7.9385733000,7.7956218000,7.8528024000,13623700
2024-05-27 11:30:00,7.8528024000,7.9099830000,7.8432723000,7.9004529000,6649200
2024-05-27 14:00:00,7.9004529000,7.9004529000,7.8432723000,7.8813927000,6346200
2024-05-27 15:00:00,7.8813927000,7.9290432000,7.8718626000,7.9099830000,7755500
2024-05-28 10:30:00,7.9195131000,7.9481034000,7.7956218000,7.8146820000,14278900
2024-05-28 11:30:00,7.8146820000,7.8528024000,7.7956218000,7.7956218000,5309600
2024-05-28 14:00:00,7.7956218000,7.8242121000,7.7765616000,7.7765616000,5487900
2024-05-28 15:00:00,7.7765616000,7.7860917000,7.7479713000,7.7765616000,8831800
2024-05-29 10:30:00,7.7479713000,7.7765616000,7.6526703000,7.7479713000,12213300
2024-05-29 11:30:00,7.7479713000,7.7575014000,7.6717305000,7.7003208000,5900300
2024-05-29 14:00:00,7.7098509000,7.7289111000,7.6526703000,7.6622004000,6621600
2024-05-29 15:00:00,7.6622004000,7.6717305000,7.6336101000,7.6526703000,12645900
2024-05-30 10:30:00,7.6431402000,7.6526703000,7.5764295000,7.5859596000,15967700
2024-05-30 11:30:00,7.5859596000,7.5954897000,7.5383091000,7.5478392000,14256200
2024-05-30 14:00:00,7.5287790000,7.5478392000,7.5001887000,7.5192489000,14010700
2024-05-30 15:00:00,7.5192489000,7.5383091000,7.4811285000,7.5001887000,13148200
2024-05-31 10:30:00,7.5287790000,7.6622004000,7.5287790000,7.6526703000,19040800
2024-05-31 11:30:00,7.6526703000,7.6717305000,7.6145499000,7.6622004000,9337700
2024-05-31 14:00:00,7.6717305000,7.6717305000,7.6050198000,7.6526703000,6253400
2024-05-31 15:00:00,7.6526703000,7.6717305000,7.6336101000,7.6526703000,15851300
2024-06-03 10:30:00,7.6240800000,7.7575014000,7.6050198000,7.7479713000,16538500
2024-06-03 11:30:00,7.7479713000,7.7670315000,7.6622004000,7.6622004000,11147000
2024-06-03 14:00:00,7.6622004000,7.7384412000,7.6526703000,7.6907907000,10556900
2024-06-03 15:00:00,7.6907907000,7.7289111000,7.6622004000,7.7003208000,9133800
2024-06-04 10:30:00,7.6717305000,7.7479713000,7.6145499000,7.6717305000,13906600
2024-06-04 11:30:00,7.6717305000,7.7860917000,7.6622004000,7.7670315000,7265000
2024-06-04 14:00:00,7.7670315000,7.8242121000,7.7479713000,7.8242121000,11298900
2024-06-04 15:00:00,7.8242121000,7.8528024000,7.8051519000,7.8337422000,10284800
2024-06-05 10:30:00,7.8242121000,7.8528024000,7.6336101000,7.6431402000,18941100
2024-06-05 11:30:00,7.6431402000,7.6717305000,7.5954897000,7.6050198000,11336400
2024-06-05 14:00:00,7.6050198000,7.6050198000,7.5668994000,7.5859596000,8673900
2024-06-05 15:00:00,7.5859596000,7.5954897000,7.5383091000,7.5573693000,10183400
2024-06-06 10:30:00,7.5383091000,7.6145499000,7.4811285000,7.5097188000,20149700
2024-06-06 11:30:00,7.5097188000,7.5764295000,7.4906586000,7.5573693000,8509200
2024-06-06 14:00:00,7.5573693000,7.6717305000,7.5573693000,7.6145499000,13310400
2024-06-06 15:00:00,7.6145499000,7.6431402000,7.5764295000,7.6145499000,9465300
2024-06-07 10:30:00,7.5954897000,7.8146820000,7.5954897000,7.6907907000,25408600
2024-06-07 11:30:00,7.6907907000,7.7479713000,7.6717305000,7.7193810000,7235300
2024-06-07 14:00:00,7.7098509000,7.7193810000,7.6431402000,7.6812606000,5177400
2024-06-07 15:00:00,7.6812606000,7.7670315000,7.6622004000,7.7289111000,9257000
2024-06-11 10:30:00,7.7098509000,7.7575014000,7.4811285000,7.5478392000,22910400
2024-06-11 11:30:00,7.5478392000,7.5478392000,7.4811285000,7.5097188000,10464700
2024-06-11 14:00:00,7.5097188000,7.5764295000,7.4715984000,7.5668994000,6958000
2024-06-11 15:00:00,7.5668994000,7.6240800000,7.5478392000,7.5954897000,9195300
2024-06-12 10:30:00,7.5573693000,7.6526703000,7.5097188000,7.6336101000,11030600
2024-06-12 11:30:00,7.6336101000,7.6431402000,7.5954897000,7.6240800000,4418600
2024-06-12 14:00:00,7.6145499000,7.7479713000,7.6050198000,7.7098509000,11396700
2024-06-12 15:00:00,7.7098509000,7.7289111000,7.6717305000,7.6907907000,6967800
2024-06-13 10:30:00,7.6812606000,7.7003208000,7.5954897000,7.6336101000,10734300
2024-06-13 11:30:00,7.6336101000,7.6336101000,7.5383091000,7.5478392000,6326500
2024-06-13 14:00:00,7.5478392000,7.5764295000,7.5287790000,7.5383091000,5386200
2024-06-13 15:00:00,7.5383091000,7.5573693000,7.5097188000,7.5383091000,6566600
2024-06-14 10:30:00,7.5097188000,7.6812606000,7.5097188000,7.6336101000,15855200
2024-06-14 11:30:00,7.6336101000,7.6336101000,7.5478392000,7.5764295000,6237800
2024-06-14 14:00:00,7.5668994000,7.6050198000,7.5573693000,7.5764295000,4185900
2024-06-14 15:00:00,7.5764295000,7.6240800000,7.5668994000,7.6050198000,6825400
2024-06-17 10:30:00,7.6145499000,7.6622004000,7.4620683000,7.4715984000,22486400
2024-06-17 11:30:00,7.4715984000,7.4811285000,7.4334780000,7.4334780000,7503800
2024-06-17 14:00:00,7.4334780000,7.4430081000,7.3953576000,7.4144178000,9008300
2024-06-17 15:00:00,7.4144178000,7.4334780000,7.4048877000,7.4239479000,5645500
2024-06-18 10:30:00,7.4239479000,7.4525382000,7.2714663000,7.3953576000,23850900
2024-06-18 11:30:00,7.3953576000,7.4430081000,7.3858275000,7.4430081000,10875000
2024-06-18 14:00:00,7.4525382000,7.6050198000,7.4334780000,7.5097188000,14810600
2024-06-18 15:00:00,7.5097188000,7.5573693000,7.5097188000,7.5573693000,9705100
2024-06-19 10:30:00,7.5573693000,7.5668994000,7.4144178000,7.5192489000,14873100
2024-06-19 11:30:00,7.5192489000,7.5383091000,7.4430081000,7.4525382000,5380800
2024-06-19 14:00:00,7.4620683000,7.5097188000,7.4334780000,7.4906586000,4778200
2024-06-19 15:00:00,7.4906586000,7.5001887000,7.4525382000,7.4715984000,3425000
2024-06-20 10:30:00,7.4430081000,7.5478392000,7.4048877000,7.4239479000,10245600
2024-06-20 11:30:00,7.4239479000,7.4525382000,7.3762974000,7.3953576000,6183900
2024-06-20 14:00:00,7.3953576000,7.4525382000,7.3762974000,7.4430081000,5404900
2024-06-20 15:00:00,7.4430081000,7.4620683000,7.4144178000,7.4144178000,6035400
2024-06-21 10:30:00,7.4144178000,7.5478392000,7.4144178000,7.5097188000,18089400
2024-06-21 11:30:00,7.5192489000,7.5478392000,7.4811285000,7.5192489000,8452400
2024-06-21 14:00:00,7.5287790000,7.5668994000,7.4811285000,7.5383091000,7541100
2024-06-21 15:00:00,7.5383091000,7.5478392000,7.5001887000,7.5192489000,7504100
2024-06-24 10:30:00,7.5287790000,7.6050198000,7.3953576000,7.4525382000,18567800
2024-06-24 11:30:00,7.4525382000,7.5001887000,7.4048877000,7.4906586000,6982200
2024-06-24 14:00:00,7.4906586000,7.5001887000,7.4239479000,7.4430081000,5328800
2024-06-24 15:00:00,7.4430081000,7.4906586000,7.4048877000,7.4239479000,13078300
2024-06-25 10:30:00,7.4144178000,7.5668994000,7.4048877000,7.5192489000,18595700
2024-06-25 11:30:00,7.5192489000,7.5383091000,7.4525382000,7.4620683000,5775100
2024-06-25 14:00:00,7.4620683000,7.5478392000,7.4525382000,7.4715984000,8120500
2024-06-25 15:00:00,7.4715984000,7.4811285000,7.4144178000,7.4620683000,10756200
2024-06-26 10:30:00,7.4239479000,7.4525382000,7.3286469000,7.3667673000,13002200
2024-06-26 11:30:00,7.3667673000,7.4239479000,7.3572372000,7.3762974000,3561100
2024-06-26 14:00:00,7.3762974000,7.4144178000,7.3572372000,7.4048877000,6161400
2024-06-26 15:00:00,7.4048877000,7.4715984000,7.3953576000,7.4334780000,9702800
2024-06-27 10:30:00,7.4239479000,7.4239479000,7.2238158000,7.2428760000,25164800
2024-06-27 11:30:00,7.2428760000,7.2619362000,7.1952255000,7.2619362000,15689500
2024-06-27 14:00:00,7.2524061000,7.2619362000,7.1761653000,7.1856954000,10212700
2024-06-27 15:00:00,7.1856954000,7.2142857000,7.1761653000,7.1856954000,12874300
2024-06-28 10:30:00,7.1666352000,7.3762974000,7.1666352000,7.3286469000,22590200
2024-06-28 11:30:00,7.3286469000,7.4048877000,7.3286469000,7.3762974000,13213100
2024-06-28 14:00:00,7.3762974000,7.3762974000,7.3191168000,7.3286469000,7415500
2024-06-28 15:00:00,7.3286469000,7.3381770000,7.2905265000,7.3191168000,12670500
2024-07-01 10:30:00,7.3477071000,7.4048877000,7.2809964000,7.3381770000,14572800
2024-07-01 11:30:00,7.3381770000,7.4239479000,7.3286469000,7.4144178000,7913500
2024-07-01 14:00:00,7.4144178000,7.4525382000,7.4144178000,7.4239479000,7810300
2024-07-01 15:00:00,7.4239479000,7.4430081000,7.3953576000,7.4334780000,10474600
2024-07-02 10:30:00,7.4715984000,7.5097188000,7.1380449000,7.2142857000,37123400
2024-07-02 11:30:00,7.2142857000,7.2428760000,7.0808643000,7.1380449000,15611500
2024-07-02 14:00:00,7.1380449000,7.3000566000,7.1380449000,7.2619362000,11296800
2024-07-02 15:00:00,7.2619362000,7.2905265000,7.2428760000,7.2714663000,7958300
2024-07-03 10:30:00,7.2142857000,7.2428760000,7.0618041000,7.0713342000,20389700
2024-07-03 11:30:00,7.0618041000,7.1285148000,7.0522740000,7.1285148000,12010000
2024-07-03 14:00:00,7.1285148000,7.1285148000,7.0141536000,7.0236837000,11377900
2024-07-03 15:00:00,7.0236837000,7.0427439000,7.0046235000,7.0141536000,10446800
2024-07-04 10:30:00,7.0332138000,7.0713342000,6.9379128000,6.9950934000,19521100
2024-07-04 11:30:00,6.9950934000,7.0236837000,6.9665031000,6.9760332000,5390100
2024-07-04 14:00:00,6.9760332000,7.0236837000,6.9665031000,7.0236837000,6148100
2024-07-04 15:00:00,7.0236837000,7.0236837000,6.9950934000,6.9950934000,8561300
2024-07-05 10:30:00,6.9950934000,7.0141536000,6.9283827000,6.9760332000,11726800
2024-07-05 11:30:00,6.9760332000,7.0332138000,6.9760332000,7.0236837000,6081700
2024-07-05 14:00:00,7.0236837000,7.0522740000,7.0046235000,7.0427439000,5397100
2024-07-05 15:00:00,7.0427439000,7.0618041000,7.0141536000,7.0427439000,4373800
2024-07-08 10:30:00,7.0236837000,7.0332138000,6.9379128000,6.9950934000,12391800
2024-07-08 11:30:00,6.9950934000,7.0141536000,6.9760332000,7.0046235000,5458000
2024-07-08 14:00:00,6.9950934000,6.9950934000,6.9093225000,6.9379128000,7360000
2024-07-08 15:00:00,6.9379128000,6.9569730000,6.9093225000,6.9283827000,8790700
2024-07-09 10:30:00,6.9093225000,7.0236837000,6.8902623000,6.8997924000,15567900
2024-07-09 11:30:00,6.8997924000,7.0141536000,6.8521419000,6.9760332000,12658300
2024-07-09 14:00:00,6.9760332000,7.1094546000,6.9665031000,7.0903944000,12754400
2024-07-09 15:00:00,7.0903944000,7.0999245000,7.0427439000,7.0713342000,8395300
2024-07-10 10:30:00,7.0332138000,7.0522740000,6.9474429000,6.9760332000,20223400
2024-07-10 11:30:00,6.9760332000,7.0522740000,6.9665031000,6.9950934000,7610800
2024-07-10 14:00:00,6.9950934000,7.0046235000,6.9665031000,6.9760332000,2937400
2024-07-10 15:00:00,6.9760332000,7.0046235000,6.9569730000,6.9760332000,7634700
2024-07-11 10:30:00,7.0236837000,7.1475750000,7.0236837000,7.1189847000,17664600
2024-07-11 11:30:00,7.1189847000,7.2905265000,7.1094546000,7.2905265000,15225400
2024-07-11 14:00:00,7.2905265000,7.3381770000,7.2524061000,7.2619362000,12332300
2024-07-11 15:00:00,7.2619362000,7.2714663000,7.2428760000,7.2524061000,7160800
2024-07-12 10:30:00,7.1952255000,7.2333459000,7.1094546000,7.1380449000,13240600
2024-07-12 11:30:00,7.1380449000,7.1856954000,7.0999245000,7.1094546000,5207300
2024-07-12 14:00:00,7.1094546000,7.1285148000,7.0808643000,7.1285148000,6013200
2024-07-12 15:00:00,7.1189847000,7.1285148000,7.0903944000,7.0903944000,7494300
2024-07-15 10:30:00,7.0522740000,7.1285148000,7.0236837000,7.0427439000,11367600
2024-07-15 11:30:00,7.0427439000,7.0427439000,6.9950934000,7.0141536000,6841500
2024-07-15 14:00:00,7.0141536000,7.0522740000,7.0141536000,7.0332138000,3262100
2024-07-15 15:00:00,7.0332138000,7.0522740000,7.0141536000,7.0332138000,5125700
2024-07-16 10:30:00,7.0332138000,7.0427439000,6.9093225000,6.9379128000,10661900
2024-07-16 11:30:00,6.9379128000,6.9760332000,6.9283827000,6.9665031000,4793200
2024-07-16 14:00:00,6.9665031000,6.9665031000,6.9188526000,6.9474429000,5916700
2024-07-16 15:00:00,6.9474429000,6.9474429000,6.9093225000,6.9188526000,9555400
2024-07-17 10:30:00,6.9283827000,6.9474429000,6.7663710000,6.7854312000,17759200
2024-07-17 11:30:00,6.7854312000,6.7949613000,6.7473108000,6.7854312000,7706800
2024-07-17 14:00:00,6.7854312000,6.8426118000,6.7568409000,6.8330817000,8447500
2024-07-17 15:00:00,6.8330817000,6.8521419000,6.8044914000,6.8235516000,6997400
2024-07-18 10:30:00,6.8044914000,6.8616720000,6.7568409000,6.8140215000,9669500
2024-07-18 11:30:00,6.8140215000,6.8616720000,6.7949613000,6.8616720000,4934700
2024-07-18 14:00:00,6.8616720000,6.8902623000,6.8330817000,6.8521419000,5183600
2024-07-18 15:00:00,6.8616720000,6.8712021000,6.8044914000,6.8330817000,9882600
2024-07-19 10:30:00,6.8330817000,6.9188526000,6.7854312000,6.8997924000,12116600
2024-07-19 11:30:00,6.8997924000,6.9569730000,6.8902623000,6.9188526000,9457700
2024-07-19 14:00:00,6.9283827000,6.9474429000,6.8997924000,6.9188526000,4734400
2024-07-19 15:00:00,6.9093225000,6.9569730000,6.8997924000,6.9569730000,10819700
2024-07-22 10:30:00,6.9474429000,6.9569730000,6.8426118000,6.8712021000,12108300
2024-07-22 11:30:00,6.8712021000,6.9093225000,6.8140215000,6.8235516000,7549300
2024-07-22 14:00:00,6.8330817000,6.8426118000,6.7949613000,6.8044914000,6318800
2024-07-22 15:00:00,6.8044914000,6.8426118000,6.7949613000,6.8235516000,9079000
2024-07-23 10:30:00,6.8140215000,6.8616720000,6.7854312000,6.7854312000,8094500
2024-07-23 11:30:00,6.7854312000,6.7949613000,6.7568409000,6.7568409000,5253600
2024-07-23 14:00:00,6.7568409000,6.7759011000,6.7473108000,6.7473108000,5653100
2024-07-23 15:00:00,6.7473108000,6.7568409000,6.6806001000,6.6806001000,10347800
2024-07-24 10:30:00,6.6710700000,6.7282506000,6.6329496000,6.6710700000,14948000
2024-07-24 11:30:00,6.6710700000,6.7187205000,6.6234195000,6.7091904000,8503500
2024-07-24 14:00:00,6.7091904000,6.7091904000,6.6234195000,6.6424797000,9774100
2024-07-24 15:00:00,6.6424797000,6.6806001000,6.6329496000,6.6520098000,8965200
2024-07-25 10:30:00,6.6234195000,6.6424797000,6.4614078000,6.4614078000,24825100
2024-07-25 11:30:00,6.4614078000,6.5185884000,6.4232874000,6.4899981000,14486600
2024-07-25 14:00:00,6.4995282000,6.5090583000,6.4614078000,6.4899981000,10640100
2024-07-25 15:00:00,6.4899981000,6.5090583000,6.4518777000,6.4899981000,13712600
2024-07-26 10:30:00,6.5100000000,6.7500000000,6.5100000000,6.6400000000,25821300
2024-07-26 11:30:00,6.6400000000,6.6900000000,6.6000000000,6.6800000000,7797500
2024-07-26 14:00:00,6.6800000000,6.7800000000,6.6700000000,6.7400000000,11093800
2024-07-26 15:00:00,6.7400000000,6.7500000000,6.7000000000,6.7500000000,9782100
2024-07-29 10:30:00,6.7300000000,6.7500000000,6.6600000000,6.6800000000,10022000
2024-07-29 11:30:00,6.6800000000,6.7200000000,6.6700000000,6.7100000000,5826100
2024-07-29 14:00:00,6.7000000000,6.7200000000,6.6600000000,6.6700000000,6023200
2024-07-29 15:00:00,6.6700000000,6.6900000000,6.6500000000,6.6700000000,6978600
2024-07-30 10:30:00,6.6300000000,6.6400000000,6.4800000000,6.5200000000,14069900
2024-07-30 11:30:00,6.5200000000,6.5900000000,6.5200000000,6.5700000000,3204100
2024-07-30 14:00:00,6.5600000000,6.5700000000,6.5200000000,6.5400000000,4848800
2024-07-30 15:00:00,6.5400000000,6.6100000000,6.5400000000,6.5800000000,7416700
2024-07-31 10:30:00,6.6000000000,6.6800000000,6.5300000000,6.6700000000,13584100
2024-07-31 11:30:00,6.6700000000,6.7500000000,6.6600000000,6.7500000000,8926400
2024-07-31 14:00:00,6.7500000000,6.7800000000,6.7200000000,6.7600000000,9098500
2024-07-31 15:00:00,6.7600000000,6.7600000000,6.7100000000,6.7300000000,8561000
2024-08-01 10:30:00,6.7500000000,6.8200000000,6.7200000000,6.7400000000,15780300
2024-08-01 11:30:00,6.7400000000,6.7400000000,6.6900000000,6.7000000000,7394200
2024-08-01 14:00:00,6.7100000000,6.7700000000,6.7100000000,6.7600000000,6617200
2024-08-01 15:00:00,6.7600000000,6.7600000000,6.7100000000,6.7100000000,5792000
2024-08-02 10:30:00,6.6700000000,6.6900000000,6.5600000000,6.6300000000,11175800
2024-08-02 11:30:00,6.6300000000,6.6500000000,6.6000000000,6.6000000000,4402100
2024-08-02 14:00:00,6.6100000000,6.6300000000,6.5700000000,6.5900000000,5645700
2024-08-02 15:00:00,6.5900000000,6.6100000000,6.5800000000,6.5800000000,5578700
2024-08-05 10:30:00,6.5600000000,6.6400000000,6.4800000000,6.5400000000,12642600
2024-08-05 11:30:00,6.5400000000,6.6500000000,6.5400000000,6.6200000000,8773300
2024-08-05 14:00:00,6.6300000000,6.6300000000,6.5000000000,6.5000000000,7927800
2024-08-05 15:00:00,6.5000000000,6.5300000000,6.4800000000,6.4800000000,6816400
2024-08-06 10:30:00,6.5100000000,6.5700000000,6.4800000000,6.5100000000,10562400
2024-08-06 11:30:00,6.5100000000,6.5100000000,6.4600000000,6.4600000000,6360200
2024-08-06 14:00:00,6.4700000000,6.4900000000,6.4500000000,6.4800000000,6383100
2024-08-06 15:00:00,6.4800000000,6.5400000000,6.4700000000,6.5200000000,7047800
2024-08-07 10:30:00,6.4900000000,6.6200000000,6.4900000000,6.6000000000,12810500
2024-08-07 11:30:00,6.6000000000,6.6100000000,6.5600000000,6.5900000000,3704000
2024-08-07 14:00:00,6.5900000000,6.6000000000,6.5500000000,6.5600000000,5337900
2024-08-07 15:00:00,6.5600000000,6.5600000000,6.5300000000,6.5400000000,5741500
2024-08-08 10:30:00,6.5200000000,6.5700000000,6.4500000000,6.4800000000,11757100
2024-08-08 11:30:00,6.4800000000,6.5300000000,6.4600000000,6.5100000000,4684600
2024-08-08 14:00:00,6.5200000000,6.5200000000,6.4700000000,6.4800000000,4435700
2024-08-08 15:00:00,6.4800000000,6.5000000000,6.4700000000,6.4900000000,4869700
2024-08-09 10:30:00,6.5100000000,6.6800000000,6.5100000000,6.6000000000,24469800
2024-08-09 11:30:00,6.6000000000,6.6100000000,6.5700000000,6.5700000000,4573800
2024-08-09 14:00:00,6.5800000000,6.5800000000,6.5200000000,6.5200000000,5606600
2024-08-09 15:00:00,6.5200000000,6.5300000000,6.4500000000,6.4700000000,10606500
2024-08-12 10:30:00,6.4700000000,6.5200000000,6.4200000000,6.5100000000,10659800
2024-08-12 11:30:00,6.5100000000,6.5100000000,6.4600000000,6.4600000000,5193700
2024-08-12 14:00:00,6.4700000000,6.5000000000,6.4500000000,6.4600000000,5119600
2024-08-12 15:00:00,6.4500000000,6.4700000000,6.4400000000,6.4700000000,5763900
2024-08-13 10:30:00,6.4600000000,6.5200000000,6.3100000000,6.3400000000,20596000
2024-08-13 11:30:00,6.3400000000,6.3700000000,6.3300000000,6.3600000000,6458600
2024-08-13 14:00:00,6.3600000000,6.4100000000,6.3600000000,6.3900000000,7105200
2024-08-13 15:00:00,6.3800000000,6.4400000000,6.3600000000,6.4400000000,6653100
2024-08-14 10:30:00,6.4400000000,6.4500000000,6.3300000000,6.3400000000,8538700
2024-08-14 11:30:00,6.3400000000,6.3700000000,6.3300000000,6.3400000000,2984300
2024-08-14 14:00:00,6.3500000000,6.3700000000,6.3300000000,6.3400000000,4846400
2024-08-14 15:00:00,6.3300000000,6.3400000000,6.3000000000,6.3100000000,9294800
2024-08-15 10:30:00,6.2900000000,6.4600000000,6.2700000000,6.4500000000,19741900
2024-08-15 11:30:00,6.4500000000,6.5000000000,6.4400000000,6.4800000000,10465700
2024-08-15 14:00:00,6.4900000000,6.5000000000,6.4500000000,6.4600000000,7728600
2024-08-15 15:00:00,6.4500000000,6.5000000000,6.4500000000,6.4900000000,9125200
2024-08-16 10:30:00,6.4900000000,6.5900000000,6.4800000000,6.5300000000,17010800
2024-08-16 11:30:00,6.5300000000,6.5500000000,6.5100000000,6.5200000000,5399700
2024-08-16 14:00:00,6.5200000000,6.5500000000,6.4700000000,6.4700000000,7210400
2024-08-16 15:00:00,6.4700000000,6.5100000000,6.4600000000,6.4800000000,9354200
2024-08-19 10:30:00,6.4800000000,6.6900000000,6.4700000000,6.6800000000,19339700
2024-08-19 11:30:00,6.6800000000,6.7100000000,6.6300000000,6.7100000000,11188400
2024-08-19 14:00:00,6.7100000000,6.7300000000,6.6600000000,6.7000000000,8222300
2024-08-19 15:00:00,6.7000000000,6.7300000000,6.6800000000,6.7300000000,12108400
2024-08-20 10:30:00,6.7600000000,6.7800000000,6.6200000000,6.6200000000,17899000
2024-08-20 11:30:00,6.6200000000,6.6400000000,6.6100000000,6.6200000000,5532400
2024-08-20 14:00:00,6.6200000000,6.6400000000,6.6100000000,6.6300000000,4591800
2024-08-20 15:00:00,6.6300000000,6.6500000000,6.6000000000,6.6500000000,7184400
2024-08-21 10:30:00,6.6000000000,6.6700000000,6.5300000000,6.5600000000,11920800
2024-08-21 11:30:00,6.5600000000,6.5800000000,6.5300000000,6.5500000000,6918500
2024-08-21 14:00:00,6.5600000000,6.5600000000,6.5000000000,6.5100000000,5677600
2024-08-21 15:00:00,6.5100000000,6.5100000000,6.4300000000,6.4700000000,13091000
2024-08-22 10:30:00,6.4500000000,6.5100000000,6.4100000000,6.4800000000,8918800
2024-08-22 11:30:00,6.4800000000,6.4900000000,6.4100000000,6.4500000000,5834400
2024-08-22 14:00:00,6.4500000000,6.4700000000,6.4000000000,6.4100000000,3787300
2024-08-22 15:00:00,6.4100000000,6.4100000000,6.3700000000,6.3800000000,7992500
2024-08-23 10:30:00,6.3900000000,6.5500000000,6.3600000000,6.4300000000,15387400
2024-08-23 11:30:00,6.4300000000,6.5100000000,6.4100000000,6.4700000000,7262200
2024-08-23 14:00:00,6.4800000000,6.4800000000,6.4400000000,6.4700000000,2372300
2024-08-23 15:00:00,6.4600000000,6.5200000000,6.4500000000,6.5000000000,5179300
2024-08-26 10:30:00,6.5000000000,6.5600000000,6.3800000000,6.5400000000,13939700
2024-08-26 11:30:00,6.5400000000,6.5600000000,6.5100000000,6.5500000000,4656800
2024-08-26 14:00:00,6.5500000000,6.5500000000,6.4200000000,6.4400000000,5209200
2024-08-26 15:00:00,6.4400000000,6.4800000000,6.4200000000,6.4600000000,6978200
2024-08-27 10:30:00,6.4600000000,6.4800000000,6.3800000000,6.4000000000,8523300
2024-08-27 11:30:00,6.4000000000,6.4000000000,6.3400000000,6.3500000000,7742300
2024-08-27 14:00:00,6.3600000000,6.3700000000,6.3400000000,6.3600000000,3050700
2024-08-27 15:00:00,6.3600000000,6.3700000000,6.3300000000,6.3600000000,6305900
2024-08-28 10:30:00,6.3300000000,6.4100000000,6.3000000000,6.3100000000,10854000
2024-08-28 11:30:00,6.3100000000,6.3600000000,6.3000000000,6.3400000000,8005400
2024-08-28 14:00:00,6.3400000000,6.3400000000,6.3000000000,6.3400000000,5859700
2024-08-28 15:00:00,6.3400000000,6.3600000000,6.3100000000,6.3500000000,7494200
2024-08-29 10:30:00,6.3100000000,6.3400000000,6.2900000000,6.3400000000,9605300
2024-08-29 11:30:00,6.3400000000,6.3600000000,6.2900000000,6.3100000000,8526200
2024-08-29 14:00:00,6.3100000000,6.3100000000,6.2800000000,6.3000000000,6894300
2024-08-29 15:00:00,6.3000000000,6.3000000000,6.2600000000,6.2600000000,13613800
2024-08-30 10:30:00,6.2800000000,6.3400000000,6.0800000000,6.3400000000,38321500
2024-08-30 11:30:00,6.3400000000,6.3900000000,6.3200000000,6.3600000000,12586500
2024-08-30 14:00:00,6.3600000000,6.4200000000,6.3500000000,6.4000000000,13572200
2024-08-30 15:00:00,6.4000000000,6.4200000000,6.3100000000,6.3200000000,15076200
2024-09-02 10:30:00,6.3100000000,6.3300000000,6.1900000000,6.2000000000,24881600
2024-09-02 11:30:00,6.2000000000,6.2200000000,6.1800000000,6.1900000000,11363900
2024-09-02 14:00:00,6.1900000000,6.2400000000,6.1800000000,6.1900000000,9860200
2024-09-02 15:00:00,6.1900000000,6.2000000000,6.1400000000,6.1400000000,12540400
2024-09-03 10:30:00,6.1400000000,6.1700000000,6.0700000000,6.0800000000,19129100
2024-09-03 11:30:00,6.0800000000,6.1000000000,6.0400000000,6.0400000000,13275300
2024-09-03 14:00:00,6.0500000000,6.0900000000,6.0400000000,6.0900000000,9836000
2024-09-03 15:00:00,6.0900000000,6.1400000000,6.0700000000,6.1200000000,10410900
2024-09-04 10:30:00,6.0800000000,6.0800000000,6.0100000000,6.0200000000,16007400
2024-09-04 11:30:00,6.0200000000,6.0500000000,6.0100000000,6.0100000000,8607200
2024-09-04 14:00:00,6.0200000000,6.0400000000,5.9900000000,6.0400000000,13007200
2024-09-04 15:00:00,6.0400000000,6.0400000000,6.0000000000,6.0300000000,8748300
2024-09-05 10:30:00,6.0400000000,6.1000000000,6.0100000000,6.0500000000,11601600
2024-09-05 11:30:00,6.0400000000,6.0700000000,6.0000000000,6.0200000000,8140400
2024-09-05 14:00:00,6.0200000000,6.0200000000,5.9900000000,5.9900000000,8035700
2024-09-05 15:00:00,5.9900000000,6.0300000000,5.9900000000,6.0200000000,9794300
2024-09-06 10:30:00,6.0100000000,6.0400000000,5.9800000000,6.0300000000,9537200
2024-09-06 11:30:00,6.0300000000,6.0300000000,5.9800000000,5.9800000000,5578200
2024-09-06 14:00:00,5.9800000000,6.0100000000,5.9700000000,5.9700000000,5082300
2024-09-06 15:00:00,5.9700000000,5.9900000000,5.9400000000,5.9500000000,9247200
2024-09-09 10:30:00,5.9300000000,5.9300000000,5.8300000000,5.8300000000,18420200
2024-09-09 11:30:00,5.8300000000,5.8500000000,5.8100000000,5.8300000000,7147300
2024-09-09 14:00:00,5.8300000000,5.8300000000,5.7800000000,5.7900000000,8251700
2024-09-09 15:00:00,5.7900000000,5.8400000000,5.7800000000,5.8300000000,9846900
2024-09-10 10:30:00,5.8500000000,5.8600000000,5.7700000000,5.8000000000,10867600
2024-09-10 11:30:00,5.8000000000,5.8100000000,5.7600000000,5.7800000000,4676500
2024-09-10 14:00:00,5.7800000000,5.8800000000,5.7800000000,5.8700000000,13309600
2024-09-10 15:00:00,5.8700000000,5.9200000000,5.8500000000,5.9000000000,10481200
2024-09-11 10:30:00,5.8600000000,5.9300000000,5.8300000000,5.9100000000,10879800
2024-09-11 11:30:00,5.9100000000,5.9900000000,5.9100000000,5.9400000000,9883900
2024-09-11 14:00:00,5.9500000000,6.0000000000,5.9300000000,5.9900000000,9166900
2024-09-11 15:00:00,5.9900000000,6.0000000000,5.9700000000,5.9900000000,9680400
2024-09-12 10:30:00,6.0000000000,6.1000000000,5.9600000000,5.9800000000,17160100
2024-09-12 11:30:00,5.9700000000,5.9800000000,5.9300000000,5.9500000000,4394900
2024-09-12 14:00:00,5.9500000000,5.9700000000,5.9100000000,5.9100000000,4795100
2024-09-12 15:00:00,5.9100000000,5.9200000000,5.8600000000,5.8700000000,11139300
2024-09-13 10:30:00,5.8500000000,5.8800000000,5.8100000000,5.8200000000,12179400
2024-09-13 11:30:00,5.8200000000,5.8200000000,5.7800000000,5.7800000000,8374900
2024-09-13 14:00:00,5.7800000000,5.8200000000,5.7700000000,5.7800000000,5477100
2024-09-13 15:00:00,5.7800000000,5.7900000000,5.7500000000,5.7500000000,9244600
2024-09-18 10:30:00,5.7600000000,5.8300000000,5.7300000000,5.8300000000,11614900
2024-09-18 11:30:00,5.8300000000,5.8800000000,5.8300000000,5.8500000000,8652900
2024-09-18 14:00:00,5.8500000000,5.9100000000,5.8100000000,5.9100000000,9007200
2024-09-18 15:00:00,5.9100000000,5.9500000000,5.8900000000,5.9200000000,10389000
2024-09-19 10:30:00,5.9700000000,6.1000000000,5.9000000000,6.0900000000,23546100
2024-09-19 11:30:00,6.0900000000,6.1000000000,6.0000000000,6.0600000000,10699800
2024-09-19 14:00:00,6.0600000000,6.0800000000,6.0100000000,6.0200000000,13229000
2024-09-19 15:00:00,6.0200000000,6.0400000000,6.0100000000,6.0300000000,13109200
2024-09-20 10:30:00,6.0100000000,6.0100000000,5.8700000000,5.9700000000,20865700
2024-09-20 11:30:00,5.9700000000,5.9900000000,5.9300000000,5.9300000000,8402800
2024-09-20 14:00:00,5.9400000000,5.9400000000,5.8800000000,5.9100000000,7488700
2024-09-20 15:00:00,5.9100000000,5.9800000000,5.9000000000,5.9700000000,11983500
2024-09-23 10:30:00,5.9900000000,6.1100000000,5.9700000000,6.1100000000,24797600
2024-09-23 11:30:00,6.1100000000,6.1200000000,6.0600000000,6.1000000000,10222600
2024-09-23 14:00:00,6.1000000000,6.1000000000,6.0500000000,6.0700000000,8466800
2024-09-23 15:00:00,6.0700000000,6.1000000000,6.0700000000,6.1000000000,9469300
2024-09-24 10:30:00,6.1200000000,6.1900000000,6.0900000000,6.1300000000,19742700
2024-09-24 11:30:00,6.1300000000,6.2100000000,6.1200000000,6.2000000000,15710600
2024-09-24 14:00:00,6.2000000000,6.3800000000,6.2000000000,6.3700000000,30305700
2024-09-24 15:00:00,6.3700000000,6.4000000000,6.3300000000,6.3900000000,18921900
2024-09-25 10:30:00,6.5200000000,6.7400000000,6.5200000000,6.6200000000,51176600
2024-09-25 11:30:00,6.6200000000,6.6300000000,6.5300000000,6.5600000000,15767900
2024-09-25 14:00:00,6.5500000000,6.6000000000,6.4800000000,6.5000000000,15245400
2024-09-25 15:00:00,6.5000000000,6.5400000000,6.5000000000,6.5100000000,14186800
2024-09-26 10:30:00,6.5100000000,6.6000000000,6.4800000000,6.6000000000,17864500
2024-09-26 11:30:00,6.6000000000,6.6000000000,6.5400000000,6.5600000000,7785000
2024-09-26 14:00:00,6.5500000000,6.7400000000,6.5500000000,6.7400000000,23113100
2024-09-26 15:00:00,6.7400000000,6.8300000000,6.7100000000,6.8300000000,24642800
2024-09-27 10:30:00,6.9000000000,7.0400000000,6.9000000000,7.0100000000,41970200
2024-09-27 11:30:00,7.0100000000,7.2400000000,7.0000000000,7.2200000000,27133200
2024-09-27 14:00:00,7.2300000000,7.3000000000,7.0300000000,7.0500000000,28026500
2024-09-27 15:00:00,7.0500000000,7.1500000000,7.0100000000,7.1300000000,20035600
2024-09-30 10:30:00,7.3700000000,7.5500000000,7.1300000000,7.3200000000,65503700
2024-09-30 11:30:00,7.3200000000,7.4000000000,7.2300000000,7.3900000000,32993300
2024-09-30 14:00:00,7.4000000000,7.5500000000,7.4000000000,7.5400000000,47147600
2024-09-30 15:00:00,7.5400000000,7.6400000000,7.4300000000,7.5800000000,43751700
2024-10-08 10:30:00,8.3300000000,8.3300000000,7.6600000000,7.6700000000,110437700
2024-10-08 11:30:00,7.6700000000,7.7700000000,7.3600000000,7.6500000000,45372700
2024-10-08 14:00:00,7.6500000000,7.7100000000,7.4600000000,7.5400000000,28471400
2024-10-08 15:00:00,7.5400000000,7.6600000000,7.5200000000,7.6600000000,33736400
2024-10-09 10:30:00,7.4500000000,7.4500000000,7.0600000000,7.0700000000,86620700
2024-10-09 11:30:00,7.0700000000,7.0900000000,6.9000000000,6.9900000000,33027700
2024-10-09 14:00:00,6.9900000000,7.1700000000,6.9900000000,7.0600000000,25789800
2024-10-09 15:00:00,7.0600000000,7.1000000000,6.8900000000,6.8900000000,29932600
2024-10-10 10:30:00,6.9100000000,7.1500000000,6.8900000000,6.9700000000,47796200
2024-10-10 11:30:00,6.9700000000,7.2500000000,6.9500000000,7.2100000000,32371900
2024-10-10 14:00:00,7.2100000000,7.3300000000,7.2000000000,7.2300000000,29220600
2024-10-10 15:00:00,7.2300000000,7.2500000000,7.1200000000,7.1300000000,20793800
2024-10-11 10:30:00,7.1300000000,7.1300000000,6.9900000000,7.0100000000,27911000
2024-10-11 11:30:00,7.0100000000,7.0200000000,6.9500000000,6.9600000000,13609400
2024-10-11 14:00:00,6.9600000000,7.0200000000,6.9100000000,6.9200000000,11979200
2024-10-11 15:00:00,6.9200000000,6.9400000000,6.8700000000,6.9300000000,17322700
2024-10-14 10:30:00,6.9700000000,7.1300000000,6.9400000000,7.0300000000,35092300
2024-10-14 11:30:00,7.0300000000,7.1200000000,7.0200000000,7.1100000000,16795000
2024-10-14 14:00:00,7.1200000000,7.1300000000,7.0600000000,7.0700000000,13302800
2024-10-14 15:00:00,7.0700000000,7.1000000000,7.0500000000,7.1000000000,13278800
2024-10-15 10:30:00,7.1100000000,7.1100000000,6.9700000000,6.9900000000,23518900
2024-10-15 11:30:00,6.9900000000,7.0100000000,6.9500000000,6.9700000000,12434900
2024-10-15 14:00:00,6.9800000000,6.9800000000,6.9100000000,6.9600000000,14193100
2024-10-15 15:00:00,6.9600000000,6.9600000000,6.8800000000,6.8900000000,20877600
2024-10-16 10:30:00,6.8400000000,6.9300000000,6.7800000000,6.8300000000,17887400
2024-10-16 11:30:00,6.8300000000,6.9200000000,6.8100000000,6.8700000000,7762500
2024-10-16 14:00:00,6.8700000000,6.9100000000,6.7800000000,6.8100000000,13087000
2024-10-16 15:00:00,6.8100000000,6.8500000000,6.7700000000,6.8200000000,11784200
2024-10-17 10:30:00,6.8200000000,6.8900000000,6.8100000000,6.8200000000,19337900
2024-10-17 11:30:00,6.8200000000,6.8300000000,6.7600000000,6.7900000000,9279000
2024-10-17 14:00:00,6.7900000000,6.8100000000,6.7700000000,6.8000000000,10325000
2024-10-17 15:00:00,6.8000000000,6.8100000000,6.7100000000,6.7200000000,14467700
2024-10-18 10:30:00,6.7500000000,6.8900000000,6.7400000000,6.8600000000,24624200
2024-10-18 11:30:00,6.8600000000,6.9300000000,6.8600000000,6.9300000000,23178900
2024-10-18 14:00:00,6.9300000000,6.9500000000,6.8600000000,6.9200000000,15760200
2024-10-18 15:00:00,6.9200000000,7.0300000000,6.8900000000,6.9300000000,31524600
2024-10-21 10:30:00,6.9500000000,6.9900000000,6.8000000000,6.8800000000,32438300
2024-10-21 11:30:00,6.8800000000,6.9000000000,6.8300000000,6.8500000000,14765800
2024-10-21 14:00:00,6.8600000000,6.8900000000,6.8100000000,6.8200000000,17802100
2024-10-21 15:00:00,6.8200000000,6.8400000000,6.8100000000,6.8400000000,10773100
2024-10-22 10:30:00,6.8400000000,6.9100000000,6.8000000000,6.8600000000,17315500
2024-10-22 11:30:00,6.8700000000,6.8800000000,6.8300000000,6.8600000000,9315100
2024-10-22 14:00:00,6.8700000000,6.8900000000,6.8200000000,6.8300000000,14128300
2024-10-22 15:00:00,6.8300000000,6.8500000000,6.8200000000,6.8500000000,15511500
2024-10-23 10:30:00,6.8600000000,6.9100000000,6.8200000000,6.8800000000,25197000
2024-10-23 11:30:00,6.8800000000,6.9100000000,6.8600000000,6.8800000000,11694600
2024-10-23 14:00:00,6.8900000000,6.9700000000,6.8800000000,6.9300000000,24765300
2024-10-23 15:00:00,6.9300000000,6.9400000000,6.8900000000,6.9300000000,14340600
2024-10-24 10:30:00,6.9000000000,7.0100000000,6.8600000000,6.9100000000,30312200
2024-10-24 11:30:00,6.9100000000,6.9700000000,6.8900000000,6.9400000000,12811000
2024-10-24 14:00:00,6.9500000000,6.9500000000,6.8800000000,6.8800000000,13883600
2024-10-24 15:00:00,6.8800000000,6.9100000000,6.8700000000,6.8900000000,16126400
2024-10-25 10:30:00,6.8900000000,6.9200000000,6.8600000000,6.8900000000,17846600
2024-10-25 11:30:00,6.8900000000,6.9000000000,6.8600000000,6.9000000000,13066100
2024-10-25 14:00:00,6.9000000000,6.9200000000,6.8500000000,6.8600000000,22678400
2024-10-25 15:00:00,6.8600000000,6.8700000000,6.8400000000,6.8600000000,13838200
2024-10-28 10:30:00,6.8700000000,6.9200000000,6.7900000000,6.8900000000,25055400
2024-10-28 11:30:00,6.8900000000,6.9100000000,6.8600000000,6.8900000000,9080700
2024-10-28 14:00:00,6.8800000000,6.9300000000,6.8800000000,6.9000000000,13737800
2024-10-28 15:00:00,6.8900000000,6.9300000000,6.8900000000,6.9300000000,14100200
2024-10-29 10:30:00,6.9400000000,6.9600000000,6.8600000000,6.8800000000,21945300
2024-10-29 11:30:00,6.8800000000,6.8800000000,6.7900000000,6.8000000000,23114100
2024-10-29 14:00:00,6.8000000000,6.8000000000,6.7300000000,6.7500000000,25216700
2024-10-29 15:00:00,6.7500000000,6.7600000000,6.7200000000,6.7400000000,15534500
2024-10-30 10:30:00,6.7200000000,6.9200000000,6.7200000000,6.8400000000,33526100
2024-10-30 11:30:00,6.8500000000,6.8800000000,6.8000000000,6.8000000000,9873500
2024-10-30 14:00:00,6.8000000000,6.8300000000,6.7800000000,6.8000000000,10897700
2024-10-30 15:00:00,6.8000000000,6.8200000000,6.7800000000,6.8100000000,10960700
2024-10-31 10:30:00,6.8400000000,7.0800000000,6.8300000000,7.0400000000,66217600
2024-10-31 11:30:00,7.0400000000,7.0700000000,6.9300000000,6.9800000000,25838300
2024-10-31 14:00:00,6.9800000000,7.0000000000,6.9400000000,6.9600000000,14185900
2024-10-31 15:00:00,6.9600000000,6.9800000000,6.9400000000,6.9500000000,14339900
2024-11-01 10:30:00,6.9600000000,7.1000000000,6.9200000000,7.1000000000,46881800
2024-11-01 11:30:00,7.1000000000,7.2100000000,7.1000000000,7.1800000000,34208400
2024-11-01 14:00:00,7.1800000000,7.2300000000,7.1200000000,7.1500000000,23831400
2024-11-01 15:00:00,7.1500000000,7.1600000000,7.1100000000,7.1300000000,18585800
2024-11-04 10:30:00,7.2200000000,7.2400000000,7.0500000000,7.2300000000,43550600
2024-11-04 11:30:00,7.2300000000,7.2500000000,7.1100000000,7.1300000000,24057400
2024-11-04 14:00:00,7.1300000000,7.1600000000,7.0900000000,7.1500000000,12747600
2024-11-04 15:00:00,7.1500000000,7.2200000000,7.1300000000,7.2100000000,17366600
2024-11-05 10:30:00,7.2100000000,7.2500000000,7.1400000000,7.2100000000,28536000
2024-11-05 11:30:00,7.2100000000,7.2400000000,7.1700000000,7.2400000000,16607600
2024-11-05 14:00:00,7.2300000000,7.3500000000,7.2300000000,7.3100000000,35228800
2024-11-05 15:00:00,7.3100000000,7.4000000000,7.2900000000,7.3900000000,37033100
2024-11-06 10:30:00,7.4000000000,7.5000000000,7.3700000000,7.4500000000,43629900
2024-11-06 11:30:00,7.4500000000,7.4700000000,7.3600000000,7.3900000000,25072600
2024-11-06 14:00:00,7.4000000000,7.4100000000,7.3200000000,7.4100000000,18822200
2024-11-06 15:00:00,7.4100000000,7.4500000000,7.3500000000,7.3800000000,17008800
2024-11-07 10:30:00,7.3300000000,7.5200000000,7.3000000000,7.4600000000,32594600
2024-11-07 11:30:00,7.4600000000,7.4900000000,7.4200000000,7.4800000000,10959200
2024-11-07 14:00:00,7.4700000000,7.5400000000,7.4700000000,7.5000000000,15085900
2024-11-07 15:00:00,7.5000000000,7.5500000000,7.4800000000,7.5500000000,22749100
2024-11-08 10:30:00,7.5900000000,7.6100000000,7.4300000000,7.4400000000,39144100
2024-11-08 11:30:00,7.4400000000,7.4700000000,7.4000000000,7.4000000000,20836700
2024-11-08 14:00:00,7.4100000000,7.4700000000,7.4000000000,7.4400000000,12883100
2024-11-08 15:00:00,7.4400000000,7.4600000000,7.4100000000,7.4500000000,11721400
2024-11-11 10:30:00,7.4400000000,7.4800000000,7.2700000000,7.2900000000,33092600
2024-11-11 11:30:00,7.2900000000,7.3500000000,7.2700000000,7.3400000000,13895800
2024-11-11 14:00:00,7.3500000000,7.3800000000,7.3300000000,7.3400000000,18243500
2024-11-11 15:00:00,7.3400000000,7.4000000000,7.3300000000,7.3900000000,19641700
2024-11-12 10:30:00,7.4000000000,7.4900000000,7.3500000000,7.4200000000,25693300
2024-11-12 11:30:00,7.4200000000,7.4200000000,7.3600000000,7.4000000000,10562800
2024-11-12 14:00:00,7.4000000000,7.4100000000,7.2900000000,7.3200000000,16306000
2024-11-12 15:00:00,7.3200000000,7.3300000000,7.2500000000,7.2800000000,15879000
2024-11-13 10:30:00,7.2400000000,7.3300000000,7.2300000000,7.2500000000,18163500
2024-11-13 11:30:00,7.2500000000,7.2700000000,7.2200000000,7.2600000000,10074100
2024-11-13 14:00:00,7.2500000000,7.3000000000,7.2300000000,7.2700000000,9345800
2024-11-13 15:00:00,7.2700000000,7.3100000000,7.2700000000,7.3000000000,9513500
2024-11-14 10:30:00,7.3100000000,7.3300000000,7.2500000000,7.2700000000,12474500
2024-11-14 11:30:00,7.2700000000,7.3100000000,7.2600000000,7.2600000000,7467600
2024-11-14 14:00:00,7.2600000000,7.2700000000,7.2300000000,7.2400000000,8360800
2024-11-14 15:00:00,7.2400000000,7.2400000000,7.1500000000,7.1700000000,18268500
2024-11-15 10:30:00,7.1400000000,7.1900000000,7.0100000000,7.0800000000,23937700
2024-11-15 11:30:00,7.0800000000,7.1400000000,7.0600000000,7.0900000000,7116100
2024-11-15 14:00:00,7.1000000000,7.1300000000,7.0700000000,7.0900000000,11234900
2024-11-15 15:00:00,7.0900000000,7.1000000000,7.0000000000,7.0100000000,18165200
2024-11-18 10:30:00,7.0300000000,7.1300000000,7.0000000000,7.0900000000,27211200
2024-11-18 11:30:00,7.0900000000,7.1000000000,7.0500000000,7.0800000000,6148500
2024-11-18 14:00:00,7.0700000000,7.1000000000,6.9700000000,7.0100000000,15418900
2024-11-18 15:00:00,7.0100000000,7.0200000000,6.9500000000,6.9800000000,12962900
2024-11-19 10:30:00,6.9800000000,7.0600000000,6.9800000000,7.0400000000,12639800
2024-11-19 11:30:00,7.0400000000,7.0500000000,6.9800000000,7.0100000000,8150900
2024-11-19 14:00:00,7.0000000000,7.0100000000,6.9300000000,6.9700000000,9403400
2024-11-19 15:00:00,6.9700000000,7.0500000000,6.9600000000,7.0500000000,13439100
2024-11-20 10:30:00,7.0600000000,7.1500000000,7.0000000000,7.0500000000,21264200
2024-11-20 11:30:00,7.0500000000,7.0800000000,7.0300000000,7.0700000000,6224700
2024-11-20 14:00:00,7.0800000000,7.1300000000,7.0500000000,7.0900000000,16447800
2024-11-20 15:00:00,7.0900000000,7.1000000000,7.0500000000,7.0800000000,9828500
2024-11-21 10:30:00,7.0600000000,7.1200000000,7.0600000000,7.0700000000,11412700
2024-11-21 11:30:00,7.0700000000,7.0900000000,7.0300000000,7.0600000000,6605500
2024-11-21 14:00:00,7.0600000000,7.0800000000,7.0300000000,7.0600000000,8453500
2024-11-21 15:00:00,7.0600000000,7.0900000000,7.0400000000,7.0900000000,7883500
2024-11-22 10:30:00,7.0600000000,7.0900000000,7.0100000000,7.0400000000,10631100
2024-11-22 11:30:00,7.0400000000,7.1000000000,7.0200000000,7.0300000000,8407800
2024-11-22 14:00:00,7.0300000000,7.0500000000,6.9900000000,7.0300000000,14953900
2024-11-22 15:00:00,7.0300000000,7.0400000000,6.9200000000,6.9200000000,14778000
2024-11-25 10:30:00,6.9100000000,7.0800000000,6.9100000000,7.0300000000,17678700
2024-11-25 11:30:00,7.0300000000,7.1000000000,6.9700000000,6.9800000000,18392300
2024-11-25 14:00:00,6.9600000000,7.0100000000,6.9200000000,6.9400000000,9241000
2024-11-25 15:00:00,6.9400000000,6.9700000000,6.9000000000,6.9500000000,14038200
2024-11-26 10:30:00,6.9300000000,6.9500000000,6.9000000000,6.9200000000,10173000
2024-11-26 11:30:00,6.9200000000,6.9500000000,6.9000000000,6.9300000000,5296800
2024-11-26 14:00:00,6.9300000000,6.9300000000,6.8500000000,6.8800000000,10343700
2024-11-26 15:00:00,6.8800000000,6.9000000000,6.8600000000,6.8800000000,9278600
2024-11-27 10:30:00,6.8500000000,6.9100000000,6.8400000000,6.8900000000,12118700
2024-11-27 11:30:00,6.8900000000,6.9500000000,6.8800000000,6.9400000000,6801700
2024-11-27 14:00:00,6.9500000000,7.0200000000,6.9200000000,6.9900000000,14514800
2024-11-27 15:00:00,6.9900000000,7.0800000000,6.9900000000,7.0800000000,16313500
2024-11-28 10:30:00,7.0500000000,7.0800000000,6.9700000000,7.0000000000,14579000
2024-11-28 11:30:00,7.0000000000,7.0200000000,6.9700000000,6.9900000000,8236600
2024-11-28 14:00:00,6.9900000000,7.0200000000,6.9600000000,7.0100000000,7688700
2024-11-28 15:00:00,7.0100000000,7.0200000000,6.9600000000,6.9700000000,10430900
2024-11-29 10:30:00,6.9600000000,7.0300000000,6.9600000000,6.9800000000,8594000
2024-11-29 11:30:00,6.9800000000,7.0200000000,6.9700000000,7.0100000000,9508800
2024-11-29 14:00:00,7.0100000000,7.0300000000,6.9700000000,6.9900000000,13092700
2024-11-29 15:00:00,6.9900000000,7.0000000000,6.9400000000,6.9800000000,11492800
2024-12-02 10:30:00,6.9600000000,7.0000000000,6.9400000000,6.9800000000,18463700
2024-12-02 11:30:00,6.9800000000,6.9900000000,6.9500000000,6.9800000000,11439500
2024-12-02 14:00:00,6.9900000000,7.0200000000,6.9700000000,7.0000000000,11971000
2024-12-02 15:00:00,7.0000000000,7.0000000000,6.9700000000,6.9900000000,12423500
2024-12-03 10:30:00,6.9900000000,7.0500000000,6.9400000000,6.9500000000,16210200
2024-12-03 11:30:00,6.9500000000,6.9800000000,6.9500000000,6.9700000000,5028500
2024-12-03 14:00:00,6.9700000000,6.9800000000,6.9300000000,6.9600000000,10455100
2024-12-03 15:00:00,6.9600000000,7.0100000000,6.9600000000,7.0000000000,12583700
2024-12-04 10:30:00,6.9900000000,6.9900000000,6.9400000000,6.9600000000,9842200
2024-12-04 11:30:00,6.9600000000,7.0100000000,6.9600000000,6.9800000000,9482600
2024-12-04 14:00:00,6.9800000000,7.0100000000,6.9700000000,6.9900000000,8591300
2024-12-04 15:00:00,6.9900000000,7.0000000000,6.9500000000,6.9700000000,9407600
2024-12-05 10:30:00,6.9300000000,6.9600000000,6.8600000000,6.8700000000,22615400
2024-12-05 11:30:00,6.8700000000,6.9300000000,6.8700000000,6.9200000000,5397300
2024-12-05 14:00:00,6.9100000000,7.0300000000,6.9100000000,7.0100000000,22555700
2024-12-05 15:00:00,7.0100000000,7.0700000000,6.9900000000,7.0600000000,27320500
2024-12-06 10:30:00,7.0400000000,7.0900000000,7.0000000000,7.0300000000,19994800
2024-12-06 11:30:00,7.0300000000,7.0800000000,7.0300000000,7.0500000000,15879600
2024-12-06 14:00:00,7.0500000000,7.0600000000,7.0200000000,7.0400000000,12119000
2024-12-06 15:00:00,7.0400000000,7.0600000000,7.0200000000,7.0300000000,16556900
2024-12-09 10:30:00,7.0400000000,7.0800000000,7.0100000000,7.0500000000,23267800
2024-12-09 11:30:00,7.0500000000,7.0600000000,6.9800000000,6.9800000000,10973600
2024-12-09 14:00:00,6.9800000000,7.0000000000,6.9500000000,6.9600000000,10807300
2024-12-09 15:00:00,6.9600000000,7.0000000000,6.9600000000,6.9900000000,6784200
2024-12-10 10:30:00,7.1300000000,7.2700000000,7.0900000000,7.2300000000,66249500
2024-12-10 11:30:00,7.2300000000,7.2500000000,7.1700000000,7.2400000000,23569900
2024-12-10 14:00:00,7.2300000000,7.2900000000,7.2000000000,7.2200000000,20717100
2024-12-10 15:00:00,7.2200000000,7.2200000000,7.1500000000,7.1600000000,19777900
2024-12-11 10:30:00,7.1600000000,7.2400000000,7.1200000000,7.2300000000,20247900
2024-12-11 11:30:00,7.2200000000,7.2300000000,7.1700000000,7.2000000000,9584200
2024-12-11 14:00:00,7.2000000000,7.2000000000,7.1600000000,7.1700000000,10278100
2024-12-11 15:00:00,7.1700000000,7.1800000000,7.1500000000,7.1800000000,12428600
2024-12-12 10:30:00,7.1900000000,7.2200000000,7.1300000000,7.1900000000,14861900
2024-12-12 11:30:00,7.1900000000,7.2100000000,7.1600000000,7.2100000000,7946700
2024-12-12 14:00:00,7.2100000000,7.2200000000,7.1900000000,7.2100000000,10308000
2024-12-12 15:00:00,7.2100000000,7.2400000000,7.2000000000,7.2400000000,15893900
2024-12-13 10:30:00,7.2200000000,7.2200000000,7.1200000000,7.1400000000,17404600
2024-12-13 11:30:00,7.1400000000,7.1600000000,7.1000000000,7.1000000000,10335500
2024-12-13 14:00:00,7.1100000000,7.1600000000,7.1000000000,7.1400000000,15448000
2024-12-13 15:00:00,7.1400000000,7.1500000000,7.0900000000,7.0900000000,18601500
2024-12-16 10:30:00,7.0900000000,7.1200000000,7.0200000000,7.0300000000,17862200
2024-12-16 11:30:00,7.0300000000,7.1200000000,7.0200000000,7.0900000000,12055400
2024-12-16 14:00:00,7.0800000000,7.0800000000,6.9800000000,7.0000000000,14162800
2024-12-16 15:00:00,7.0000000000,7.0100000000,6.9700000000,6.9900000000,11360700
2024-12-17 10:30:00,6.9900000000,7.0700000000,6.9600000000,7.0500000000,13921100
2024-12-17 11:30:00,7.0500000000,7.0700000000,7.0100000000,7.0200000000,6030600
2024-12-17 14:00:00,7.0100000000,7.0900000000,6.9900000000,7.0300000000,10426400
2024-12-17 15:00:00,7.0300000000,7.0400000000,6.9900000000,7.0100000000,8441100
2024-12-18 10:30:00,7.0100000000,7.0700000000,7.0100000000,7.0400000000,11095700
2024-12-18 11:30:00,7.0400000000,7.0600000000,7.0100000000,7.0300000000,6582200
2024-12-18 14:00:00,7.0300000000,7.0400000000,7.0000000000,7.0100000000,6366400
2024-12-18 15:00:00,7.0100000000,7.0200000000,6.9800000000,6.9900000000,8804100
2024-12-19 10:30:00,6.9600000000,6.9800000000,6.9100000000,6.9300000000,12065900
2024-12-19 11:30:00,6.9300000000,6.9500000000,6.9100000000,6.9200000000,5726600
2024-12-19 14:00:00,6.9400000000,6.9900000000,6.9200000000,6.9900000000,8457700
2024-12-19 15:00:00,6.9900000000,7.0100000000,6.9700000000,7.0100000000,6977300
2024-12-20 10:30:00,7.0000000000,7.0400000000,6.9100000000,6.9400000000,19189500
2024-12-20 11:30:00,6.9400000000,6.9600000000,6.9300000000,6.9400000000,7087000
2024-12-20 14:00:00,6.9400000000,6.9500000000,6.9200000000,6.9300000000,9332100
2024-12-20 15:00:00,6.9300000000,6.9300000000,6.9100000000,6.9100000000,11257600
2024-12-23 10:30:00,6.9200000000,6.9900000000,6.8900000000,6.9500000000,22107900
2024-12-23 11:30:00,6.9500000000,7.1000000000,6.9500000000,7.1000000000,27272600
2024-12-23 14:00:00,7.0900000000,7.1000000000,7.0600000000,7.0800000000,16266100
2024-12-23 15:00:00,7.0800000000,7.0900000000,7.0500000000,7.0800000000,19869700
2024-12-24 10:30:00,7.0600000000,7.2400000000,7.0500000000,7.1800000000,35841200
2024-12-24 11:30:00,7.1800000000,7.1800000000,7.0900000000,7.1200000000,10474200
2024-12-24 14:00:00,7.1200000000,7.2000000000,7.1000000000,7.1800000000,16873900
2024-12-24 15:00:00,7.1800000000,7.2500000000,7.1500000000,7.2400000000,26885300
2024-12-25 10:30:00,7.2500000000,7.2500000000,7.1600000000,7.1900000000,15898100
2024-12-25 11:30:00,7.1900000000,7.2000000000,7.1400000000,7.1700000000,7930500
2024-12-25 14:00:00,7.1700000000,7.2100000000,7.1600000000,7.2000000000,6460000
2024-12-25 15:00:00,7.2000000000,7.2100000000,7.1700000000,7.1900000000,8175500
2024-12-26 10:30:00,7.2100000000,7.2300000000,7.1300000000,7.1700000000,14771000
2024-12-26 11:30:00,7.1700000000,7.2300000000,7.1700000000,7.2100000000,8060100
2024-12-26 14:00:00,7.2100000000,7.2100000000,7.1800000000,7.2000000000,6575600
2024-12-26 15:00:00,7.2000000000,7.2300000000,7.1900000000,7.2100000000,8711600
2024-12-27 10:30:00,7.2200000000,7.2600000000,7.1000000000,7.1100000000,20190200
2024-12-27 11:30:00,7.1000000000,7.1300000000,7.0800000000,7.1000000000,16503500
2024-12-27 14:00:00,7.1000000000,7.1100000000,7.0600000000,7.0800000000,17633000
2024-12-27 15:00:00,7.0800000000,7.0900000000,7.0500000000,7.0700000000,16521500
2024-12-30 10:30:00,7.0500000000,7.1800000000,7.0400000000,7.1600000000,23229200
2024-12-30 11:30:00,7.1600000000,7.1800000000,7.1300000000,7.1600000000,9232300
2024-12-30 14:00:00,7.1600000000,7.1700000000,7.1500000000,7.1700000000,9280900
2024-12-30 15:00:00,7.1700000000,7.1800000000,7.1300000000,7.1700000000,15428800
2024-12-31 10:30:00,7.1600000000,7.2500000000,7.1500000000,7.2400000000,20405500
2024-12-31 11:30:00,7.2400000000,7.3800000000,7.2100000000,7.3400000000,42952000
2024-12-31 14:00:00,7.3400000000,7.3700000000,7.2600000000,7.2800000000,18565100
2024-12-31 15:00:00,7.2800000000,7.2900000000,7.2200000000,7.2300000000,16300500
2025-01-02 10:30:00,7.2100000000,7.3000000000,7.1500000000,7.1800000000,25202200
2025-01-02 11:30:00,7.1800000000,7.2600000000,7.1700000000,7.2100000000,10526200
2025-01-02 14:00:00,7.1900000000,7.2000000000,7.0700000000,7.1000000000,15939100
2025-01-02 15:00:00,7.1000000000,7.1100000000,6.9700000000,7.0000000000,22986900
2025-01-03 10:30:00,7.0100000000,7.1500000000,6.9700000000,7.1500000000,21217000
2025-01-03 11:30:00,7.1500000000,7.1500000000,7.0600000000,7.0700000000,9678000
2025-01-03 14:00:00,7.0600000000,7.1100000000,7.0200000000,7.0700000000,14231300
2025-01-03 15:00:00,7.0700000000,7.0900000000,7.0000000000,7.0200000000,20605900
2025-01-06 10:30:00,7.0100000000,7.0600000000,6.9600000000,7.0200000000,16666400
2025-01-06 11:30:00,7.0200000000,7.0800000000,6.9800000000,7.0500000000,14196500
2025-01-06 14:00:00,7.0500000000,7.0900000000,6.9900000000,7.0100000000,10638700
2025-01-06 15:00:00,7.0100000000,7.0800000000,7.0100000000,7.0700000000,9163000
2025-01-07 10:30:00,7.0300000000,7.1700000000,6.9700000000,6.9900000000,21310300
2025-01-07 11:30:00,6.9900000000,7.0000000000,6.9000000000,6.9100000000,14419800
2025-01-07 14:00:00,6.9200000000,7.0000000000,6.8800000000,6.9600000000,15026900
2025-01-07 15:00:00,6.9600000000,6.9800000000,6.9300000000,6.9600000000,17204600
2025-01-08 10:30:00,6.9500000000,6.9700000000,6.8400000000,6.9400000000,16401300
2025-01-08 11:30:00,6.9400000000,6.9400000000,6.8400000000,6.8500000000,9607300
2025-01-08 14:00:00,6.8400000000,6.9500000000,6.8100000000,6.9400000000,13275600
2025-01-08 15:00:00,6.9400000000,7.0000000000,6.9100000000,6.9400000000,14009300
2025-01-09 10:30:00,6.9200000000,6.9400000000,6.7800000000,6.8100000000,23921800
2025-01-09 11:30:00,6.8100000000,6.9000000000,6.8000000000,6.8600000000,9175900
2025-01-09 14:00:00,6.8600000000,6.9100000000,6.8600000000,6.8600000000,9147000
2025-01-09 15:00:00,6.8600000000,6.8900000000,6.8500000000,6.8600000000,6499200
