time,price,signal
2019-02-25 11:00:00,17.028,sell
2019-02-25 14:00:00,17.362,sell
2019-02-25 15:00:00,17.897,sell
2019-02-26 10:00:00,18.21,sell
2019-02-26 10:30:00,17.87,sell
2019-03-08 14:30:00,17.67,buy
2019-03-11 10:00:00,17.549,buy
2019-03-13 10:30:00,18.491,sell
2019-03-13 11:00:00,18.805,sell
2019-03-13 11:30:00,19.232,sell
2019-03-13 13:30:00,19.025,sell
2019-03-14 10:00:00,20.681,sell
2019-03-14 10:30:00,20.982,sell
2019-03-14 11:00:00,20.968,sell
2019-03-14 11:30:00,20.594,sell
2019-03-20 10:30:00,19.9,buy
2019-03-20 11:00:00,19.92,buy
2019-03-27 13:30:00,18.237,buy
2019-04-01 10:30:00,18.965,sell
2019-04-01 11:00:00,18.992,sell
2019-04-01 11:30:00,19.038,sell
2019-04-01 14:00:00,19.306,sell
2019-04-10 10:30:00,19.205,buy
2019-04-19 11:30:00,18.905,buy
2019-04-23 11:30:00,18.291,buy
2019-04-26 10:00:00,17.937,buy
2019-04-26 10:30:00,17.81,buy
2019-04-26 11:00:00,17.67,buy
2019-04-26 11:30:00,17.416,buy
2019-04-26 13:30:00,17.703,buy
2019-04-29 10:30:00,16.16,buy
2019-04-29 11:00:00,16.341,buy
2019-05-06 13:30:00,15.92,buy
2019-05-06 15:00:00,15.613,buy
2019-05-16 10:30:00,16.554,sell
2019-05-16 11:00:00,16.468,sell
2019-05-16 11:30:00,16.494,sell
2019-05-20 10:30:00,15.466,buy
2019-05-28 11:00:00,16.24,sell
2019-05-28 11:30:00,16.207,sell
2019-05-31 10:00:00,16.681,sell
2019-06-06 15:00:00,15.392,buy
2019-06-18 10:30:00,15.419,buy
2019-06-18 11:00:00,15.459,buy
2019-06-21 10:30:00,16.054,sell
2019-06-21 11:00:00,16.007,sell
2019-06-28 11:30:00,15.66,buy
2019-06-28 14:30:00,15.626,buy
2019-07-02 10:30:00,16.735,sell
2019-07-02 11:00:00,16.695,sell
2019-07-08 10:30:00,15.867,buy
2019-07-08 11:00:00,15.78,buy
2019-07-08 11:30:00,15.806,buy
2019-07-08 13:30:00,15.753,buy
2019-07-15 10:30:00,15.245,buy
2019-07-22 10:30:00,14.825,buy
2019-07-22 11:00:00,14.725,buy
2019-07-22 11:30:00,14.751,buy
2019-07-22 13:30:00,14.678,buy
2019-07-22 14:00:00,14.678,buy
2019-08-01 11:00:00,15.839,sell
2019-08-06 10:30:00,13.964,buy
2019-08-06 11:00:00,14.086,buy
2019-08-06 11:30:00,14.039,buy
2019-08-09 14:30:00,14.215,buy
2019-08-12 11:30:00,14.032,buy
2019-08-19 14:00:00,14.283,sell
2019-08-20 10:00:00,14.391,sell
2019-08-20 10:30:00,14.533,sell
2019-08-20 11:00:00,14.472,sell
2019-08-23 10:00:00,14.56,sell
2019-08-29 10:30:00,14.283,buy
2019-09-04 13:30:00,14.736,sell
2019-09-04 15:00:00,14.824,sell
2019-09-09 11:00:00,15.169,sell
2019-09-09 14:00:00,15.278,sell
2019-09-10 10:30:00,15.636,sell
2019-09-10 11:00:00,15.569,sell
2019-09-12 10:00:00,15.142,buy
2019-09-19 15:00:00,15.684,sell
2019-09-20 10:00:00,15.501,sell
2019-09-25 13:30:00,16.692,sell
2019-09-25 14:00:00,16.523,sell
2019-09-25 14:30:00,16.692,sell
2019-09-25 15:00:00,16.489,sell
2019-10-09 10:30:00,15.02,buy
2019-10-23 10:30:00,14.628,buy
2019-10-23 11:00:00,14.621,buy
2019-10-23 11:30:00,14.641,buy
2019-10-29 13:30:00,15.034,sell
2019-10-29 14:00:00,15.0,sell
2019-10-29 14:30:00,14.932,sell
2019-11-04 10:30:00,15.217,sell
2019-11-04 11:30:00,15.481,sell
2019-11-04 13:30:00,15.521,sell
2019-11-04 14:00:00,15.454,sell
2019-11-05 14:00:00,15.927,sell
2019-11-05 14:30:00,15.792,sell
2019-11-06 11:00:00,16.51,sell
2019-11-06 11:30:00,16.327,sell
2019-11-19 10:30:00,16.604,sell
2019-11-19 11:00:00,16.686,sell
2019-11-19 11:30:00,16.767,sell
2019-11-19 13:30:00,17.112,sell
2019-11-19 14:00:00,17.139,sell
2019-11-27 11:30:00,18.737,sell
2019-11-27 13:30:00,18.872,sell
2019-11-27 14:00:00,18.561,sell
2019-12-04 10:30:00,19.407,sell
2019-12-04 11:00:00,19.38,sell
2019-12-09 14:30:00,19.061,buy
2019-12-09 15:00:00,19.17,buy
2019-12-13 11:30:00,19.508,sell
2019-12-13 13:30:00,19.481,sell
2019-12-17 10:30:00,21.654,sell
2019-12-17 11:00:00,21.756,sell
2019-12-17 11:30:00,21.756,sell
2019-12-24 14:00:00,22.947,sell
2019-12-26 10:30:00,23.82,sell
2020-01-03 11:30:00,24.443,sell
2020-01-03 13:30:00,24.429,sell
2020-01-06 10:30:00,26.859,sell
2020-01-06 11:00:00,26.954,sell
2020-01-06 11:30:00,27.089,sell
2020-01-06 13:30:00,27.089,sell
2020-01-08 10:30:00,28.01,sell
2020-01-14 10:30:00,30.122,sell
2020-01-14 11:00:00,30.305,sell
2020-01-14 11:30:00,29.844,sell
2020-02-03 13:30:00,26.643,buy
2020-02-05 10:30:00,31.841,sell
2020-02-05 11:00:00,31.774,sell
2020-02-10 10:30:00,34.576,sell
2020-02-10 11:00:00,34.948,sell
2020-02-10 11:30:00,34.738,sell
2020-02-12 10:30:00,39.192,sell
2020-02-12 11:00:00,39.26,sell
2020-02-13 10:30:00,42.076,sell
2020-02-13 11:30:00,41.934,sell
2020-02-24 10:30:00,35.727,buy
2020-02-24 11:00:00,36.282,buy
2020-02-24 11:30:00,37.385,buy
2020-02-28 11:00:00,36.079,buy
2020-02-28 11:30:00,35.341,buy
2020-02-28 13:30:00,35.632,buy
2020-03-09 11:30:00,34.251,buy
2020-03-09 13:30:00,33.858,buy
2020-03-09 14:00:00,34.143,buy
2020-03-17 10:30:00,27.482,buy
2020-03-25 10:30:00,28.552,sell
2020-03-25 11:00:00,28.464,sell
2020-03-30 10:30:00,25.255,buy
2020-03-30 11:00:00,25.654,buy
2020-04-01 10:30:00,28.47,sell
2020-04-01 11:30:00,29.12,sell
2020-04-10 11:30:00,27.279,buy
2020-04-10 13:30:00,26.941,buy
2020-04-10 14:00:00,26.927,buy
2020-04-10 14:30:00,26.866,buy
2020-04-13 10:30:00,26.203,buy
2020-04-15 10:30:00,29.939,sell
2020-04-17 13:30:00,30.548,sell
2020-04-28 10:30:00,28.599,buy
2020-04-30 10:30:00,30.745,sell
2020-04-30 14:00:00,31.32,sell
2020-05-06 10:30:00,33.466,sell
2020-05-06 11:00:00,33.574,sell
2020-05-13 10:30:00,34.461,sell
2020-05-27 10:30:00,32.789,sell
2020-06-09 14:00:00,35.117,sell
2020-06-11 11:00:00,36.011,sell
2020-06-29 13:30:00,35.849,buy
2020-07-01 11:00:00,37.412,sell
2020-07-01 11:30:00,37.182,sell
2020-07-02 11:00:00,38.346,sell
2020-07-02 11:30:00,38.15,sell
2020-07-06 14:30:00,39.984,sell
2020-07-07 10:30:00,43.782,sell
2020-07-07 11:00:00,43.931,sell
2020-07-07 11:30:00,43.931,sell
2020-07-07 13:30:00,43.931,sell
2020-07-13 13:30:00,46.469,sell
2020-07-13 14:30:00,46.794,sell
2020-07-23 11:00:00,39.831,buy
2020-07-23 11:30:00,40.572,buy
2020-07-24 11:30:00,38.416,buy
2020-07-24 13:30:00,38.063,buy
2020-07-24 14:00:00,37.709,buy
2020-07-24 14:30:00,37.634,buy
2020-08-04 10:30:00,40.538,sell
2020-08-04 11:00:00,40.967,sell
2020-08-04 11:30:00,40.396,sell
2020-08-07 14:00:00,38.029,buy
2020-08-10 11:00:00,36.335,buy
2020-08-10 11:30:00,36.355,buy
2020-08-20 10:30:00,35.424,buy
2020-08-20 11:00:00,35.376,buy
2020-08-20 11:30:00,35.505,buy
2020-08-26 11:30:00,34.186,buy
2020-08-26 13:30:00,33.995,buy
2020-08-26 14:00:00,33.308,buy
2020-08-26 14:30:00,33.397,buy
2020-09-01 11:00:00,34.58,buy
2020-09-04 10:30:00,34.172,buy
2020-09-04 11:00:00,34.165,buy
2020-09-14 11:00:00,34.308,sell
2020-09-14 11:30:00,33.995,sell
2020-09-15 10:30:00,35.124,sell
2020-09-24 11:00:00,34.594,buy
2020-09-24 11:30:00,34.478,buy
2020-09-24 13:30:00,34.492,buy
2020-09-29 11:00:00,37.212,sell
2020-09-29 11:30:00,37.022,sell
2020-10-09 10:30:00,39.382,sell
2020-10-09 11:00:00,38.981,sell
2020-11-04 10:30:00,46.83,sell
2020-11-04 11:00:00,46.306,sell
2020-11-06 10:30:00,49.224,sell
2020-11-16 13:30:00,52.775,sell
2020-11-17 10:30:00,54.108,sell
2020-11-18 11:00:00,48.918,buy
2020-11-18 13:30:00,48.381,buy
2020-11-20 14:00:00,51.455,sell
2020-11-20 14:30:00,51.462,sell
2020-11-23 10:30:00,53.734,sell
2020-11-23 11:00:00,53.918,sell
2020-11-26 11:30:00,52.918,buy
2020-11-27 13:30:00,51.965,buy
2020-12-02 11:30:00,51.108,buy
2020-12-03 10:30:00,50.34,buy
2020-12-07 10:30:00,54.775,sell
2020-12-07 11:00:00,53.727,sell
2020-12-08 10:30:00,55.57,sell
2020-12-09 10:30:00,56.693,sell
2020-12-18 14:30:00,60.536,sell
2020-12-18 15:00:00,60.808,sell
2020-12-21 10:00:00,60.474,sell
2020-12-25 13:30:00,71.072,sell
2020-12-25 14:00:00,70.323,sell
2021-01-04 13:30:00,74.915,sell
2021-01-04 14:00:00,74.819,sell
2021-01-04 14:30:00,75.663,sell
2021-01-07 10:30:00,83.322,sell
2021-01-18 11:00:00,87.661,sell
2021-01-18 15:00:00,92.334,sell
2021-01-22 15:00:00,94.919,sell
2021-01-25 11:00:00,98.796,sell
2021-01-27 10:30:00,89.103,buy
2021-01-29 10:30:00,83.077,buy
2021-01-29 11:00:00,82.866,buy
2021-01-29 11:30:00,83.73,buy
2021-01-29 15:00:00,81.485,buy
2021-02-02 14:00:00,88.015,sell
2021-02-02 14:30:00,86.838,sell
2021-03-16 11:00:00,63.848,buy
2021-03-19 11:30:00,65.011,buy
2021-03-19 13:30:00,64.358,buy
2021-03-19 14:00:00,64.787,buy
2021-03-24 11:00:00,61.284,buy
2021-03-26 10:30:00,64.039,sell
2021-03-26 11:30:00,65.583,sell
2021-03-26 13:30:00,66.65,sell
2021-03-26 14:00:00,68.358,sell
2021-03-26 14:30:00,68.167,sell
2021-03-26 15:00:00,67.95,sell
2021-04-12 11:30:00,61.481,buy
2021-04-12 13:30:00,61.216,buy
2021-04-12 14:00:00,60.597,buy
2021-04-14 14:00:00,64.95,sell
2021-04-14 14:30:00,65.841,sell
2021-04-14 15:00:00,66.249,sell
2021-04-15 10:00:00,65.678,sell
2021-04-27 11:00:00,65.208,buy
2021-04-29 14:00:00,71.418,sell
2021-04-29 14:30:00,70.453,sell
2021-04-30 11:30:00,73.956,sell
2021-04-30 13:30:00,73.554,sell
2021-05-17 13:30:00,73.581,sell
2021-05-19 13:30:00,78.9,sell
2021-05-19 14:00:00,78.227,sell
2021-05-28 10:30:00,81.642,sell
2021-05-31 10:30:00,86.464,sell
2021-05-31 11:00:00,86.416,sell
2021-06-08 11:30:00,81.349,buy
2021-06-08 13:30:00,80.261,buy
2021-06-08 14:00:00,81.233,buy
2021-06-16 10:30:00,77.54,buy
2021-06-16 11:00:00,76.86,buy
2021-06-16 11:30:00,76.751,buy
2021-06-16 13:30:00,75.438,buy
2021-06-16 14:00:00,75.377,buy
2021-06-18 14:00:00,81.968,sell
2021-06-18 14:30:00,82.641,sell
2021-06-18 15:00:00,81.723,sell
2021-06-23 14:30:00,84.376,sell
2021-07-05 10:30:00,90.402,sell
2021-07-05 11:00:00,90.13,sell
2021-07-05 11:30:00,90.45,sell
2021-07-09 11:30:00,103.19,sell
2021-07-09 14:00:00,104.176,sell
2021-07-21 10:30:00,126.457,sell
2021-07-21 11:00:00,126.669,sell
2021-07-21 11:30:00,126.669,sell
2021-07-21 13:30:00,126.669,sell
2021-07-26 14:00:00,130.948,buy
2021-08-16 11:30:00,111.951,buy
2021-08-19 13:30:00,122.042,sell
2021-08-19 14:00:00,122.308,sell
2021-08-19 14:30:00,121.599,sell
2021-08-24 10:30:00,133.885,sell
2021-08-24 11:00:00,132.106,sell
2021-08-27 13:30:00,134.021,sell
2021-08-27 14:00:00,134.709,sell
2021-08-27 14:30:00,134.246,sell
2021-08-30 10:30:00,147.171,sell
2021-08-30 11:00:00,147.171,sell
2021-08-30 11:30:00,147.103,sell
2021-09-01 14:00:00,134.913,buy
2021-09-03 11:00:00,121.197,buy
2021-09-27 11:00:00,110.813,buy
2021-09-27 11:30:00,107.195,buy
2021-09-27 13:30:00,110.663,buy
2021-09-29 13:30:00,104.122,buy
2021-10-12 15:00:00,104.265,buy
2021-10-13 15:00:00,110.588,sell
2021-10-14 10:30:00,109.246,sell
2021-11-08 11:00:00,116.652,sell
2021-11-08 14:00:00,118.86,sell
2021-11-10 11:30:00,109.341,buy
2021-11-10 13:30:00,109.58,buy
2021-11-15 10:30:00,104.204,buy
2021-11-15 11:00:00,103.481,buy
2021-11-15 11:30:00,103.713,buy
2021-11-17 11:00:00,109.348,sell
2021-11-17 11:30:00,109.559,sell
2021-11-17 13:30:00,109.77,sell
2021-11-26 11:00:00,113.0,sell
2021-12-07 10:30:00,104.02,buy
2021-12-07 11:00:00,103.365,buy
2021-12-07 11:30:00,103.658,buy
2021-12-07 13:30:00,102.636,buy
2021-12-07 14:00:00,102.473,buy
2021-12-10 10:30:00,108.939,sell
2021-12-20 10:30:00,95.659,buy
2021-12-20 11:00:00,94.644,buy
2021-12-20 11:30:00,94.405,buy
2021-12-20 13:30:00,95.134,buy
2021-12-24 10:30:00,90.951,buy
2021-12-24 11:00:00,89.69,buy
2021-12-24 11:30:00,90.487,buy
2021-12-24 13:30:00,89.404,buy
2021-12-24 14:00:00,89.125,buy
2021-12-29 10:30:00,97.179,sell
2022-01-19 11:00:00,83.694,buy
2022-01-19 11:30:00,83.68,buy
2022-01-19 13:30:00,83.503,buy
2022-01-19 14:30:00,83.367,buy
2022-01-24 10:30:00,89.24,sell
2022-01-24 11:00:00,89.111,sell
2022-01-24 11:30:00,91.305,sell
2022-01-24 13:30:00,91.898,sell
2022-01-24 14:00:00,91.898,sell
2022-02-08 11:30:00,83.674,buy
2022-02-08 13:30:00,84.73,buy
2022-02-11 10:30:00,92.831,sell
2022-02-11 11:00:00,93.826,sell
2022-02-11 11:30:00,92.409,sell
2022-02-16 10:30:00,95.938,sell
2022-02-17 11:00:00,102.412,sell
2022-02-17 11:30:00,103.284,sell
2022-02-17 13:30:00,101.887,sell
2022-02-24 14:30:00,98.167,buy
2022-02-24 15:00:00,100.156,buy
2022-03-01 14:00:00,98.943,buy
2022-03-04 14:00:00,96.49,buy
2022-03-04 14:30:00,96.252,buy
2022-03-07 10:30:00,95.284,buy
2022-03-07 14:00:00,93.192,buy
2022-03-08 10:30:00,86.426,buy
2022-03-08 11:00:00,86.433,buy
2022-03-08 11:30:00,85.036,buy
2022-03-08 13:30:00,85.909,buy
2022-03-22 10:30:00,89.765,sell
2022-03-30 11:00:00,87.816,sell
2022-04-11 10:30:00,76.894,buy
2022-04-11 11:00:00,77.044,buy
2022-04-11 11:30:00,78.625,buy
2022-04-13 14:00:00,80.539,sell
2022-04-15 13:30:00,78.481,buy
2022-04-18 10:30:00,76.996,buy
2022-04-20 14:30:00,74.802,buy
2022-04-20 15:00:00,74.611,buy
2022-04-21 10:00:00,72.915,buy
2022-04-21 10:30:00,72.724,buy
2022-04-21 11:00:00,72.39,buy
2022-04-21 11:30:00,71.545,buy
2022-04-21 13:30:00,72.431,buy
2022-04-25 10:30:00,65.835,buy
2022-04-25 11:00:00,66.033,buy
2022-04-27 14:00:00,69.133,sell
2022-04-27 14:30:00,69.133,sell
2022-04-28 10:30:00,74.257,sell
2022-04-28 11:00:00,73.848,sell
2022-05-11 10:30:00,75.02,sell
2022-05-11 11:00:00,75.013,sell
2022-05-11 11:30:00,75.354,sell
2022-05-11 13:30:00,77.759,sell
2022-05-11 14:00:00,77.316,sell
2022-05-17 11:30:00,79.054,sell
2022-05-17 13:30:00,80.614,sell
2022-05-17 14:00:00,80.614,sell
2022-05-17 14:30:00,79.476,sell
2022-05-31 10:30:00,79.831,buy
2022-06-06 11:00:00,85.684,sell
2022-06-06 11:30:00,87.142,sell
2022-06-06 13:30:00,85.765,sell
2022-06-13 11:00:00,94.031,sell
2022-06-13 11:30:00,93.526,sell
2022-06-13 13:30:00,93.458,sell
2022-06-23 11:00:00,92.395,buy
2022-06-27 10:30:00,101.526,sell
2022-06-27 11:00:00,101.853,sell
2022-06-27 11:30:00,101.137,sell
2022-07-01 11:30:00,105.648,sell
2022-07-01 13:30:00,105.069,sell
2022-07-01 14:00:00,107.045,sell
2022-07-01 14:30:00,106.997,sell
2022-07-08 14:30:00,103.879,buy
2022-07-11 10:30:00,96.797,buy
2022-07-11 11:00:00,95.191,buy
2022-07-11 11:30:00,95.86,buy
2022-07-21 10:30:00,90.69,buy
2022-07-21 11:00:00,90.088,buy
2022-07-21 11:30:00,89.896,buy
2022-07-21 13:30:00,89.39,buy
2022-07-29 11:00:00,86.484,buy
2022-08-05 14:30:00,86.628,sell
2022-08-08 10:00:00,86.704,sell
2022-08-08 11:30:00,87.354,sell
2022-08-15 10:30:00,89.409,sell
2022-08-17 10:30:00,86.064,buy
2022-08-17 11:00:00,86.494,buy
2022-08-19 15:00:00,85.146,buy
2022-08-22 10:00:00,85.452,buy
2022-08-22 14:00:00,88.769,sell
2022-08-22 15:00:00,89.658,sell
2022-08-24 14:30:00,85.835,buy
2022-08-24 15:00:00,85.93,buy
2022-08-25 11:00:00,83.235,buy
2022-08-25 11:30:00,83.072,buy
2022-08-25 13:30:00,81.82,buy
2022-08-25 14:00:00,80.788,buy
2022-08-25 14:30:00,81.419,buy
2022-08-31 11:30:00,81.142,buy
2022-08-31 13:30:00,82.489,buy
2022-09-05 11:00:00,76.879,buy
2022-09-05 11:30:00,77.462,buy
2022-09-16 10:30:00,75.446,buy
2022-09-16 11:00:00,75.484,buy
2022-09-20 10:30:00,81.706,sell
2022-09-20 11:00:00,81.065,sell
2022-09-23 10:30:00,76.507,buy
2022-09-23 11:00:00,75.924,buy
2022-09-23 11:30:00,75.771,buy
2022-09-23 13:30:00,77.223,buy
2022-09-27 11:30:00,73.525,buy
2022-10-10 10:30:00,70.361,buy
2022-10-17 10:30:00,75.388,sell
2022-10-17 11:00:00,74.652,sell
2022-10-20 11:00:00,74.7,buy
2022-10-26 11:30:00,77.988,sell
2022-10-28 10:30:00,74.566,buy
2022-10-28 11:00:00,74.633,buy
2022-10-28 11:30:00,75.14,buy
2022-11-04 14:00:00,86.188,sell
2022-11-04 14:30:00,86.064,sell
2022-11-17 10:30:00,78.561,buy
2022-11-17 11:00:00,79.106,buy
2022-11-17 13:30:00,78.265,buy
2022-11-23 11:00:00,76.602,buy
2022-11-25 11:30:00,75.207,buy
2022-11-28 10:30:00,73.295,buy
2022-11-30 11:00:00,77.195,sell
2022-11-30 11:30:00,78.37,sell
2022-11-30 13:30:00,77.663,sell
2022-12-06 10:30:00,77.185,buy
2022-12-12 10:30:00,75.541,buy
2022-12-12 11:00:00,75.675,buy
2022-12-30 11:30:00,67.446,buy
2022-12-30 13:30:00,67.456,buy
2022-12-30 15:00:00,66.433,buy
2023-01-03 10:00:00,65.888,buy
2023-01-03 10:30:00,66.271,buy
2023-01-06 13:30:00,68.536,sell
2023-01-12 10:30:00,70.333,sell
2023-01-18 11:00:00,72.798,sell
2023-01-20 13:30:00,74.28,sell
2023-01-20 14:30:00,74.805,sell
2023-01-30 10:30:00,76.507,sell
2023-02-03 11:00:00,74.49,buy
2023-02-03 11:30:00,74.337,buy
2023-02-03 13:30:00,74.394,buy
2023-02-08 10:30:00,76.755,sell
2023-02-08 11:00:00,78.389,sell
2023-02-08 11:30:00,79.078,sell
2023-02-08 13:30:00,78.495,sell
2023-02-10 13:30:00,75.302,buy
2023-02-15 14:00:00,73.238,buy
2023-02-16 15:00:00,71.823,buy
2023-02-17 10:00:00,71.728,buy
2023-02-17 10:30:00,71.556,buy
2023-02-17 11:00:00,71.47,buy
2023-02-20 10:30:00,68.775,buy
2023-02-20 11:00:00,69.042,buy
2023-02-28 14:00:00,68.593,buy
2023-03-03 10:30:00,67.991,buy
2023-03-03 11:00:00,67.819,buy
2023-03-03 11:30:00,67.857,buy
2023-03-03 14:00:00,67.666,buy
2023-03-06 10:30:00,67.035,buy
2023-03-13 11:00:00,63.948,buy
2023-03-13 11:30:00,64.273,buy
2023-03-21 14:30:00,65.21,sell
2023-04-03 11:30:00,65.411,sell
2023-04-03 13:30:00,65.363,sell
2023-04-06 10:30:00,61.167,buy
2023-04-06 11:00:00,61.272,buy
2023-04-11 11:30:00,63.709,sell
2023-04-11 13:30:00,63.709,sell
2023-04-11 14:00:00,63.48,sell
2023-04-14 11:00:00,66.452,sell
2023-04-14 11:30:00,66.194,sell
2023-04-20 10:30:00,64.933,buy
2023-04-20 11:00:00,65.019,buy
2023-04-20 11:30:00,65.21,buy
2023-04-25 10:30:00,60.001,buy
2023-04-25 11:00:00,58.921,buy
2023-04-25 11:30:00,58.988,buy
2023-04-25 13:30:00,58.73,buy
2023-05-15 10:30:00,65.076,sell
2023-05-15 11:00:00,65.831,sell
2023-05-15 11:30:00,65.927,sell
2023-05-15 13:30:00,66.376,sell
2023-05-15 14:00:00,66.615,sell
2023-05-24 11:00:00,61.76,buy
2023-05-24 11:30:00,62.065,buy
2023-05-26 10:30:00,58.367,buy
2023-05-26 11:00:00,58.348,buy
2023-05-30 13:30:00,57.736,buy
2023-06-02 11:00:00,61.282,sell
2023-06-07 10:30:00,59.991,buy
2023-06-07 11:00:00,59.905,buy
2023-06-07 11:30:00,59.657,buy
2023-06-07 13:30:00,59.647,buy
2023-06-09 11:00:00,61.454,sell
2023-06-15 14:30:00,62.046,sell
2023-06-15 15:00:00,62.123,sell
2023-06-21 11:30:00,60.049,buy
2023-06-21 14:00:00,59.905,buy
2023-06-26 10:30:00,58.109,buy
2023-06-26 11:00:00,58.539,buy
2023-06-29 11:00:00,57.373,buy
2023-07-06 14:00:00,58.166,buy
2023-07-06 14:30:00,58.204,buy
2023-07-10 11:00:00,59.523,sell
2023-07-18 10:30:00,58.096,buy
2023-07-24 10:30:00,55.202,buy
2023-07-24 11:00:00,54.386,buy
2023-07-24 11:30:00,54.298,buy
2023-07-31 10:30:00,58.329,sell
2023-07-31 11:00:00,58.125,sell
2023-08-14 10:00:00,52.142,buy
2023-08-14 10:30:00,52.744,buy
2023-08-14 11:00:00,52.249,buy
2023-08-14 11:30:00,52.346,buy
2023-08-17 10:30:00,49.675,buy
2023-08-21 10:00:00,48.373,buy
2023-08-21 10:30:00,48.528,buy
2023-08-21 11:30:00,48.257,buy
2023-08-24 10:00:00,46.353,buy
2023-09-04 11:00:00,47.586,sell
2023-09-04 11:30:00,47.392,sell
2023-09-07 11:00:00,46.518,buy
2023-09-07 11:30:00,46.625,buy
2023-09-08 10:30:00,45.43,buy
2023-09-08 11:00:00,45.372,buy
2023-09-12 11:00:00,46.644,sell
2023-09-12 13:30:00,46.634,sell
2023-09-15 14:00:00,44.245,buy
2023-10-12 10:30:00,44.4,sell
2023-10-12 13:30:00,46.207,sell
2023-10-12 14:00:00,46.275,sell
2023-10-12 14:30:00,46.625,sell
2023-10-12 15:00:00,46.819,sell
2023-10-19 10:30:00,42.419,buy
2023-10-26 10:30:00,41.632,buy
2023-10-26 11:30:00,41.409,buy
2023-10-31 11:30:00,41.991,buy
2023-10-31 13:30:00,42.011,buy
2023-11-06 10:30:00,42.827,sell
2023-11-06 11:00:00,42.924,sell
2023-11-06 11:30:00,42.924,sell
2023-11-06 13:30:00,43.769,sell
2023-11-06 14:00:00,43.497,sell
2023-11-15 11:00:00,44.196,sell
2023-11-15 11:30:00,44.157,sell
2023-11-22 10:30:00,41.467,buy
2023-11-22 11:00:00,41.302,buy
2023-11-22 11:30:00,41.234,buy
2023-11-22 13:30:00,41.311,buy
2023-11-27 10:30:00,39.466,buy
2023-11-27 11:00:00,39.33,buy
2023-11-27 11:30:00,39.32,buy
2023-11-27 13:30:00,39.495,buy
2023-11-30 10:30:00,37.912,buy
2023-11-30 11:00:00,37.824,buy
2023-12-01 11:30:00,36.833,buy
2023-12-05 10:30:00,39.136,sell
2023-12-05 11:00:00,39.029,sell
2023-12-06 10:30:00,41.671,sell
2023-12-06 11:00:00,41.933,sell
2023-12-06 11:30:00,41.205,sell
2023-12-11 11:00:00,39.427,buy
2023-12-11 11:30:00,39.728,buy
2023-12-28 11:00:00,40.845,sell
2023-12-28 11:30:00,40.777,sell
2023-12-28 13:30:00,41.166,sell
2023-12-28 14:00:00,41.137,sell
2024-01-04 10:30:00,39.738,buy
2024-01-04 11:30:00,39.446,buy
2024-01-04 13:30:00,39.514,buy
2024-01-18 10:00:00,40.369,buy
2024-01-24 11:00:00,37.902,buy
2024-01-24 11:30:00,37.931,buy
2024-01-29 11:00:00,37.319,buy
2024-01-29 11:30:00,37.115,buy
2024-01-29 13:30:00,36.95,buy
2024-01-29 14:00:00,36.804,buy
2024-01-31 10:30:00,33.91,buy
2024-01-31 11:00:00,34.114,buy
2024-01-31 11:30:00,34.007,buy
2024-02-05 10:30:00,30.704,buy
2024-02-05 11:00:00,30.452,buy
2024-02-05 11:30:00,31.035,buy
2024-02-07 10:30:00,33.735,sell
2024-02-21 13:30:00,35.6,sell
2024-02-21 14:00:00,35.571,sell
2024-02-26 11:30:00,35.891,sell
2024-02-28 10:30:00,38.426,sell
2024-02-28 11:00:00,38.193,sell
2024-02-28 11:30:00,37.649,sell
2024-03-05 11:00:00,37.863,buy
2024-03-11 11:30:00,39.184,sell
2024-03-11 13:30:00,39.174,sell
2024-03-11 14:00:00,39.145,sell
2024-03-14 14:00:00,38.29,buy
2024-03-14 14:30:00,38.125,buy
2024-03-14 15:00:00,38.281,buy
2024-03-15 10:30:00,37.591,buy
2024-03-15 11:00:00,37.445,buy
2024-03-15 11:30:00,37.815,buy
2024-03-22 10:30:00,36.814,buy
2024-03-22 11:00:00,36.62,buy
2024-03-22 11:30:00,36.552,buy
2024-03-22 13:30:00,36.697,buy
2024-04-01 10:30:00,37.766,sell
2024-04-01 11:00:00,38.125,sell
2024-04-01 11:30:00,38.242,sell
2024-04-01 13:30:00,38.077,sell
2024-04-16 11:30:00,36.367,buy
2024-04-23 11:30:00,34.638,buy
2024-04-23 13:30:00,34.531,buy
2024-04-23 14:00:00,34.667,buy
2024-04-24 10:30:00,32.598,buy
2024-04-24 11:00:00,32.453,buy
2024-04-24 11:30:00,32.453,buy
2024-04-29 11:00:00,35.182,sell
2024-04-29 11:30:00,35.406,sell
2024-04-29 13:30:00,35.347,sell
2024-04-29 14:00:00,35.338,sell
2024-05-16 10:30:00,33.638,buy
2024-05-16 11:00:00,33.638,buy
2024-05-20 10:30:00,34.58,sell
2024-05-29 10:30:00,33.123,sell
2024-06-03 10:30:00,32.249,buy
2024-06-03 11:00:00,32.307,buy
2024-06-07 10:30:00,31.53,buy
2024-06-07 11:00:00,31.258,buy
2024-06-07 11:30:00,31.287,buy
2024-06-07 13:30:00,31.171,buy
2024-06-07 14:00:00,31.219,buy
2024-06-14 10:30:00,30.131,buy
2024-06-14 11:00:00,30.131,buy
2024-06-14 11:30:00,30.228,buy
2024-06-20 10:00:00,29.568,buy
2024-06-20 10:30:00,29.568,buy
2024-06-20 11:00:00,29.374,buy
2024-06-20 11:30:00,29.412,buy
2024-06-26 14:30:00,29.267,sell
2024-06-26 15:00:00,29.335,sell
2024-07-01 10:30:00,27.421,buy
2024-07-08 10:30:00,27.178,buy
2024-07-08 11:00:00,27.178,buy
2024-07-11 10:30:00,28.606,sell
2024-07-11 11:00:00,28.577,sell
2024-07-19 10:30:00,27.343,buy
2024-07-23 15:00:00,27.12,buy
2024-07-24 10:00:00,26.9,buy
2024-07-24 10:30:00,26.7,buy
2024-07-24 11:00:00,26.79,buy
2024-07-26 10:30:00,28.18,sell
2024-07-26 11:00:00,28.05,sell
2024-07-31 14:00:00,27.94,sell
2024-08-12 10:30:00,26.69,buy
2024-08-12 11:00:00,26.65,buy
2024-08-20 10:30:00,27.3,sell
2024-08-23 10:30:00,25.49,buy
2024-08-23 11:00:00,25.61,buy
2024-08-30 10:30:00,27.32,sell
2024-08-30 11:00:00,27.57,sell
2024-08-30 11:30:00,27.43,sell
2024-09-10 10:30:00,25.15,buy
2024-09-11 11:00:00,27.32,sell
2024-09-11 11:30:00,27.2,sell
2024-09-11 14:00:00,27.69,sell
2024-09-24 11:30:00,26.79,sell
2024-09-24 13:30:00,27.14,sell
2024-09-24 14:00:00,27.32,sell
2024-09-24 14:30:00,27.37,sell
2024-09-24 15:00:00,27.51,sell
2024-09-25 10:30:00,28.21,sell
2024-09-25 11:00:00,28.1,sell
2024-09-27 10:30:00,31.38,sell
2024-09-27 11:00:00,31.38,sell
2024-09-27 11:30:00,31.38,sell
2024-09-27 13:30:00,31.38,sell
2024-10-08 10:30:00,37.21,sell
2024-10-11 10:30:00,31.87,buy
2024-10-16 11:00:00,30.49,buy
2024-10-21 11:00:00,31.69,sell
2024-10-23 13:30:00,33.31,sell
2024-10-23 14:00:00,33.45,sell
2024-10-23 14:30:00,33.32,sell
2024-10-30 13:30:00,32.37,buy
2024-10-30 14:00:00,32.42,buy
2024-11-05 14:00:00,36.08,sell
2024-11-05 14:30:00,36.0,sell
2024-11-06 10:30:00,37.26,sell
2024-11-06 11:00:00,37.09,sell
2024-11-11 13:30:00,38.83,sell
2024-11-11 14:00:00,39.0,sell
2024-11-11 14:30:00,39.04,sell
2024-11-12 10:00:00,43.0,sell
2024-11-12 10:30:00,42.45,sell
2024-11-12 11:00:00,42.34,sell
2024-11-19 15:00:00,41.61,sell
2024-11-20 10:00:00,43.01,sell
2024-11-20 10:30:00,42.98,sell
2024-11-20 11:00:00,43.18,sell
2024-11-20 13:30:00,43.87,sell
2024-11-29 13:30:00,42.41,sell
2024-12-04 10:30:00,40.47,buy
2024-12-04 11:00:00,40.7,buy
2024-12-16 10:30:00,37.6,buy
2024-12-16 11:00:00,37.67,buy
2024-12-19 10:30:00,35.99,buy
2024-12-19 11:00:00,36.01,buy
2024-12-19 11:30:00,36.07,buy
2025-01-02 10:30:00,34.78,buy
2025-01-07 14:00:00,34.69,sell
