time,price,market_condition,probability
2010-02-10,21.63714711,range,0.7544736893571622
2010-02-11,21.35087835,range,0.5913082628701426
2010-02-12,21.12027296,range,0.8780163445070504
2010-02-22,21.13617678,range,0.7638272540456548
2010-02-23,20.65111027,range,0.5799617300945734
2010-02-24,20.82605229,range,0.5913082628701426
2010-02-25,21.13617678,range,0.6170851789055269
2010-02-26,21.13617678,range,0.5913082628701426
2010-03-01,21.1520806,range,0.7638272540456548
2010-03-02,20.97713858,range,0.7544736893571622
2010-03-03,21.72461812,trend_up,0.6307169833089916
2010-03-04,20.89761948,range,0.6356567985997432
2010-03-05,21.71666621,trend_up,0.6210810413641624
2010-03-08,21.93136778,trend_up,0.5110918184132843
2010-03-09,21.9472716,trend_up,0.6938670157602796
2010-03-10,21.6291952,trend_up,0.7062777258486425
2010-03-11,22.01088688,trend_up,0.7773152170942038
2010-03-12,21.66895475,trend_up,0.732423099239252
2010-03-15,21.30316689,range,0.7826849826654572
2010-03-16,21.61329138,range,0.5564687012748263
2010-03-17,22.01088688,range,0.5122239380185709
2010-03-18,22.01088688,trend_up,0.5036888325594207
2010-03-19,22.03474261,range,0.5559729086162389
2010-03-22,21.73257003,range,0.5101498150787852
2010-03-23,21.39858981,range,0.808638463795007
2010-03-24,21.44630127,range,0.6655101684469562
2010-03-25,20.7544851,range,0.7781724340561059
2010-03-26,20.92147521,range,0.6650455932710393
2010-03-29,21.46220509,range,0.8908597512870686
2010-03-30,21.34292644,range,0.8083154231458373
2010-03-31,21.08051341,range,0.7770212834950224
2010-04-01,21.1520806,range,0.808638463795007
2010-04-02,20.96918667,range,0.6659571391723047
2010-04-06,21.14412869,range,0.5564687012748263
2010-04-07,20.81810038,range,0.5142326823164493
2010-04-08,20.73062937,trend_down,0.5404242695807011
2010-04-09,20.80219656,trend_down,0.5659424405180494
2010-04-12,20.50002398,trend_down,0.7008073497641338
2010-04-13,21.04870577,trend_down,0.6465933116478583
2010-04-14,20.88966757,range,0.4962490207082196
2010-04-15,20.92942712,trend_down,0.6465933116478583
2010-04-16,20.92942712,range,0.5582723723353322
2010-04-19,19.02096872,trend_down,0.4642993330781895
2010-04-20,18.51999839,trend_down,0.8112434389537377
2010-04-21,18.70289232,trend_down,0.9507160989322379
2010-04-22,18.17011435,trend_down,0.53343926420863
2010-04-23,18.33710446,trend_down,0.9679511336517824
2010-04-26,17.35106762,trend_down,0.5272643557394641
2010-04-27,16.81033774,trend_down,0.5384873087544113
2010-04-28,16.82624156,trend_down,0.5384873087544113
2010-04-29,16.47635752,trend_down,0.967029182099857
2010-04-30,16.3296942,trend_down,0.5387730654631989
2010-05-04,15.2703827,trend_down,0.5387730654631989
2010-05-05,15.62077035,trend_down,0.5390484451925946
2010-05-06,14.69183565,trend_down,0.5390484451925946
2010-05-07,14.52886465,trend_down,0.5390484451925946
2010-05-10,14.80591535,trend_down,0.968840342841616
2010-05-11,14.20292265,trend_down,0.9679511336517824
2010-05-12,14.39848785,trend_down,0.8219355018305541
2010-05-13,14.6999842,trend_down,0.8927407182097999
2010-05-14,14.38219075,trend_down,0.8927407182097999
2010-05-17,13.04582855,trend_down,0.9252994599362988
2010-05-18,13.38806765,trend_down,0.5387730654631989
2010-05-19,13.24139375,trend_down,0.9679511336517824
2010-05-20,12.91545175,trend_down,0.8219355018305541
2010-05-21,13.2332452,trend_down,0.5387730654631989
2010-05-24,14.0481002,trend_down,0.9101708387916259
2010-05-25,13.74660385,trend_down,0.8902144987503774
2010-05-26,13.63252415,trend_down,0.8902144987503774
2010-05-27,13.77919805,trend_down,0.9679511336517824
2010-05-28,13.56733575,trend_down,0.8902144987503774
2010-05-31,12.8910061,trend_down,0.9661863672976857
2010-06-01,12.6302525,trend_down,0.9182273385573261
2010-06-02,13.19250245,trend_down,0.9652070575927774
2010-06-03,12.76877785,trend_down,0.9735686106763175
2010-06-04,13.2658394,trend_down,0.9136500667948829
2010-06-07,12.93174885,trend_down,0.7524824829551136
2010-06-08,13.07842275,trend_down,0.7524824829551136
2010-06-09,13.6080785,trend_down,0.8621747494787216
2010-06-10,13.32287925,trend_down,0.6966642153027174
2010-06-11,13.33917635,trend_down,0.6966642153027174
2010-06-17,13.17620535,trend_down,0.7524824829551136
2010-06-18,12.85026335,trend_down,0.8980202892131044
2010-06-21,13.3310278,trend_down,0.9176443744606801
2010-06-22,13.35547345,trend_down,0.7530322317007375
2010-06-23,13.32287925,trend_down,0.7530322317007375
2010-06-24,13.22509665,trend_down,0.7524824829551136
2010-06-25,12.96434305,trend_down,0.7573139905139525
2010-06-28,13.07842275,trend_down,0.8055572556698548
2010-06-29,12.34505325,trend_down,0.9000366826602078
2010-06-30,12.45913295,trend_down,0.7407672770922058
2010-07-01,12.31245905,trend_down,0.7524824829551136
2010-07-02,12.41024165,trend_down,0.9483254052857735
2010-07-05,12.11689385,trend_down,0.8533842709695522
2010-07-06,12.3369047,trend_down,0.9187684356464907
2010-07-07,12.47543005,trend_down,0.9187684356464907
2010-07-08,12.32875615,trend_down,0.9187684356464907
2010-07-09,12.5976583,trend_down,0.9653094962875512
2010-07-12,12.7769264,trend_down,0.9569493631443057
2010-07-13,12.4020931,trend_down,0.8753697464663618
2010-07-14,12.5161728,trend_down,0.9496354774399214
2010-07-15,12.222825,trend_down,0.9496354774399214
2010-07-16,12.24727065,trend_down,0.8781908115835458
2010-07-19,12.73618365,trend_up,0.4743077528822412
2010-07-20,13.12731405,trend_up,0.4743077528822412
2010-07-21,13.03768,trend_up,0.555972799311484
2010-07-22,13.22509665,trend_up,0.8524900881344755
2010-07-23,13.2984336,trend_up,0.8230272768070067
2010-07-26,13.25769085,trend_up,0.9058461351597149
2010-07-27,13.20879955,trend_up,0.7120327792700281
2010-07-28,13.69771255,trend_up,0.8183169538160069
2010-07-29,14.2273683,trend_up,0.5256026693431191
2010-07-30,13.9992089,trend_up,0.9567949741861582
2010-08-02,14.1132886,trend_up,0.9567949741861582
2010-08-03,13.7384553,trend_up,0.9558414499823895
2010-08-04,13.7058611,trend_up,0.9558414499823895
2010-08-05,13.58363285,trend_up,0.9513612180331552
2010-08-06,14.02365455,trend_up,0.9513612180331552
2010-08-09,14.00735745,trend_up,0.881474001786309
2010-08-10,13.2984336,trend_up,0.582891918217398
2010-08-11,13.2169481,trend_down,0.900980090619673
2010-08-12,12.88285755,trend_down,0.900980090619673
2010-08-13,12.9724916,trend_down,0.7757646083214381
2010-08-16,13.32287925,trend_down,0.9592704627017886
2010-08-17,13.27398795,trend_down,0.8674730476995611
2010-08-18,13.25769085,trend_down,0.6738534638853216
2010-08-19,13.3310278,trend_down,0.6044901311552546
2010-08-20,12.96434305,trend_down,0.7077603272823539
2010-08-23,12.8421148,trend_down,0.5599199789840714
2010-08-24,12.9561945,trend_down,0.7467088075887622
2010-08-25,12.52432135,trend_down,0.746461486117326
2010-08-26,12.55691555,trend_down,0.7073841454263128
2010-08-27,12.58950975,trend_down,0.7122263879303621
2010-08-30,12.78507495,trend_down,0.886942038506704
2010-08-31,12.548767,trend_down,0.7026083875862044
2010-09-01,12.41024165,trend_down,0.8835923464260621
2010-09-02,12.52432135,trend_down,0.7026083875862044
2010-09-03,12.4183902,trend_down,0.6556305938754268
2010-09-06,12.9236003,range,0.4431127668422914
2010-09-07,12.8421148,range,0.8391249478557303
2010-09-08,12.70358945,range,0.7968608643409986
2010-09-09,12.4998757,trend_down,0.7896842717487778
2010-09-10,12.4509844,trend_down,0.6306921372567642
2010-09-13,12.52432135,trend_down,0.5160479822666023
2010-09-14,12.4509844,trend_down,0.521171372013667
2010-09-15,12.222825,trend_down,0.6001888449885804
2010-09-16,12.2554192,trend_down,0.618329329741333
2010-09-17,11.9783685,trend_down,0.4203353015702891
2010-09-20,11.79095185,trend_down,0.5246680410940545
2010-09-21,11.9131801,trend_down,0.5246680410940545
2010-09-27,11.9457743,trend_down,0.7622483889464412
2010-09-28,11.53019825,trend_down,0.8996563904350625
2010-09-29,11.4242671,trend_down,0.6537255360960813
2010-09-30,11.56279245,trend_down,0.6537255360960813
2010-10-08,12.11689385,trend_down,0.9258004773213111
2010-10-11,13.3310278,trend_up,0.8183169538160069
2010-10-12,13.3147307,trend_up,0.8405112352464331
2010-10-13,13.42066185,trend_up,0.8491236163364417
2010-10-14,13.6732669,trend_up,0.711183912472177
2010-10-15,14.49627045,trend_up,0.7652307257649502
2010-10-18,14.95258925,breakout_up,0.4482922937390147
2010-10-19,15.03407475,trend_up,0.9679556215260039
2010-10-20,15.1074117,trend_up,0.5195010918436814
2010-10-21,14.65924145,trend_up,0.9679556215260039
2010-10-22,14.33329945,trend_up,0.9679556215260039
2010-10-25,15.3844624,trend_up,0.9608446534331625
2010-10-26,15.27853125,trend_up,0.8168056547882531
2010-10-27,14.6022016,trend_up,0.967029182099857
2010-10-28,14.7325784,trend_up,0.967029182099857
2010-10-29,14.39848785,trend_up,0.9661863672976857
2010-11-01,14.82221245,trend_up,0.9182273385573261
2010-11-02,14.5859045,trend_up,0.9653094962875512
2010-11-03,14.74072695,trend_up,0.9735686106763175
2010-11-04,14.8955494,trend_up,0.9136500667948829
2010-11-05,15.21334285,trend_up,0.9154340349285539
2010-11-08,15.32742255,trend_up,0.9156880955987667
2010-11-09,14.9770349,trend_up,0.9136500667948829
2010-11-10,14.6999842,trend_up,0.6409101477555205
2010-11-11,14.6999842,trend_up,0.6409101477555205
2010-11-12,13.38806765,trend_down,0.9423709533776204
2010-11-15,13.3147307,trend_down,0.9503266430238095
2010-11-16,12.57321265,trend_down,0.9292426117971776
2010-11-17,12.4672815,trend_down,0.858589004024292
2010-11-18,12.62210395,trend_down,0.9000918545670356
2010-11-19,12.711738,trend_down,0.9567949741861582
2010-11-22,12.4672815,trend_down,0.9182273385573261
2010-11-23,12.1576366,trend_down,0.9206961464705191
2010-11-24,12.50802425,trend_down,0.9742323281814625
2010-11-25,12.6628467,trend_down,0.7371038812817139
2010-11-26,12.42653875,trend_down,0.9206961464705191
2010-11-29,12.34505325,trend_down,0.9206961464705191
2010-11-30,11.98651705,trend_down,0.9738222142033667
2010-12-01,12.10059675,trend_down,0.9206961464705191
2010-12-02,12.2065279,trend_down,0.9206961464705191
2010-12-03,12.24727065,trend_down,0.9206961464705191
2010-12-06,12.7443322,trend_down,0.9306137682501783
2010-12-07,12.874709,trend_up,0.7939991758485883
2010-12-08,12.6302525,trend_up,0.5739474073462888
2010-12-09,12.47543005,trend_down,0.5894533561033574
2010-12-10,12.58950975,range,0.8335407204208519
2010-12-13,12.9236003,range,0.6813037943603433
2010-12-14,12.9073032,trend_up,0.5297699603102178
2010-12-15,13.01323435,range,0.7826346264475538
2010-12-16,12.7769264,range,0.8095349036905007
2010-12-17,12.80137205,range,0.8098109958314111
2010-12-20,12.37764745,range,0.7839144015868764
2010-12-21,12.7606293,range,0.8953960049953154
2010-12-22,12.5813612,range,0.4987464144289901
2010-12-23,12.45913295,range,0.4987464144289901
2010-12-24,12.4509844,range,0.5531899062912515
2010-12-27,12.18208225,range,0.4987464144289901
2010-12-28,11.7991004,trend_down,0.7513046747747122
2010-12-29,11.8153975,trend_down,0.5894775105614034
2010-12-30,11.83984315,trend_down,0.754879288535317
2010-12-31,12.18208225,trend_down,0.7174331767668176
2011-01-04,12.4509844,range,0.6241366913594073
2011-01-05,12.4509844,range,0.6241366913594073
2011-01-06,12.34505325,range,0.6241366913594073
2011-01-07,12.58950975,range,0.6241366913594073
2011-01-10,12.26356775,range,0.6241366913594073
2011-01-11,12.37764745,range,0.795484194260536
2011-01-12,12.47543005,range,0.8872046872473589
2011-01-13,12.55691555,range,0.7863367821971079
2011-01-14,12.5161728,range,0.8960555700076558
2011-01-17,11.98651705,range,0.7863367821971079
2011-01-18,12.1250424,range,0.5216441438981175
2011-01-19,12.27986485,range,0.7863367821971079
2011-01-20,11.8153975,range,0.5216441438981175
2011-01-21,11.93762575,trend_down,0.5314785125189843
2011-01-24,11.74206055,trend_down,0.5066592896020421
2011-01-25,11.8153975,trend_down,0.583025251242874
2011-01-26,11.8316946,trend_down,0.5626338737677908
2011-01-27,12.0272598,range,0.5277859471530039
2011-01-28,11.9783685,trend_down,0.499634526148304
2011-01-31,12.1250424,range,0.9092841441982273
2011-02-01,12.03540835,range,0.8451581376828918
2011-02-09,11.75835765,range,0.7874824008533569
2011-02-10,12.06800255,range,0.8966901890453052
2011-02-11,12.06800255,range,0.9092841441982273
2011-02-14,13.19250245,range,0.4692524128504331
2011-02-15,12.9724916,breakout_up,0.4350318049431335
2011-02-16,13.09471985,trend_up,0.8156601237330515
2011-02-17,12.9724916,trend_up,0.9423709533776204
2011-02-18,12.75248075,trend_up,0.9558414499823895
2011-02-21,13.17620535,trend_up,0.9558414499823895
2011-02-22,12.71988655,trend_up,0.9505140032602493
2011-02-23,12.76877785,trend_up,0.878459223905384
2011-02-24,13.1191655,trend_up,0.9339013390805402
2011-02-25,13.06212565,trend_up,0.9696978493388541
2011-02-28,13.1517597,trend_up,0.9696978493388541
2011-03-01,13.1191655,trend_up,0.8680805577173264
2011-03-02,12.88285755,trend_up,0.9236042312450827
2011-03-03,12.8421148,trend_up,0.9689210597843152
2011-03-04,13.01323435,trend_up,0.9696978493388541
2011-03-07,13.2495423,trend_up,0.7537990826943437
2011-03-08,13.35547345,trend_up,0.7149482680692557
2011-03-09,13.40436475,trend_up,0.781228527537468
2011-03-10,13.04582855,trend_up,0.7274146089053374
2011-03-11,12.89915465,range,0.7650296528715808
2011-03-14,12.89915465,range,0.7650296528715808
2011-03-15,12.39394455,trend_down,0.6573542631442072
2011-03-16,12.54061845,range,0.7392109578784413
2011-03-17,12.29616195,trend_down,0.5724497672398727
2011-03-18,12.4183902,trend_down,0.7599209231430892
2011-03-21,12.27986485,trend_down,0.9037099434649061
2011-03-22,12.385796,trend_down,0.8153836840655707
2011-03-23,12.548767,trend_down,0.9421127839593577
2011-03-24,12.50802425,trend_down,0.8107846739053404
2011-03-25,12.6465496,trend_down,0.922476408586515
2011-03-28,12.58950975,trend_down,0.922476408586515
2011-03-29,12.58950975,trend_down,0.7692881612965531
2011-03-30,12.34505325,trend_down,0.7029277703122272
2011-03-31,12.3369047,trend_down,0.5599199789840714
2011-04-01,12.47543005,trend_down,0.5591100434898039
2011-04-06,12.85026335,range,0.5294037623753223
2011-04-07,12.78507495,range,0.810076439693821
2011-04-08,12.89915465,range,0.7863367821971079
2011-04-11,12.67099525,range,0.8960555700076558
2011-04-12,12.7443322,range,0.5011696763574541
2011-04-13,13.06212565,trend_up,0.5313532064346187
2011-04-14,12.9236003,trend_up,0.5395489541498575
2011-04-15,12.9236003,trend_up,0.5331812904942943
2011-04-18,12.9398974,trend_up,0.4957159495566245
2011-04-19,12.548767,range,0.8953960049953154
2011-04-20,12.4835786,range,0.7851479446904522
2011-04-21,12.70358945,range,0.7851479446904522
2011-04-22,12.5324699,range,0.7851479446904522
2011-04-25,12.31245905,trend_down,0.5396748250599501
2011-04-26,12.2391221,trend_down,0.5026634865824614
2011-04-27,12.19837935,trend_down,0.5639859439383654
2011-04-28,12.03540835,trend_down,0.8795917697363257
2011-04-29,12.19837935,trend_down,0.7269708128231741
2011-05-03,12.24727065,trend_down,0.7224166514371863
2011-05-04,11.90503155,trend_down,0.8961717922740089
2011-05-05,11.92132865,trend_down,0.7078672547664845
2011-05-06,11.98651705,trend_down,0.5186279041492329
2011-05-09,12.0272598,trend_down,0.732423099239252
2011-05-10,12.11689385,trend_down,0.732423099239252
2011-05-11,12.13319095,trend_down,0.9025359750836585
2011-05-12,11.8642888,trend_down,0.9025359750836585
2011-05-13,11.8642888,trend_down,0.7319172005549417
2011-05-16,11.8316946,trend_down,0.8965282913525047
2011-05-17,11.93762575,trend_down,0.6738534638853216
2011-05-18,12.05170545,range,0.6906243675027866
2011-05-19,11.9946656,range,0.5223252786344997
2011-05-20,12.01911125,range,0.807210201598864
2011-05-23,11.61168375,trend_down,0.6113079449712938
2011-05-24,11.5872381,trend_down,0.4168562674254115
2011-05-25,11.4731584,trend_down,0.4753915958970703
2011-05-26,11.5383468,trend_down,0.5762803695134878
2011-05-27,11.53019825,trend_down,0.63013734045875
2011-05-30,11.4568613,trend_down,0.861881937676793
2011-05-31,11.66057505,trend_down,0.63013734045875
2011-06-01,11.66057505,range,0.53857101443708
2011-06-02,11.5872381,trend_down,0.8202936324525594
2011-06-03,11.62089404,trend_down,0.5995452105459698
2011-06-07,11.59564952,range,0.5412023832418099
2011-06-08,11.59564952,range,0.5412023832418099
2011-06-09,11.53674564,trend_down,0.5543913490802855
2011-06-10,11.58723468,trend_down,0.5543913490802855
2011-06-13,11.4021082,trend_down,0.6038276077861967
2011-06-14,11.5283308,trend_down,0.4041750117837188
2011-06-15,11.30954496,trend_down,0.5585329125631213
2011-06-16,11.13283332,trend_down,0.4745720771165608
2011-06-17,11.15807784,trend_down,0.4796231275170024
2011-06-20,11.25905592,trend_down,0.6226629633033841
2011-06-21,11.25064108,trend_down,0.5276068498190137
2011-06-22,11.11600364,trend_down,0.6342174542420594
2011-06-23,11.25064108,trend_down,0.6383673665382656
2011-06-24,11.780776,trend_up,0.44267070338201564
2011-06-27,11.70504244,trend_up,0.4537003064287915
2011-06-28,11.67138308,trend_up,0.4537003064287915
2011-06-29,11.51150112,range,0.5009286070616341
2011-06-30,11.570405,trend_up,0.737823825568231
2011-07-01,11.54516048,trend_up,0.8282807928201137
2011-07-04,11.74711664,trend_up,0.8204744981771703
2011-07-05,11.70504244,trend_up,0.9423709533776204
2011-07-06,11.62089404,trend_up,0.775078054677678
2011-07-07,11.570405,trend_up,0.8092877319607931
2011-07-08,11.59564952,trend_up,0.8092877319607931
2011-07-11,11.54516048,trend_up,0.6163344414591361
2011-07-12,11.1917372,trend_down,0.8867905093980063
2011-07-13,11.360034,trend_down,0.7577093091748506
2011-07-14,11.36844884,trend_down,0.717477468649036
2011-07-15,11.51150112,range,0.6059263082798054
2011-07-18,11.46101208,trend_down,0.49102642257521434
2011-07-19,11.26747076,trend_down,0.5175517101619567
2011-07-20,11.30113012,range,0.5519205313203397
2011-07-21,11.22539656,range,0.5525671821101094
2011-07-22,11.4021082,range,0.5531899062912515
2011-07-25,10.93087716,trend_down,0.8703624236647285
2011-07-26,10.91404748,trend_down,0.6982178834829142
2011-07-27,10.8972178,trend_down,0.44558515003297844
2011-07-28,10.5606242,trend_down,0.46960485991817946
2011-07-29,10.73733584,trend_down,0.5322778349129721
2011-08-01,10.63635776,trend_down,0.8902144987503774
2011-08-02,10.48489064,trend_down,0.8219355018305541
2011-08-03,10.4344016,trend_down,0.8219355018305541
2011-08-04,10.44281644,trend_down,0.8927407182097999
2011-08-05,10.12305252,trend_down,0.5238087613397967
2011-08-08,9.52559888,breakout_down,0.4835645679925929
2011-08-09,9.40779112,trend_down,0.7960716527001371
2011-08-10,9.44145048,trend_down,0.9742323281814625
2011-08-11,9.677066,trend_down,0.938106489634533
2011-08-12,9.5929176,trend_down,0.9742323281814625
2011-08-15,9.78645892,trend_down,0.9742323281814625
2011-08-16,9.56767308,trend_down,0.9742323281814625
2011-08-17,9.66023632,trend_down,0.9742323281814625
2011-08-18,9.47510984,trend_down,0.968840342841616
2011-08-19,9.31522788,trend_down,0.968840342841616
2011-08-22,9.24790916,trend_down,0.968840342841616
2011-08-23,9.466695,trend_down,0.8958711337427966
2011-08-24,9.47510984,trend_down,0.8934098402710774
2011-08-25,10.11463768,trend_up,0.5529036999713479
2011-08-26,10.03048928,trend_down,0.5529036999713479
2011-08-29,9.71072536,trend_down,0.9423709533776204
2011-08-30,9.72755504,trend_down,0.8156601237330515
2011-08-31,9.82853312,trend_down,0.6491959135829651
2011-09-01,9.72755504,trend_down,0.9332347807542475
2011-09-02,9.60974728,trend_down,0.8892108789204528
2011-09-05,9.43303564,trend_down,0.7981810015063306
2011-09-06,9.466695,trend_down,0.7981810015063306
2011-09-07,9.82011828,trend_down,0.7071502087268331
2011-09-08,9.62657696,trend_down,0.7018222888918412
2011-09-09,9.86219248,range,0.455445798709778
2011-09-13,10.03890412,trend_up,0.6491959135829651
2011-09-14,10.21561576,trend_up,0.6491959135829651
2011-09-15,10.08097832,trend_up,0.6701273185583778
2011-09-16,10.08097832,trend_up,0.7378201178256709
2011-09-19,9.68548084,range,0.7995050735526689
2011-09-20,9.91268152,range,0.7995050735526689
2011-09-21,10.308179,range,0.527686887311356
2011-09-22,9.8032886,range,0.7995050735526689
2011-09-23,10.03048928,range,0.5662926162526309
2011-09-26,10.0557338,range,0.5662926162526309
2011-09-27,10.308179,range,0.45611619011967564
2011-09-28,10.21561576,range,0.5521940070910744
2011-09-29,10.3502532,trend_up,0.6357521792152717
2011-09-30,10.13146736,trend_up,0.7065708320159619
2011-10-10,10.0136596,range,0.7428245249135514
2011-10-11,10.11463768,range,0.44149453231428376
2011-10-12,10.92246232,range,0.40995013098298977
2011-10-13,10.78782488,trend_up,0.703861305346061
2011-10-14,10.74575068,trend_up,0.7321433425985422
2011-10-17,10.6447726,trend_up,0.9099217658729523
2011-10-18,10.21561576,trend_up,0.48857625313101755
2011-10-19,10.308179,trend_up,0.4255540044679468
2011-10-20,10.40074224,trend_up,0.6735886903367564
2011-10-21,10.32500868,trend_down,0.7273657092766985
2011-10-24,10.73733584,trend_up,0.6735886903367564
2011-10-25,10.78782488,trend_up,0.9141124814934338
2011-10-26,10.73733584,trend_up,0.727551455644488
2011-10-27,10.67843196,trend_up,0.5634225337601528
2011-10-28,10.82989908,trend_up,0.7822106959010607
2011-10-31,10.74575068,trend_up,0.7822106959010607
2011-11-01,10.84672876,trend_up,0.9259188089160423
2011-11-02,11.05709976,trend_up,0.9236042312450827
2011-11-03,10.91404748,trend_up,0.8858263562040415
2011-11-04,10.92246232,trend_up,0.7773152170942038
2011-11-07,10.75416552,trend_up,0.7250508250909043
2011-11-08,10.75416552,range,0.5732701834174249
2011-11-09,10.83831392,trend_up,0.9013151139342803
2011-11-10,10.4764758,range,0.47633243362523947
2011-11-11,10.3502532,range,0.4842447860690605
2011-11-14,10.56903904,range,0.8752594922767772
2011-11-15,10.51013516,range,0.7497206378675046
2011-11-16,10.2240306,trend_down,0.6956124261749731
2011-11-17,10.15671188,trend_down,0.5628047618033174
2011-11-18,9.9715854,trend_down,0.6953283394088489
2011-11-21,10.0136596,trend_down,0.8963544916064796
2011-11-22,9.95475572,trend_down,0.9090977973531342
2011-11-23,9.69389568,trend_down,0.9719927446022949
2011-11-24,9.66865116,trend_down,0.8797580796645559
2011-11-25,9.6349918,trend_down,0.5238087613397967
2011-11-28,9.74438472,trend_down,0.9206961464705191
2011-11-29,9.87060732,trend_down,0.9206961464705191
2011-11-30,9.3404724,trend_down,0.5407135016471885
2011-12-01,9.65182148,trend_down,0.967029182099857
2011-12-02,9.44986532,trend_down,0.967029182099857
2011-12-05,9.5087692,trend_down,0.967029182099857
2011-12-06,9.6349918,trend_down,0.967029182099857
2011-12-07,9.73596988,trend_down,0.886942038506704
2011-12-08,9.7191402,trend_down,0.9653094962875512
2011-12-09,9.61816212,trend_down,0.9162450753751263
2011-12-12,9.47510984,trend_down,0.9162450753751263
2011-12-13,9.24790916,trend_down,0.6537255360960815
2011-12-14,9.11327172,trend_down,0.9152237074484002
2011-12-15,8.9197304,trend_down,0.6458894425912948
2011-12-16,8.95338976,trend_down,0.49200707268621524
2011-12-19,8.80192264,trend_down,0.9244569324478901
2011-12-20,8.59155164,trend_down,0.967029182099857
2011-12-21,8.42325484,trend_down,0.9244569324478901
2011-12-22,8.43166968,trend_down,0.6504743209313293
2011-12-23,8.48215872,trend_down,0.967029182099857
2011-12-26,8.35593612,trend_down,0.9182273385573261
2011-12-27,8.36435096,trend_down,0.967029182099857
2011-12-28,8.57472196,trend_down,0.967029182099857
2011-12-29,8.52423292,trend_down,0.8895342149017359
2011-12-30,8.5831368,trend_down,0.886942038506704
2012-01-04,8.34752128,trend_down,0.9661863672976857
2012-01-05,8.19605416,trend_down,0.967029182099857
2012-01-06,8.41484,trend_down,0.967029182099857
2012-01-09,8.70094456,trend_down,0.9090635430530795
2012-01-10,8.93656008,trend_up,0.5529036999713479
2012-01-11,8.82716716,trend_up,0.808111438353901
2012-01-12,8.76826328,trend_down,0.6491959135829651
2012-01-13,8.50740324,trend_down,0.9558414499823894
2012-01-16,8.42325484,trend_down,0.9025533180197977
2012-01-17,8.84399684,trend_up,0.4348970672860595
2012-01-18,8.74301876,trend_up,0.7411093228820071
2012-01-19,8.94497492,trend_up,0.791011945543973
2012-01-20,9.15534592,trend_up,0.8233504847307384
2012-01-30,8.99546396,trend_up,0.9058461351597149
2012-01-31,8.97021944,trend_up,0.7547601062651265
2012-02-01,8.74301876,range,0.43720636478307423
2012-02-02,8.97863428,trend_up,0.6615824891304735
2012-02-03,8.99546396,range,0.4842447860690605
2012-02-06,8.9618046,range,0.4842447860690605
2012-02-07,8.64204068,range,0.7482809570184261
2012-02-08,8.94497492,range,0.5592954350852848
2012-02-09,8.91131556,range,0.8064962037434751
2012-02-10,8.9618046,range,0.7839144015868764
2012-02-13,8.9618046,range,0.7839144015868764
2012-02-14,8.99546396,range,0.5578470874888187
2012-02-15,9.15534592,range,0.4826794642061715
2012-02-16,9.15534592,range,0.5077243257208133
2012-02-17,9.19742012,range,0.503765703586342
2012-02-20,9.1721756,range,0.49909860346433305
2012-02-21,9.20583496,range,0.5142326823164493
2012-02-22,9.7191402,trend_up,0.49519310079881873
2012-02-23,9.87060732,trend_up,0.7376497248185544
2012-02-24,10.1819564,trend_up,0.504032890722713
2012-02-27,10.29976416,trend_up,0.504032890722713
2012-02-28,10.40915708,trend_up,0.9742323281814625
2012-02-29,10.1819564,trend_up,0.9742323281814625
2012-03-01,10.28293448,trend_up,0.9742323281814625
2012-03-02,10.58586872,trend_up,0.9742323281814625
2012-03-05,10.67001712,trend_up,0.8231946377914303
2012-03-06,10.49330548,trend_up,0.9696978493388541
2012-03-07,10.58586872,trend_up,0.9696978493388541
2012-03-08,11.05709976,trend_up,0.8237904192896002
2012-03-09,11.03185524,trend_up,0.9019048519618212
2012-03-12,10.99819588,trend_up,0.9705246689210671
2012-03-13,11.04027008,trend_up,0.9019048519618212
2012-03-14,10.53537968,trend_up,0.6461062107950882
2012-03-15,10.42598676,trend_up,0.9653094962875512
2012-03-16,10.7709952,trend_up,0.9735686106763175
2012-03-19,10.91404748,trend_up,0.9742323281814625
2012-03-20,10.52696484,trend_up,0.9653094962875512
2012-03-21,10.40074224,trend_down,0.8156601237330515
2012-03-22,10.4764758,trend_down,0.6073029387372603
2012-03-23,10.46806096,range,0.43720636478307423
2012-03-26,10.21561576,trend_down,0.8156601237330515
2012-03-27,10.1398822,range,0.47633243362523947
2012-03-28,9.93792604,trend_down,0.8078349232993257
2012-03-29,9.94634088,trend_down,0.7566857752191221
2012-03-30,10.07256348,trend_down,0.6465933116478583
2012-04-05,10.61952808,range,0.6210429185113224
2012-04-06,10.50172032,trend_up,0.5183425986193364
2012-04-09,10.4764758,trend_up,0.5183425986193364
2012-04-10,10.57745388,trend_up,0.5111506662096559
2012-04-11,10.65318744,trend_up,0.8106573326538037
2012-04-12,10.65318744,trend_up,0.6923523892331434
2012-04-13,10.97295136,trend_up,0.8212374982210057
2012-04-16,11.05709976,trend_up,0.8568658458326291
2012-04-17,10.728921,trend_up,0.7624714097997891
2012-04-18,11.36844884,trend_up,0.8509736481031627
2012-04-19,11.34320432,trend_up,0.9285794203562051
2012-04-20,11.83126504,trend_up,0.8273627485107009
2012-04-23,11.46101208,trend_up,0.8612978915360555
2012-04-24,11.62930888,trend_up,0.938106489634533
2012-04-25,11.42735272,trend_up,0.9742323281814625
2012-04-26,11.43576756,trend_up,0.9735686106763175
2012-04-27,11.13283332,trend_up,0.9653094962875512
2012-05-02,11.360034,trend_up,0.9212211388208612
2012-05-03,11.56199016,trend_up,0.9680422957267861
2012-05-04,11.45259724,trend_up,0.9355279931890701
2012-05-07,11.53674564,trend_up,0.8452061671728198
2012-05-08,11.25064108,trend_up,0.8609584640773721
2012-05-09,11.22539656,trend_up,0.8609584640773721
2012-05-10,11.25905592,range,0.5056560035513842
2012-05-11,11.21698172,range,0.763057687308506
2012-05-14,11.24222624,range,0.5802914207063435
2012-05-15,11.360034,range,0.4987464144289901
2012-05-16,11.20015204,range,0.8872046872473589
2012-05-17,11.76394632,range,0.4962490207082196
2012-05-18,11.51991596,range,0.7687647182774826
2012-05-21,11.26747076,range,0.7687647182774826
2012-05-22,11.51991596,range,0.8098109958314111
2012-05-23,11.74711664,range,0.7851479446904522
2012-05-24,11.70504244,trend_up,0.5014225454719323
2012-05-25,11.71345728,range,0.5077243257208134
2012-05-28,11.9069986,trend_up,0.5404470469467834
2012-05-29,12.20993284,trend_up,0.4809357475149519
2012-05-30,12.39505932,trend_up,0.8607577845784659
2012-05-31,12.19310316,trend_up,0.6788501807348961
2012-06-01,12.4539632,trend_up,0.8302799287127355
2012-06-04,11.92382828,trend_up,0.8296212131016089
2012-06-05,11.56380337,trend_down,0.5399094434744496
2012-06-06,11.5723755,trend_down,0.7275557528240247
2012-06-07,11.5723755,trend_down,0.5399094434744496
2012-06-08,11.71810171,trend_down,0.6100032138997542
2012-06-11,12.12099182,trend_up,0.6100032138997542
2012-06-12,11.96669348,trend_up,0.5415660544584266
2012-06-13,12.28386229,trend_up,0.6100032138997542
2012-06-14,12.01812626,trend_up,0.8489039039438464
2012-06-15,11.89811644,range,0.573270183417425
2012-06-18,12.12099182,trend_up,0.7193881254680715
2012-06-19,11.82096727,range,0.8851589731971736
2012-06-20,11.44379355,range,0.6181897121652762
2012-06-21,11.02375918,range,0.6216918907592028
2012-06-25,10.5437199,trend_down,0.4966302278547805
2012-06-26,10.76659528,trend_down,0.8964466843873214
2012-06-27,10.69801824,trend_down,0.7378201178256709
2012-06-28,10.68944611,trend_down,0.7515552165366696
2012-06-29,11.28949521,trend_down,0.8724350267186767
2012-07-02,11.17805752,trend_down,0.6937631784391243
2012-07-03,10.98947066,trend_down,0.8693229371688215
2012-07-04,11.03233131,trend_down,0.6846371050174314
2012-07-05,10.66372972,trend_down,0.8980202892131044
2012-07-06,11.07519196,trend_down,0.8888063780690166
2012-07-09,10.70659037,trend_down,0.9136500667948829
2012-07-10,10.75802315,trend_down,0.9136500667948829
2012-07-11,11.04947557,trend_down,0.8888063780690166
2012-07-12,11.42664929,trend_up,0.4676909840775995
2012-07-13,11.28092308,trend_up,0.6428670560630614
2012-07-16,11.15234113,range,0.4645701428517306
2012-07-17,11.52094272,trend_up,0.6428670560630614
2012-07-18,11.76096236,trend_up,0.8980202892131043
2012-07-19,11.7438181,trend_up,0.6981605724174039
2012-07-20,11.6580968,range,0.5011696763574541
2012-07-23,11.46950994,trend_up,0.7075252337545701
2012-07-24,11.52951485,trend_up,0.7075252337545701
2012-07-25,11.52951485,trend_up,0.5838886751055224
2012-07-26,11.52951485,trend_up,0.5838886751055224
2012-07-27,11.52951485,trend_up,0.7075252337545701
2012-07-30,11.52951485,trend_up,0.7075252337545701
2012-07-31,11.52951485,trend_up,0.7122263879303621
2012-08-01,10.89517723,trend_down,0.4284422482649069
2012-08-02,10.56086416,trend_down,0.5177600533222355
2012-08-03,10.60372481,trend_down,0.83445980475675
2012-08-06,10.86088871,trend_down,0.8489039039438464
2012-08-07,10.79231167,trend_down,0.9236042312450827
2012-08-08,10.83517232,trend_down,0.7178249444067358
2012-08-09,10.80945593,trend_down,0.8965282913525047
2012-08-10,10.68944611,trend_down,0.9696978493388541
2012-08-13,9.69507903,trend_down,0.5280567246047543
2012-08-14,9.56649708,trend_down,0.9152237074484002
2012-08-15,9.48934791,trend_down,0.9098009843105702
2012-08-16,9.49792004,trend_down,0.9098009843105702
2012-08-17,9.41219874,trend_down,0.8264601616968841
2012-08-20,9.429343,trend_down,0.8989257226588602
2012-08-21,9.47220365,trend_down,0.8989257226588602
2012-08-22,9.45505939,trend_down,0.9254264981159408
2012-08-23,9.52363643,trend_down,0.9254264981159408
2012-08-24,9.46363152,trend_down,0.9254264981159408
2012-08-27,8.98359224,trend_down,0.8264601616968841
2012-08-28,9.0864578,trend_down,0.9742323281814625
2012-08-29,9.00930863,trend_down,0.9230955164120815
2012-08-30,9.36076596,trend_down,0.9331059479786932
2012-08-31,9.429343,trend_down,0.9569493631443057
2012-09-03,9.72079542,trend_down,0.9090635430530795
2012-09-04,9.62650199,trend_down,0.8375576247161503
2012-09-05,9.66079051,trend_down,0.9423709533776204
2012-09-06,9.79794459,trend_down,0.790893365222354
2012-09-07,10.50943138,trend_up,0.8135403095324131
2012-09-10,10.62086907,trend_up,0.9450935403116844
2012-09-11,10.5437199,trend_up,0.9423709533776204
2012-09-12,10.50943138,trend_up,0.934401781259849
2012-09-13,10.26083961,trend_up,0.9423709533776204
2012-09-14,10.26083961,trend_up,0.8135403095324131
2012-09-17,9.72079542,trend_up,0.5693234864679636
2012-09-18,9.57506921,trend_down,0.5693234864679636
2012-09-19,9.84937737,trend_up,0.6073029387372603
2012-09-20,9.67793477,trend_down,0.8959112403874824
2012-09-21,9.72079542,trend_down,0.8500151940332742
2012-09-24,9.87509376,trend_down,0.8106573326538037
2012-09-25,10.00367571,range,0.6289200282351567
2012-09-26,9.87509376,trend_down,0.5824918233590364
2012-09-27,10.38942156,trend_up,0.3981116224126416
2012-09-28,10.78373954,range,0.5215566425289972
2012-10-08,10.79231167,trend_up,0.5905569285296293
2012-10-09,10.9723264,trend_up,0.6881402226691622
2012-10-10,10.96375427,trend_up,0.7912276721569185
2012-10-11,10.79231167,trend_up,0.9037099434649061
2012-10-12,10.92089362,trend_up,0.968840342841616
2012-10-15,10.92089362,trend_up,0.968840342841616
2012-10-16,10.90374936,trend_up,0.8958711337427966
2012-10-17,10.80945593,trend_up,0.9679511336517824
2012-10-18,10.86946084,trend_up,0.9671310851438669
2012-10-19,10.78373954,trend_up,0.8902144987503774
2012-10-22,10.92946575,trend_up,0.9671310851438669
2012-10-23,10.49228712,trend_down,0.7939991758485883
2012-10-24,10.38942156,trend_down,0.7656634859672273
2012-10-25,10.22655109,trend_down,0.8976590831882497
2012-10-26,9.87509376,trend_down,0.5183425986193364
2012-10-29,9.82366098,trend_down,0.8705313301600581
2012-10-30,9.96081506,trend_down,0.9053335040930582
2012-10-31,9.95224293,trend_down,0.9236042312450827
2012-11-01,10.29512813,trend_down,0.9653094962875512
2012-11-02,10.50943138,trend_down,0.5784702925237408
2012-11-05,10.42371008,range,0.5367232051589758
2012-11-06,10.42371008,trend_down,0.5739474073462888
2012-11-07,10.18369044,trend_down,0.934401781259849
2012-11-08,9.75508394,trend_down,0.7990807723304278
2012-11-09,9.48934791,trend_down,0.8431011846147254
2012-11-12,9.59221347,trend_down,0.8724427306210515
2012-11-13,9.2579004,trend_down,0.9419236383521948
2012-11-14,9.43791513,trend_down,0.8958711337427966
2012-11-15,9.3436217,trend_down,0.968840342841616
2012-11-16,9.37791022,trend_down,0.8958711337427966
2012-11-19,9.58364134,trend_down,0.968840342841616
2012-11-20,9.55792495,trend_down,0.9742323281814625
2012-11-21,9.91795441,trend_down,0.5784702925237408
2012-11-22,9.8579495,trend_up,0.7707603053954855
2012-11-23,9.79794459,trend_up,0.7970122181324113
2012-11-26,9.50649217,trend_down,0.7939991758485883
2012-11-27,9.37791022,trend_down,0.8754655967026245
2012-11-28,9.30076105,trend_down,0.533227573154796
2012-11-29,8.68356769,breakout_down,0.4792920012035276
2012-11-30,8.7435726,trend_down,0.6280224890544183
2012-12-03,8.58070213,trend_down,0.9182273385573261
2012-12-04,8.76071686,trend_down,0.8883657240708963
2012-12-05,9.24932827,trend_down,0.9057469602671184
2012-12-06,9.33504957,trend_down,0.9057469602671184
2012-12-07,9.84080524,trend_up,0.5034235427905931
2012-12-10,9.84937737,trend_up,0.6954078233424869
2012-12-11,9.98653145,trend_up,0.8460384384782231
2012-12-12,9.98653145,trend_up,0.8460384384782231
2012-12-13,9.92652654,trend_up,0.78186981235211
2012-12-14,10.82660019,breakout_up,0.46834029731221904
2012-12-17,11.11805261,trend_up,0.5770509136651124
2012-12-18,11.143769,trend_up,0.5032113581315474
2012-12-19,11.29806734,trend_up,0.9569306208080132
2012-12-20,11.59809189,trend_up,0.8003153026697971
2012-12-21,11.34092799,trend_up,0.8264601616968841
2012-12-24,11.27235095,trend_up,0.9742323281814625
2012-12-25,11.36664438,trend_up,0.8003153026697971
2012-12-26,11.10090835,trend_up,0.938106489634533
2012-12-27,10.96375427,trend_up,0.9735686106763175
2012-12-28,11.66666893,trend_up,0.938106489634533
2012-12-31,12.0867033,trend_up,0.8003153026697971
2013-01-04,12.02669839,trend_up,0.9742323281814625
2013-01-07,11.97526561,trend_up,0.9517279395223786
2013-01-08,11.62380828,trend_up,0.9742323281814625
2013-01-09,11.54665911,trend_up,0.8958711337427966
2013-01-10,11.61523615,trend_up,0.9680422957267861
2013-01-11,11.13519687,trend_down,0.7970122181324113
2013-01-14,11.76096236,trend_up,0.9355279931890701
2013-01-15,11.78667875,trend_up,0.8471799711672638
2013-01-16,11.58951976,trend_up,0.8036700552552861
2013-01-17,11.55523124,trend_up,0.5255368726491012
2013-01-18,11.89811644,trend_up,0.8579993070247722
2013-01-21,11.88954431,trend_up,0.5618073999884746
2013-01-22,11.88097218,trend_up,0.7174331767668176
2013-01-23,11.8295394,trend_up,0.7124680888866436
2013-01-24,11.71810171,trend_up,0.6518016609119309
2013-01-25,11.58951976,range,0.5049031794764315
2013-01-28,12.40387211,trend_up,0.6486254732789563
2013-01-29,13.08107038,trend_up,0.7683339857699706
2013-01-30,12.9439163,trend_up,0.6458894425912948
2013-01-31,12.95248843,trend_up,0.9499801362641012
2013-02-01,13.4582441,trend_up,0.923583436893831
2013-02-04,13.63825883,trend_up,0.6337574937668935
2013-02-05,13.36395067,trend_up,0.967029182099857
2013-02-06,13.50967688,trend_up,0.9679511336517824
2013-02-07,13.74969652,trend_up,0.968840342841616
2013-02-08,13.69826374,trend_up,0.8958711337427966
2013-02-18,12.9439163,trend_up,0.9680422957267861
2013-02-19,12.54959832,trend_down,0.8993481562721959
2013-02-20,12.62674749,trend_down,0.8993481562721959
2013-02-21,12.12956395,trend_down,0.8993481562721959
2013-02-22,12.00955413,trend_down,0.7707603053954855
2013-02-25,12.12099182,trend_down,0.8452061671728198
2013-02-26,11.94954922,trend_down,0.9355279931890701
2013-02-27,12.50673767,trend_down,0.5784702925237408
2013-02-28,13.15821955,trend_up,0.9355279931890701
2013-03-01,13.20965233,trend_up,0.7428243732053119
2013-03-04,11.95812135,trend_down,0.5059697794206977
2013-03-05,12.59245897,range,0.5592954350852848
2013-03-06,12.37815572,range,0.7472219107038316
2013-03-07,12.1724246,range,0.6241366913594073
2013-03-08,12.06098691,range,0.7687647182774826
2013-03-11,12.10384756,range,0.7687647182774826
2013-03-12,11.93240496,trend_down,0.6956124261749731
2013-03-13,11.55523124,trend_down,0.5595946026746559
2013-03-14,11.61523615,trend_down,0.5530440598952263
2013-03-15,11.59809189,trend_down,0.6831191173599914
2013-03-18,11.36664438,trend_down,0.5355572095786205
2013-03-19,11.64095254,trend_down,0.6412619597296555
2013-03-20,12.16385247,range,0.7995050735526689
2013-03-21,12.28386229,range,0.8872046872473589
2013-03-22,12.22385738,range,0.6125631315948684
2013-03-25,12.10384756,range,0.7497206378675046
2013-03-26,11.78667875,range,0.7995050735526689
2013-03-27,11.92383283,range,0.7535994836059334
2013-03-28,11.16091326,range,0.7620752692858002
2013-03-29,10.84374445,range,0.6072040256877345
2013-04-01,10.89517723,trend_down,0.5591100434898039
2013-04-02,11.0580477,trend_down,0.454070587539772
2013-04-03,11.10090835,trend_down,0.5901611865688013
2013-04-08,11.02375918,trend_down,0.9022389809478716
2013-04-09,11.4009329,trend_down,0.9270210358572549
2013-04-10,11.37521651,trend_down,0.7747671801672509
2013-04-11,11.21234604,trend_down,0.9438657732455722
2013-04-12,11.11805261,trend_down,0.9735686106763175
2013-04-15,11.13519687,trend_down,0.9742323281814625
2013-04-16,11.64952467,trend_up,0.8156601237330515
2013-04-17,11.56380337,trend_up,0.7656634859672273
2013-04-18,11.73524597,trend_up,0.5183425986193364
2013-04-19,12.18956886,trend_up,0.6008334331331971
2013-04-22,12.0867033,trend_up,0.8672707799644854
2013-04-23,11.52951485,range,0.8335407204208519
2013-04-24,11.95812135,range,0.5855207774485307
2013-04-25,11.81239514,range,0.6813037943603433
2013-04-26,11.5621632,range,0.8335407204208519
2013-05-02,11.79513216,range,0.6813037943603433
2013-05-03,12.39912576,trend_up,0.5393702142943034
2013-05-06,12.73563648,trend_up,0.7895485230885659
2013-05-07,12.4250112,trend_up,0.6876217229161292
2013-05-08,12.26969856,trend_up,0.8753697464663618
2013-05-09,11.9935872,range,0.4943909713584308
2013-05-10,11.89867392,range,0.8072668076257075
2013-05-13,11.57942016,range,0.6148610574654111
2013-05-14,11.15662464,range,0.5625029901970459
2013-05-15,11.1307392,range,0.6635394563209284
2013-05-16,11.3895936,trend_down,0.5013448187242499
2013-05-17,11.58804864,trend_down,0.546959797294051
2013-05-20,12.0367296,range,0.7812531981621958
2013-05-21,12.07124352,range,0.9072981748131455
2013-05-22,12.05398656,trend_up,0.5591100434898039
2013-05-23,11.76061824,range,0.8953960049953154
2013-05-24,11.94181632,range,0.5582723723353322
2013-05-27,12.295584,range,0.5198817745810703
2013-05-28,12.65798016,trend_up,0.7029277703122273
2013-05-29,12.49403904,trend_up,0.5589744999350681
2013-05-30,12.62346624,trend_up,0.684527633970146
2013-05-31,12.34735488,trend_up,0.7124680888866436
2013-06-03,12.2092992,trend_up,0.6518016609119309
2013-06-04,11.76061824,range,0.8034067673847938
2013-06-05,11.89004544,range,0.5882663822619455
2013-06-06,11.7347328,trend_down,0.5783064637189992
2013-06-07,11.67433344,range,0.5731823569743637
2013-06-13,11.001312,trend_down,0.6357311226644753
2013-06-14,10.98405504,trend_down,0.5597844883790577
2013-06-17,10.76834304,trend_down,0.7071669594298431
2013-06-18,10.89777024,trend_down,0.7557929216665042
2013-06-19,10.43183232,trend_down,0.5275383222724065
2013-06-20,10.06080768,trend_down,0.8927407182097999
2013-06-21,9.45681408,breakout_down,0.4835645679925929
2013-06-24,8.77516416,trend_down,0.5293985367695945
2013-06-25,8.40413952,trend_down,0.8003153026697971
2013-06-26,8.5421952,trend_down,0.9742323281814625
2013-06-27,8.55082368,trend_down,0.9742323281814625
2013-06-28,8.8010496,trend_down,0.9742323281814625
2013-07-01,8.76653568,trend_down,0.9679511336517824
2013-07-02,8.77516416,trend_down,0.8927407182097999
2013-07-03,8.63710848,trend_down,0.9679511336517824
2013-07-04,8.74927872,trend_down,0.9679511336517824
2013-07-05,8.74927872,trend_down,0.9206961464705191
2013-07-08,8.55945216,trend_down,0.9206961464705191
2013-07-09,8.57670912,trend_down,0.9187684356464907
2013-07-10,8.95636224,trend_down,0.9653094962875512
2013-07-11,9.8364672,trend_up,0.5428647267691095
2013-07-12,9.3619008,trend_down,0.790893365222354
2013-07-15,10.06080768,trend_up,0.8135403095324131
2013-07-16,10.14709248,trend_up,0.8912103162014117
2013-07-17,9.76743936,trend_up,0.9423709533776204
2013-07-18,9.58624128,trend_down,0.7876930355509575
2013-07-19,9.275616,trend_down,0.932025720133591
2013-07-22,9.39641472,trend_down,0.9526892231117793
2013-07-23,9.78469632,trend_up,0.8156601237330515
2013-07-24,9.64664064,trend_up,0.6428670560630614
2013-07-25,9.67252608,trend_up,0.6428670560630614
2013-07-26,9.51721344,trend_up,0.8156601237330515
2013-07-29,9.05127552,trend_down,0.8336073750509411
2013-07-30,9.31012992,range,0.5799617300945734
2013-07-31,9.4481856,range,0.7638272540456548
2013-08-01,9.75881088,range,0.7544736893571622
2013-08-02,9.62938368,range,0.5799617300945734
2013-08-05,9.78469632,range,0.5913082628701426
2013-08-06,9.82783872,range,0.8076301088394207
2013-08-07,9.7501824,range,0.5035202058056177
2013-08-08,9.70704,range,0.5543668809139047
2013-08-09,9.73292544,range,0.5543668809139047
2013-08-12,10.12120704,range,0.4879726024174511
2013-08-13,10.06080768,range,0.5085700940831885
2013-08-14,9.98315136,range,0.5198817745810703
2013-08-15,9.80195328,range,0.5198817745810703
2013-08-16,10.45771776,trend_up,0.5360031449433499
2013-08-19,10.45771776,trend_up,0.63984502046001
2013-08-20,9.41367168,range,0.8335407204208519
2013-08-21,8.86144896,trend_down,0.8528484063173296
2013-08-22,8.61122304,trend_down,0.8041559452888828
2013-08-23,8.49042432,trend_down,0.803847628597375
2013-08-26,8.844192,trend_down,0.9365728327825781
2013-08-27,8.7147648,trend_down,0.8880290110764029
2013-08-28,8.63710848,trend_down,0.9212211388208612
2013-08-29,8.68887936,trend_down,0.9212211388208612
2013-08-30,8.68887936,trend_down,0.9212211388208612
2013-09-02,7.94683008,trend_down,0.8930934928488145
2013-09-03,7.90368768,trend_down,0.8336195283372401
2013-09-04,8.01585792,trend_down,0.9251993854483096
2013-09-05,7.90368768,trend_down,0.8989257226588602
2013-09-06,7.91231616,trend_down,0.9254264981159408
2013-09-09,8.49042432,trend_down,0.9177303842893451
2013-09-10,8.61985152,trend_down,0.9653094962875512
2013-09-11,8.77516416,trend_up,0.5529036999713479
2013-09-12,8.99087616,trend_up,0.9096603708933312
2013-09-13,8.80967808,trend_up,0.8123414493055849
2013-09-16,8.74927872,trend_up,0.5739474073462888
2013-09-17,8.46453888,trend_down,0.7990807723304278
2013-09-18,8.56808064,trend_down,0.6876217229161292
2013-09-23,8.61985152,range,0.7995050735526689
2013-09-24,8.38688256,range,0.5662926162526309
2013-09-25,8.34374016,trend_down,0.5145769405993377
2013-09-26,8.10214272,trend_down,0.6901246879786478
2013-09-27,8.27471232,trend_down,0.5774656010470498
2013-09-30,8.21431296,trend_down,0.5145769405993377
2013-10-08,8.29196928,trend_down,0.5145769405993377
2013-10-09,8.29196928,trend_down,0.5145769405993377
2013-10-10,8.09351424,trend_down,0.6966642153027174
2013-10-11,8.2401984,range,0.5294883595780457
2013-10-14,8.17117056,range,0.5294883595780457
2013-10-15,8.2401984,range,0.5294883595780457
2013-10-16,8.09351424,trend_down,0.6409101477555205
2013-10-17,8.17117056,trend_down,0.6409101477555205
2013-10-18,8.34374016,range,0.636678816530835
2013-10-21,8.3264832,range,0.636678816530835
2013-10-22,8.24882688,range,0.6900963490162731
2013-10-23,8.16254208,trend_down,0.5039668211840818
2013-10-24,8.04174336,range,0.6487499418822851
2013-10-25,8.01585792,trend_down,0.4978953566459773
2013-10-28,7.981344,trend_down,0.5030457218943831
2013-10-29,7.99860096,trend_down,0.5606712527726323
2013-10-30,7.97271552,trend_down,0.5618073999884746
2013-10-31,7.84328832,trend_down,0.7226967175805254
2013-11-01,7.86054528,trend_down,0.5682252013923839
2013-11-04,7.78288896,trend_down,0.861151193853239
2013-11-05,7.77426048,trend_down,0.86463791750599
2013-11-06,7.68797568,trend_down,0.6795662148642935
2013-11-07,7.54992,trend_down,0.6026398182766635
2013-11-08,7.3773504,trend_down,0.6516806989816127
2013-11-11,7.36872192,trend_down,0.6189330205085485
2013-11-12,7.47226368,trend_down,0.9742323281814625
2013-11-13,7.30832256,trend_down,0.9742323281814625
2013-11-14,7.34283648,trend_down,0.7927218313333277
2013-11-15,7.64483328,trend_down,0.933055443055217
2013-11-18,7.95545856,trend_up,0.8783163097116031
2013-11-19,7.84328832,trend_up,0.8491236163364417
2013-11-20,7.82603136,trend_up,0.9096603708933312
2013-11-21,7.75700352,trend_down,0.6100032138997542
2013-11-22,7.80014592,range,0.6121192117337858
2013-11-25,7.69660416,trend_down,0.532727735048976
2013-11-26,7.68797568,trend_down,0.8036700552552861
2013-11-27,7.88643072,trend_up,0.3981116224126416
2013-11-28,7.88643072,range,0.5294037623753223
2013-11-29,7.87780224,range,0.6125631315948684
2013-12-02,8.12802816,breakout_up,0.6446235152856611
2013-12-03,8.01585792,trend_up,0.8375576247161503
2013-12-04,8.0244864,trend_up,0.7398631123240655
2013-12-05,8.03311488,trend_up,0.9423709533776204
2013-12-06,7.92957312,trend_up,0.9423709533776204
2013-12-09,7.94683008,trend_up,0.8375576247161503
2013-12-10,7.90368768,trend_up,0.5812297646283645
2013-12-11,7.71386112,range,0.636678816530835
2013-12-12,7.6362048,trend_down,0.6981605724174039
2013-12-13,7.56717696,trend_down,0.6527351637932037
2013-12-16,7.38597888,trend_down,0.8325009323973218
2013-12-17,7.39460736,trend_down,0.6607659462114903
2013-12-18,7.43774976,trend_down,0.6652049846882311
2013-12-19,7.39460736,trend_down,0.6601022639809804
2013-12-20,7.334208,trend_down,0.7075252337545701
2013-12-23,7.36009344,trend_down,0.887666741948818
2013-12-24,7.4204928,trend_down,0.7075252337545701
2013-12-25,7.49814912,trend_down,0.855628419547505
2013-12-26,7.334208,trend_down,0.886942038506704
2013-12-27,7.4636352,trend_down,0.855628419547505
2013-12-30,7.41186432,trend_down,0.886942038506704
2013-12-31,7.49814912,trend_down,0.6159256428573411
2014-01-02,7.4636352,range,0.655257203448431
2014-01-03,7.35146496,trend_down,0.5503363746233976
2014-01-06,7.23066624,trend_down,0.6171536347068459
2014-01-07,7.2479232,trend_down,0.5371582702527435
2014-01-08,7.19615232,trend_down,0.487679854198339
2014-01-09,6.99769728,trend_down,0.8161062313644247
2014-01-10,6.80787072,trend_down,0.5012881668605021
2014-01-13,6.74747136,trend_down,0.5384873087544113
2014-01-14,6.8596416,trend_down,0.967029182099857
2014-01-15,6.8596416,trend_down,0.8927407182097999
2014-01-16,6.92004096,trend_down,0.967029182099857
2014-01-17,6.85101312,trend_down,0.9182273385573261
2014-01-20,6.84238464,trend_down,0.9182273385573261
2014-01-21,6.92866944,trend_down,0.9742323281814625
2014-01-22,7.0753536,trend_down,0.9653094962875512
2014-01-23,7.0322112,trend_down,0.6159256428573411
2014-01-24,7.0753536,trend_down,0.8538227567721062
2014-01-27,6.93729792,trend_down,0.9557253993927181
2014-01-28,6.9890688,trend_down,0.5824918233590364
2014-01-29,7.0322112,trend_down,0.5824918233590364
2014-01-30,6.93729792,range,0.5363314901913395
2014-02-07,6.96318336,trend_down,0.6601022639809804
2014-02-10,7.19615232,range,0.6341739504397705
2014-02-11,7.21340928,range,0.7071601563822434
2014-02-12,7.49814912,breakout_up,0.6446235152856611
2014-02-13,7.41186432,trend_up,0.5529036999713479
2014-02-14,7.43774976,trend_up,0.9558414499823895
2014-02-17,7.44637824,trend_up,0.9558414499823895
2014-02-18,7.25655168,trend_up,0.8581487862286942
2014-02-19,7.39460736,trend_up,0.8581487862286942
2014-02-20,7.23066624,trend_up,0.9558414499823895
2014-02-21,7.06672512,trend_down,0.6073029387372603
2014-02-24,6.95455488,trend_down,0.7656634859672273
2014-02-25,6.75609984,trend_down,0.9507160989322379
2014-02-26,6.7733568,trend_down,0.8790380863490136
2014-02-27,6.75609984,trend_down,0.9687409804976631
2014-02-28,6.98044032,trend_down,0.9680422957267861
2014-03-03,6.93729792,trend_down,0.7674418169778482
2014-03-04,6.92866944,trend_down,0.6692163404760045
2014-03-05,6.86827008,trend_down,0.7174331767668176
2014-03-06,6.902784,trend_down,0.8958711337427966
2014-03-07,6.80787072,trend_down,0.8934098402710774
2014-03-10,6.56627328,trend_down,0.8930558164562298
2014-03-11,6.56627328,trend_down,0.6940633235826672
2014-03-12,6.59215872,trend_down,0.49800463678203305
2014-03-13,6.70432896,trend_down,0.8540433404472647
2014-03-14,6.61804416,trend_down,0.8540433404472647
2014-03-17,6.66118656,trend_down,0.7075252337545701
2014-03-18,6.60941568,trend_down,0.7075252337545701
2014-03-19,6.56627328,trend_down,0.7122263879303621
2014-03-20,6.5145024,trend_down,0.7075252337545701
2014-03-21,6.7302144,range,0.6663360174600542
2014-03-24,6.84238464,range,0.6341739504397705
2014-03-25,6.84238464,range,0.5526086920538567
2014-03-26,6.80787072,range,0.8391249478557303
2014-03-27,6.75609984,range,0.8391249478557303
2014-03-28,6.73884288,trend_down,0.5812297646283645
2014-03-31,6.70432896,range,0.7272474280313435
2014-04-01,6.7302144,range,0.6487499418822851
2014-04-02,6.78198528,range,0.9018499567326957
2014-04-03,6.7733568,range,0.8966901890453052
2014-04-04,6.83375616,range,0.7874824008533569
2014-04-08,6.98044032,range,0.6306344743230079
2014-04-09,6.97181184,trend_up,0.5086581200775712
2014-04-10,7.14438144,trend_up,0.5256026693431192
2014-04-11,7.10986752,trend_up,0.8405112352464333
2014-04-14,7.0753536,trend_up,0.9558414499823895
2014-04-15,6.98044032,trend_up,0.9558414499823895
2014-04-16,7.01495424,trend_up,0.9558414499823895
2014-04-17,6.99769728,trend_up,0.8722053219439818
2014-04-18,7.00632576,trend_up,0.6519047507389444
2014-04-21,6.8596416,trend_up,0.7040978686100972
2014-04-22,6.87689856,trend_down,0.7040978686100972
2014-04-23,6.84238464,range,0.6356567985997432
2014-04-24,6.79924224,trend_down,0.5824918233590364
2014-04-25,6.72158592,trend_down,0.757483659280673
2014-04-28,6.75609984,trend_down,0.7045687811730187
2014-04-29,6.87689856,range,0.7995050735526689
2014-04-30,6.83375616,range,0.5350813655231531
2014-05-05,7.00632576,range,0.8580254413004866
2014-05-06,6.9890688,range,0.6464954620278734
2014-05-07,6.96318336,range,0.6464954620278734
2014-05-08,7.09261056,range,0.6263314328608072
2014-05-09,7.10123904,trend_up,0.5507757844364722
2014-05-12,7.31695104,trend_up,0.8105915465586094
2014-05-13,7.38597888,trend_up,0.8532603527991378
2014-05-14,7.31695104,trend_up,0.6537255360960813
2014-05-15,7.08398208,trend_up,0.9735686106763175
2014-05-16,7.08398208,trend_up,0.9187684356464907
2014-05-19,6.97181184,trend_down,0.5739474073462888
2014-05-20,7.00632576,trend_down,0.5894533561033574
2014-05-21,7.06672512,trend_down,0.6073029387372603
2014-05-22,7.08398208,trend_up,0.8156601237330515
2014-05-23,7.17026688,trend_up,0.6554353925269597
2014-05-26,7.10986752,trend_up,0.8156601237330515
2014-05-27,7.02358272,range,0.6299592696573502
2014-05-28,7.13575296,range,0.7722451375612671
2014-05-29,6.9890688,range,0.7722451375612671
2014-05-30,7.02358272,range,0.6635394563209284
2014-06-03,6.93729792,range,0.8072668076257075
2014-06-04,6.8164992,range,0.685759807008504
2014-06-05,6.902784,trend_down,0.6876217229161294
2014-06-06,6.84238464,trend_down,0.8394504580177631
2014-06-09,6.80787072,trend_down,0.8902144987503774
2014-06-10,6.91141248,trend_down,0.8902144987503774
2014-06-11,6.89415552,trend_down,0.5386523344814593
2014-06-12,6.85101312,trend_down,0.5386523344814593
2014-06-13,6.92004096,trend_down,0.5995452105459698
2014-06-16,6.97181184,range,0.9009720138351598
2014-06-17,6.919912,range,0.5350813655231531
2014-06-18,6.91126211,range,0.5582723723353322
2014-06-19,6.69501486,trend_down,0.5330551802949112
2014-06-20,6.73826431,range,0.5077243257208134
2014-06-23,6.73826431,trend_down,0.5018419275526554
2014-06-24,6.77286387,trend_down,0.5013335018947492
2014-06-25,6.72961442,trend_down,0.5061675142375545
2014-06-26,6.79016365,trend_down,0.5618073999884746
2014-06-27,6.81611332,range,0.5024058566247694
2014-06-30,6.86801266,range,0.7839144015868764
2014-07-01,6.86801266,range,0.8098109958314111
2014-07-02,6.89396233,range,0.7839144015868764
2014-07-03,6.919912,range,0.810076439693821
2014-07-04,6.88531244,range,0.5586815927789716
2014-07-07,6.84206299,range,0.810331639320977
2014-07-08,6.85071288,range,0.5586815927789716
2014-07-09,6.73826431,range,0.7086203760612672
2014-07-10,6.80746343,range,0.7086203760612672
2014-07-11,6.87666255,range,0.7722451375612671
2014-07-14,6.95451156,range,0.6914145925110778
2014-07-15,6.97181134,range,0.6136407089985548
2014-07-16,6.98046123,range,0.6890721388401949
2014-07-17,7.01506079,range,0.4632942236637816
2014-07-18,7.04966035,range,0.4658276207823905
2014-07-21,6.98046123,range,0.4987464144289901
2014-07-22,7.14480914,trend_up,0.5436218366428571
2014-07-23,7.14480914,trend_up,0.8966300207373372
2014-07-24,7.30050716,trend_up,0.4636947344470649
2014-07-25,7.38700606,trend_up,0.8612978915360555
2014-07-28,7.86275001,breakout_up,0.47683102472388567
2014-07-29,8.16549616,trend_up,0.4450736263702546
2014-07-30,8.11359682,trend_up,0.7779103232958292
2014-07-31,8.17414605,trend_up,0.9679556215260039
2014-08-01,7.94059902,trend_up,0.9074700472430703
2014-08-04,8.20009572,trend_up,0.9074700472430703
2014-08-05,8.1308966,trend_up,0.9679556215260039
2014-08-06,8.07899726,trend_up,0.9679556215260039
2014-08-07,7.81950056,trend_up,0.9671356839524399
2014-08-08,7.80220078,trend_up,0.8965282913525047
2014-08-11,7.94059902,trend_up,0.9689210597843152
2014-08-12,7.90599946,trend_up,0.8965282913525047
2014-08-13,7.93194913,trend_up,0.9735686106763175
2014-08-14,7.81085067,trend_up,0.9653094962875512
2014-08-15,7.98384847,trend_up,0.9735686106763175
2014-08-18,8.00114825,trend_up,0.9187684356464907
2014-08-19,7.91464935,trend_up,0.9653094962875512
2014-08-20,7.89734957,trend_up,0.7639905614354506
2014-08-21,7.784901,trend_up,0.7123691467602389
2014-08-22,7.8713999,range,0.49209851201904514
2014-08-25,7.75895133,range,0.49209851201904514
2014-08-26,7.63785287,trend_down,0.7123691467602389
2014-08-27,7.62920298,range,0.49209851201904514
2014-08-28,7.60325331,range,0.4842447860690605
2014-08-29,7.68975221,trend_down,0.7495505910828448
2014-09-01,7.75030144,range,0.700716910698857
2014-09-02,7.89734957,trend_up,0.8992337021191241
2014-09-03,7.91464935,trend_up,0.5597440010896126
2014-09-04,8.00114825,trend_up,0.533227573154796
2014-09-05,8.07034737,trend_up,0.5597844883790577
2014-09-09,8.00114825,trend_up,0.5649918765583642
2014-09-10,7.90599946,trend_up,0.5593734999415976
2014-09-11,7.89734957,range,0.6090526737140476
2014-09-12,7.92329924,range,0.5049031794764315
2014-09-15,7.9578988,trend_up,0.8952284811874971
2014-09-16,7.81950056,trend_down,0.5034235427905931
2014-09-17,7.83680034,trend_down,0.8493096640531225
2014-09-18,7.91464935,trend_up,0.7123691467602389
2014-09-19,7.91464935,range,0.566292616252631
2014-09-22,7.79355089,range,0.6299592696573502
2014-09-23,7.91464935,range,0.6299592696573502
2014-09-24,8.23469528,trend_up,0.6439366264915238
2014-09-25,8.1308966,trend_up,0.8258864142275957
2014-09-26,8.11359682,trend_up,0.7495505910828448
2014-09-29,8.25199506,trend_up,0.9255748033673173
2014-09-30,8.3038944,trend_up,0.9413684217134931
2014-10-08,8.32984407,trend_up,0.9206961464705191
2014-10-09,8.18279594,trend_up,0.9230955164120815
2014-10-10,8.18279594,trend_up,0.9230955164120815
2014-10-13,8.15684627,trend_up,0.9206961464705191
2014-10-14,8.11359682,trend_up,0.8952284811874971
2014-10-15,8.34714385,trend_up,0.8905993395434422
2014-10-16,8.3903933,trend_up,0.791895220457624
2014-10-17,8.71043923,trend_up,0.504032890722713
2014-10-20,8.8228878,trend_up,0.504032890722713
2014-10-21,8.77098846,trend_up,0.5293985367695945
2014-10-22,8.68448956,trend_up,0.9742323281814625
2014-10-23,8.64989,trend_up,0.9742323281814625
2014-10-24,8.64124011,trend_up,0.9742323281814625
2014-10-27,8.32984407,trend_up,0.9025564970643071
2014-10-28,8.81423791,trend_up,0.9521781241922769
2014-10-29,9.30728164,trend_up,0.5686882824056189
2014-10-30,9.31593153,trend_up,0.9379154030189935
2014-10-31,9.70517658,trend_up,0.4812871738885624
2014-11-03,9.79167548,trend_up,0.5407135016471885
2014-11-04,9.73977614,trend_up,0.9742323281814625
2014-11-05,10.12902119,trend_up,0.8231946377914303
2014-11-06,10.05117218,trend_up,0.9696978493388541
2014-11-07,10.75181327,trend_up,0.5182089215253184
2014-11-10,11.25350689,trend_up,0.5195010918436814
2014-11-11,11.16700799,trend_up,0.5195010918436814
2014-11-12,11.54760315,trend_up,0.9679556215260039
2014-11-13,11.48705392,trend_up,0.5387744558789236
2014-11-14,11.1583581,trend_up,0.9742323281814625
2014-11-17,11.1583581,trend_up,0.8958711337427966
2014-11-18,11.1583581,trend_up,0.9230955164120815
2014-11-19,11.1583581,trend_up,0.9206961464705191
2014-11-20,11.1583581,trend_up,0.9206961464705191
2014-11-21,12.27419391,trend_up,0.5293985367695945
2014-11-24,13.41597939,breakout_up,0.48512049459319745
2014-11-25,13.41597939,trend_up,0.5387730654631989
2014-11-26,14.75671234,trend_up,0.47171885530460717
2014-11-27,16.23584353,breakout_up,0.48512049459319745
2014-11-28,16.88458528,trend_up,0.5195010918436814
2014-12-01,16.83268594,trend_up,0.7779103232958292
2014-12-02,18.51941449,trend_up,0.5195010918436814
2014-12-03,20.09369447,breakout_up,0.47683102472388567
2014-12-04,22.10046895,trend_up,0.5195010918436814
2014-12-05,24.3061909,trend_up,0.4852406673722317
2014-12-08,26.73680999,trend_up,0.5195010918436814
2014-12-09,24.40998958,trend_up,0.5195010918436814
2014-12-10,23.56230036,trend_up,0.9074700472430703
2014-12-11,21.75447335,trend_up,0.9679556215260039
2014-12-12,22.12641862,trend_up,0.9679556215260039
2014-12-15,22.35996565,trend_up,0.9679556215260039
2014-12-16,24.60028716,trend_up,0.9074700472430703
2014-12-17,24.61758694,trend_up,0.9608446534331625
2014-12-18,22.39456521,trend_up,0.9475355881757169
2014-12-19,22.02261994,trend_up,0.9557253993927181
2014-12-22,23.13845575,trend_up,0.9661863672976857
2014-12-23,23.10385619,trend_up,0.9661863672976857
2014-12-24,22.7492107,trend_up,0.9661863672976857
2014-12-25,23.95154541,trend_up,0.9661863672976857
2014-12-26,26.34756494,trend_up,0.9661863672976857
2014-12-29,24.9116832,trend_up,0.967029182099857
2014-12-30,24.74733529,trend_up,0.9661863672976857
2014-12-31,24.68678606,trend_up,0.9162450753751263
2015-01-05,24.08129376,trend_up,0.8920597894315797
2015-01-06,23.48445135,trend_up,0.7023470941254666
2015-01-07,24.02074453,trend_up,0.9384338008120603
2015-01-08,23.12115597,trend_up,0.7530322317007375
2015-01-09,23.02600718,trend_up,0.7530322317007375
2015-01-12,23.88234629,trend_up,0.789382834594456
2015-01-13,23.11250608,trend_up,0.7389997268581178
2015-01-14,23.37200278,trend_up,0.7389997268581178
2015-01-15,23.8736964,trend_up,0.789382834594456
2015-01-16,23.38930256,trend_up,0.7389997268581178
2015-01-19,21.05383226,trend_down,0.8037830379511186
2015-01-20,19.62660041,trend_down,0.8891424903921948
2015-01-21,20.82028523,trend_down,0.9423709533776204
2015-01-22,20.76838589,trend_down,0.6554353925269597
2015-01-23,21.00193292,trend_down,0.8754655967026245
2015-01-26,20.90678413,trend_down,0.8414240059105436
2015-01-27,20.49158941,trend_down,0.8754655967026245
2015-01-28,20.75108611,trend_down,0.8754655967026245
2015-01-29,20.09369447,trend_down,0.8964466843873214
2015-01-30,20.09369447,trend_down,0.6876217229161294
2015-02-02,20.09369447,trend_down,0.6876217229161294
2015-02-03,20.69918677,trend_down,0.8414240059105436
2015-02-04,20.22344282,trend_down,0.6412619597296555
2015-02-05,20.13694392,trend_down,0.6412619597296555
2015-02-06,19.894747,trend_down,0.6412619597296555
2015-02-09,20.69918677,trend_down,0.7990807723304278
2015-02-10,21.17493072,range,0.8335407204208519
2015-02-11,21.46037709,range,0.5016324948275044
2015-02-12,21.39117797,range,0.6813037943603433
2015-02-13,21.30467907,range,0.5016324948275044
2015-02-16,21.11438149,range,0.5114861692670563
2015-02-17,21.11438149,range,0.5114861692670563
2015-02-25,20.57808831,range,0.6289200282351567
2015-02-26,21.55552588,range,0.6412288529727601
2015-02-27,21.3652283,range,0.6170851789055269
2015-03-02,21.73717357,trend_up,0.6978997725836689
2015-03-03,20.75108611,range,0.8034067673847938
2015-03-04,20.64728743,range,0.8881710623963003
2015-03-05,20.5002393,trend_down,0.5182498481931086
2015-03-06,20.40509051,range,0.6148610574654111
2015-03-09,19.92069667,trend_down,0.6412619597296555
2015-03-10,19.8082481,trend_down,0.6465933116478583
2015-03-11,19.894747,range,0.4962490207082196
2015-03-12,20.35319117,trend_down,0.6465933116478583
2015-03-13,21.2787294,range,0.5090263946132958
2015-03-16,21.69392412,range,0.6181897121652762
2015-03-17,22.2302173,trend_up,0.6822493213898088
2015-03-18,22.47241422,trend_up,0.7650617615016931
2015-03-19,23.19900498,trend_up,0.6805980219567875
2015-03-20,24.55703771,breakout_up,0.48512049459319745
2015-03-23,24.73003551,trend_up,0.9742323281814625
2015-03-24,24.06399398,trend_up,0.9742323281814625
2015-03-25,23.58825003,trend_up,0.9742323281814625
2015-03-26,23.30280366,trend_up,0.9742323281814625
2015-03-27,23.41525223,trend_up,0.904808988462874
2015-03-30,24.40133969,trend_up,0.9705246689210671
2015-03-31,24.1331931,trend_up,0.7983501257448355
2015-04-01,25.2576788,trend_up,0.9713217933116737
2015-04-02,25.82857154,trend_up,0.8249180667779525
2015-04-03,27.16930449,trend_up,0.8003153026697971
2015-04-07,27.84399591,trend_up,0.5407135016471885
2015-04-08,29.64317303,trend_up,0.5407135016471885
2015-04-09,29.66047281,trend_up,0.5387744558789236
2015-04-10,30.06701764,trend_up,0.9742323281814625
2015-04-13,29.01173106,trend_up,0.9742323281814625
2015-04-14,28.57058667,trend_up,0.9696978493388541
2015-04-15,27.60179899,trend_up,0.9689210597843152
2015-04-16,28.15539195,trend_up,0.9696978493388541
2015-04-17,28.79548381,trend_up,0.8989257226588602
2015-04-20,27.01360647,trend_up,0.9653094962875512
2015-04-21,28.56193678,trend_up,0.9735686106763175
2015-04-22,30.13621676,trend_up,0.9505140032602493
2015-04-23,32.57548574,trend_up,0.5984640903807447
2015-04-24,30.58601104,trend_up,0.9508698508057122
2015-04-27,30.43896291,trend_up,0.9679511336517824
2015-04-28,30.03241808,trend_up,0.9679511336517824
2015-04-29,30.34381412,trend_up,0.886942038506704
2015-04-30,29.33177699,trend_up,0.9557253993927181
2015-05-04,28.85603304,trend_up,0.8888063780690166
2015-05-05,27.92184492,trend_down,0.8156601237330515
2015-05-06,28.00834382,trend_down,0.8156601237330515
2015-05-07,28.07754294,trend_down,0.8037830379511186
2015-05-08,27.87859547,trend_down,0.7018222888918412
2015-05-11,28.81278359,trend_up,0.7018222888918412
2015-05-12,29.30582732,trend_up,0.8693229371688215
2015-05-13,28.44083832,range,0.4645701428517306
2015-05-14,27.98128473,trend_down,0.5754827443311201
2015-05-15,26.7933591,trend_down,0.8037830379511186
2015-05-18,26.28177069,trend_down,0.5182498481931086
2015-05-19,28.57958304,range,0.5455324485346053
2015-05-20,28.21540146,range,0.836379350546799
2015-05-21,27.88590384,range,0.836379350546799
2015-05-22,29.3946561,range,0.7240131848057194
2015-05-25,30.18371619,trend_up,0.620294865116428
2015-05-26,30.47852985,trend_up,0.5467480466815917
2015-05-27,29.83687659,trend_up,0.5003864911894207
2015-05-28,26.85405603,range,0.6813037943603433
2015-05-29,26.46386148,trend_down,0.7159611718510721
2015-06-01,27.98128473,range,0.7913419492900049
2015-06-02,27.68647107,range,0.7669299850682175
2015-06-03,27.62577414,range,0.49367613118705433
2015-06-04,28.614267,range,0.7913419492900049
2015-06-05,28.72698987,range,0.7913419492900049
2015-06-08,31.59708756,trend_up,0.6558149065762514
2015-06-09,30.37447797,trend_up,0.6964488639438106
2015-06-10,30.70397559,trend_up,0.770726234019695
2015-06-11,30.01029639,trend_up,0.5933643396795221
2015-06-12,30.74733054,trend_up,0.600148039035548
2015-06-15,30.33979401,trend_up,0.7274146089053374
2015-06-16,29.46402402,trend_up,0.6684341537707239
2015-06-17,29.49870798,trend_up,0.6684341537707239
2015-06-18,27.6604581,range,0.6121192117337858
2015-06-19,26.33379663,trend_down,0.6035789887180524
2015-06-23,27.67780008,range,0.5424096203540728
2015-06-24,27.62577414,range,0.7419692446177366
2015-06-25,26.7066492,trend_down,0.7120327792700281
2015-06-26,24.03598428,trend_down,0.9052750745197594
2015-06-29,21.63412005,trend_down,0.8830965426798634
2015-06-30,23.36831805,trend_down,0.5337092170960941
2015-07-01,21.26126748,trend_down,0.9517279395223786
2015-07-02,20.68898214,trend_down,0.968840342841616
2015-07-03,19.38833364,trend_down,0.8225765820481383
2015-07-06,20.62828521,trend_down,0.968840342841616
2015-07-07,19.35364968,trend_down,0.8225765820481383
2015-07-08,17.42001891,trend_down,0.767061440741372
2015-07-09,19.15421691,trend_down,0.4850766622556711
2015-07-10,21.0705057,trend_down,0.9365728327825781
2015-07-13,21.47804223,trend_down,0.9365728327825781
2015-07-14,20.09935482,trend_down,0.9206961464705191
2015-07-15,18.20040801,trend_down,0.9742323281814625
2015-07-16,18.4692087,trend_down,0.9742323281814625
2015-07-17,20.31612957,trend_down,0.8596638413505254
2015-07-20,20.24676165,trend_down,0.8596638413505254
2015-07-21,20.52423333,trend_down,0.855628419547505
2015-07-22,20.10802581,trend_down,0.886942038506704
2015-07-23,20.810376,trend_down,0.7023470941254666
2015-07-24,19.96061898,trend_down,0.757483659280673
2015-07-27,17.96629128,trend_down,0.9162450753751263
2015-07-28,19.1628879,trend_down,0.8152858598265084
2015-07-29,19.17155889,trend_down,0.7515552165366696
2015-07-30,18.45186672,trend_down,0.9187684356464907
2015-07-31,18.9027582,trend_down,0.7624714097997891
2015-08-03,19.47504354,trend_down,0.7080317345949005
2015-08-04,20.07334185,trend_down,0.7639905614354506
2015-08-05,19.83922512,trend_down,0.7639905614354506
2015-08-06,18.92010018,trend_down,0.7939417205601699
2015-08-07,19.076178,trend_down,0.7939417205601699
2015-08-10,20.65429818,trend_up,0.7071502087268331
2015-08-11,20.23809066,trend_up,0.641881695646907
2015-08-12,20.35948452,trend_up,0.6491959135829651
2015-08-13,20.9837958,range,0.5731823569743637
2015-08-14,20.93176986,trend_up,0.7378201178256709
2015-08-17,20.35948452,trend_up,0.5845824471871092
2015-08-18,18.86807424,trend_down,0.6615824891304735
2015-08-19,19.37099166,trend_down,0.6676344334317177
2015-08-20,18.30445989,trend_down,0.7478098839523798
2015-08-21,16.59627486,trend_down,0.907635003707718
2015-08-24,14.94011577,trend_down,0.9504142694873596
2015-08-25,13.44870549,trend_down,0.9104635231934755
2015-08-26,12.54692253,trend_down,0.8102080300696457
2015-08-27,13.80421608,trend_down,0.9696978493388541
2015-08-28,14.67131508,trend_down,0.8989257226588602
2015-08-31,14.54125023,trend_down,0.9254264981159408
2015-09-01,15.03549666,trend_down,0.938106489634533
2015-09-02,14.64530211,trend_down,0.9742323281814625
2015-09-07,14.35915944,trend_down,0.9696978493388541
2015-09-08,14.81005092,trend_down,0.9696978493388541
2015-09-09,15.2609424,trend_down,0.8674730476995611
2015-09-10,14.64530211,trend_down,0.9236042312450827
2015-09-11,14.55859221,trend_down,0.9254264981159408
2015-09-14,13.80421608,trend_down,0.9742323281814625
2015-09-15,12.94578807,trend_down,0.9230955164120815
2015-09-16,14.09902974,trend_down,0.9735686106763175
2015-09-17,13.59611232,trend_down,0.9187684356464907
2015-09-18,13.76086113,trend_down,0.9162450753751263
2015-09-21,14.01231984,trend_down,0.9162450753751263
2015-09-22,14.62796013,trend_down,0.9653094962875512
2015-09-23,13.99497786,trend_down,0.9162450753751263
2015-09-24,14.05567479,trend_down,0.8101823525557476
2015-09-25,13.37933757,trend_down,0.7516158153162651
2015-09-28,13.60478331,trend_down,0.5808806847033853
2015-09-29,13.4400345,trend_down,0.7524824829551136
2015-09-30,13.4400345,trend_down,0.5808672690341824
2015-10-08,13.93428093,trend_down,0.5114733383376779
2015-10-09,14.34181746,range,0.7738946113840957
2015-10-12,15.42569121,trend_up,0.46510767648323925
2015-10-13,15.26961339,trend_up,0.5783064637189993
2015-10-14,15.06150963,trend_up,0.8493096640531225
2015-10-15,15.56442705,trend_up,0.7495505910828448
2015-10-16,16.18006734,trend_up,0.8218641240887279
2015-10-19,16.54424892,trend_up,0.7801721867822332
2015-10-20,16.9951404,trend_up,0.9423709533776204
2015-10-21,15.77253081,trend_up,0.8204744981771703
2015-10-22,16.11937041,trend_up,0.9423709533776204
2015-10-23,16.46621001,trend_up,0.9423709533776204
2015-10-26,16.76102367,trend_up,0.939525812953996
2015-10-27,16.67431377,trend_up,0.9423709533776204
2015-10-28,16.02398952,trend_up,0.9366146637350224
2015-10-29,16.1280414,trend_up,0.8489039039438464
2015-10-30,16.54424892,trend_up,0.9366146637350224
2015-11-02,16.13671239,trend_up,0.9366146637350224
2015-11-03,15.97196358,trend_up,0.8489039039438464
2015-11-04,17.56742574,trend_up,0.8161076076236619
2015-11-05,19.32763671,breakout_up,0.4645251947118055
2015-11-06,21.26126748,breakout_up,0.46940936240950437
2015-11-09,22.22374737,breakout_up,0.4638212914878978
2015-11-10,22.38849618,trend_up,0.48210764873326295
2015-11-11,23.81053854,trend_up,0.7779103232958292
2015-11-12,22.75267776,trend_up,0.938106489634533
2015-11-13,22.57925796,trend_up,0.9742323281814625
2015-11-16,22.30178628,trend_up,0.9230955164120815
2015-11-17,22.2844443,trend_up,0.938106489634533
2015-11-18,20.80170501,trend_up,0.9735686106763175
2015-11-19,21.44335827,trend_up,0.8927407182097999
2015-11-20,21.04449273,trend_up,0.8596638413505254
2015-11-23,20.810376,trend_up,0.9557253993927181
2015-11-24,21.62544906,trend_up,0.9735686106763175
2015-11-25,21.91159173,trend_up,0.9735686106763175
2015-11-26,21.53873916,trend_up,0.9742323281814625
2015-11-27,19.39700463,trend_down,0.8156601237330515
2015-11-30,19.37966265,trend_down,0.9096603708933312
2015-12-01,19.49238552,trend_down,0.808111438353901
2015-12-02,20.74100808,trend_up,0.9558414499823894
2015-12-03,20.70632412,trend_up,0.9558414499823894
2015-12-04,20.10802581,trend_up,0.6491959135829651
2015-12-07,19.57909542,trend_down,0.6491959135829651
2015-12-08,19.19757186,trend_down,0.808111438353901
2015-12-09,19.29295275,trend_down,0.808111438353901
2015-12-10,19.65713433,trend_down,0.9423709533776204
2015-12-11,20.12536779,trend_down,0.6073029387372603
2015-12-14,22.13703747,trend_up,0.8156601237330515
2015-12-15,21.33930639,trend_up,0.6777546802359253
2015-12-16,21.29595144,trend_up,0.5309656909251729
2015-12-17,21.5040552,trend_up,0.5545577042650239
2015-12-18,21.12253164,trend_up,0.5547125544476372
2015-12-21,21.4173453,trend_up,0.9136500667948829
2015-12-22,21.53006817,trend_up,0.7573139905139525
2015-12-23,21.70348797,trend_up,0.6887592991887064
2015-12-24,20.78436303,range,0.8071915136673933
2015-12-25,20.81904699,range,0.7738946113840957
2015-12-28,19.83922512,range,0.6412288529727601
2015-12-29,20.21207769,range,0.6170851789055269
2015-12-30,20.06467086,trend_down,0.5567597230667899
2015-12-31,19.89125106,trend_down,0.504960685561156
2016-01-04,17.91426534,trend_down,0.9423709533776204
2016-01-05,18.10502712,trend_down,0.6901440588941006
2016-01-06,18.34781484,trend_down,0.8375576247161503
2016-01-07,16.52690694,trend_down,0.7986186947821061
2016-01-08,16.89975951,trend_down,0.5407135016471885
2016-01-11,15.20891646,trend_down,0.5384873087544113
2016-01-12,15.44303319,trend_down,0.9182273385573261
2016-01-13,15.28695537,trend_down,0.8927407182097999
2016-01-14,15.73784685,trend_down,0.8225765820481383
2016-01-15,14.93144478,trend_down,0.968840342841616
2016-01-18,14.94011577,trend_down,0.5390484451925946
2016-01-19,15.56442705,trend_down,0.968840342841616
2016-01-20,15.9546216,trend_down,0.968840342841616
2016-01-21,15.22625844,trend_down,0.968840342841616
2016-01-22,15.68582091,trend_down,0.8958711337427966
2016-01-25,15.72917586,trend_down,0.8934098402710774
2016-01-26,14.15972667,trend_down,0.9261119987479053
2016-01-27,13.71750618,trend_down,0.5390484451925946
2016-01-28,13.20591777,trend_down,0.5390484451925946
2016-01-29,14.14238469,trend_down,0.968840342841616
2016-02-01,14.25510756,trend_down,0.8958711337427966
2016-02-02,14.6539731,trend_down,0.863612138995893
2016-02-03,14.49789528,trend_down,0.8902144987503774
2016-02-04,14.61928914,trend_down,0.8596638413505254
2016-02-05,13.93428093,trend_down,0.8902144987503774
2016-02-15,13.6134543,trend_down,0.9230955164120815
2016-02-16,14.3071335,trend_down,0.9212211388208612
2016-02-17,14.3938434,trend_down,0.8952284811874971
2016-02-18,14.40251439,trend_down,0.7023470941254666
2016-02-19,14.42852736,trend_down,0.7023470941254666
2016-02-22,15.0875226,trend_up,0.6491959135829651
2016-02-23,14.76669597,range,0.7587811733891004
2016-02-24,15.1742325,range,0.6356567985997432
2016-02-25,13.70883519,range,0.6356567985997432
2016-02-26,13.79554509,trend_down,0.533227573154796
2016-02-29,12.98047203,trend_down,0.6300146308119629
2016-03-01,13.4400345,range,0.6299592696573502
2016-03-02,14.4805533,range,0.5813666543680974
2016-03-03,14.32447548,range,0.7497206378675046
2016-03-04,14.36783043,range,0.7497206378675046
2016-03-07,14.54125023,trend_up,0.5888305795736664
2016-03-08,14.71467003,range,0.5662926162526309
2016-03-09,14.27244954,range,0.7851479446904522
2016-03-10,13.67415123,range,0.7851479446904522
2016-03-11,13.91693895,range,0.5198817745810703
2016-03-14,14.28979152,range,0.7863367821971079
2016-03-15,14.1337137,range,0.5647446427071999
2016-03-16,14.12504271,range,0.5586815927789716
2016-03-17,14.66264409,range,0.7863367821971079
2016-03-18,15.40834923,range,0.6325740243462092
2016-03-21,16.95178545,breakout_up,0.5739581066063197
2016-03-22,16.62228783,trend_up,0.5966338311395936
2016-03-23,16.8217206,trend_up,0.8491236163364417
2016-03-24,16.00664754,trend_up,0.8724350267186767
2016-03-25,16.18873833,trend_up,0.8724350267186767
2016-03-28,15.70316289,trend_up,0.9423709533776204
2016-03-29,15.64246596,trend_up,0.932025720133591
2016-03-30,16.20608031,trend_up,0.8336073750509411
2016-03-31,16.5615909,breakout_up,0.4764239788371595
2016-04-01,17.06450832,trend_up,0.9332347807542475
2016-04-05,17.31596703,breakout_up,0.47854180268871205
2016-04-06,17.0818503,trend_up,0.9742323281814625
2016-04-07,16.54424892,trend_up,0.9679511336517824
2016-04-08,16.11937041,trend_up,0.9671310851438669
2016-04-11,16.57026189,trend_up,0.9679511336517824
2016-04-12,16.39684209,trend_up,0.6980736040839369
2016-04-13,16.96045644,trend_up,0.9496354774399214
2016-04-14,17.13387624,trend_up,0.6614523778828112
2016-04-15,16.97779842,trend_up,0.6646317013055155
2016-04-18,16.3014612,range,0.5367232051589758
2016-04-19,16.39684209,range,0.6813037943603433
2016-04-20,15.96329259,range,0.5592954350852848
2016-04-21,15.65113695,range,0.5819078489731289
2016-04-22,15.85924071,range,0.5819078489731289
2016-04-25,15.65113695,range,0.5819078489731289
2016-04-26,15.76385982,range,0.5525671821101094
2016-04-27,15.38233626,range,0.5525671821101094
2016-04-28,15.29562636,range,0.5519205313203397
2016-04-29,15.05283864,trend_down,0.5956217758816987
2016-05-03,15.48638814,trend_down,0.7660146819923668
2016-05-04,15.37366527,trend_down,0.5386523344814593
2016-05-05,15.3476523,trend_down,0.5386523344814593
2016-05-06,14.52390825,trend_down,0.8898630022896238
2016-05-09,13.94295192,trend_down,0.8356758018302616
2016-05-10,13.99497786,trend_down,0.7076722902715623
2016-05-11,13.89092598,trend_down,0.7074551598425469
2016-05-12,14.01231984,trend_down,0.822096456072409
2016-05-13,13.91693895,trend_down,0.9212211388208612
2016-05-16,14.12504271,trend_down,0.9230955164120815
2016-05-17,14.31580449,trend_down,0.9680422957267861
2016-05-18,14.06385837,trend_down,0.9680422957267861
2016-05-19,13.97387847,trend_down,0.8902144987503774
2016-05-20,14.14484028,trend_down,0.9679511336517824
2016-05-23,14.10884832,trend_down,0.8927407182097999
2016-05-24,13.82091264,trend_down,0.8927407182097999
2016-05-25,13.83890862,trend_down,0.9206961464705191
2016-05-26,13.96488048,trend_down,0.9735686106763175
2016-05-27,13.89289656,trend_down,0.7075252337545701
2016-05-30,13.89289656,trend_down,0.886942038506704
2016-05-31,15.26059104,trend_up,0.7059970183285622
2016-06-01,14.99964933,trend_up,0.6401710500801968
2016-06-02,15.1166232,trend_up,0.7707603053954855
2016-06-03,15.04463928,trend_up,0.7757646083214381
2016-06-06,14.9366634,trend_up,0.6975880624924743
2016-06-07,14.99964933,trend_up,0.6519587470986764
2016-06-08,14.92766541,trend_up,0.6002792785301752
2016-06-13,14.06385837,range,0.6130512033176081
2016-06-14,14.17183425,trend_down,0.6925943798714478
2016-06-15,14.51375787,trend_down,0.5255368726491012
2016-06-16,14.25281616,range,0.7839144015868764
2016-06-17,14.38778601,range,0.5242059324304521
2016-06-20,14.36079204,range,0.5525671821101094
2016-06-21,14.52275586,range,0.794173851647344
2016-06-22,14.82868752,range,0.7839144015868764
2016-06-23,14.90067144,range,0.7839144015868764
2016-06-24,14.59473978,range,0.8947105530629855
2016-06-27,14.86467948,range,0.5180600844809882
2016-06-28,15.19760511,range,0.5180600844809882
2016-06-29,15.10762521,range,0.5076085766243257
2016-06-30,15.24259506,range,0.5022640269783285
2016-07-01,15.14361717,trend_up,0.5906161733765932
2016-07-04,15.95343627,trend_up,0.5361774894515663
2016-07-05,15.86345637,trend_up,0.6777546802359254
2016-07-06,15.82746441,trend_up,0.9661863672976857
2016-07-07,15.80047044,trend_up,0.9661863672976857
2016-07-08,15.80047044,trend_up,0.9661863672976857
2016-07-11,15.89045034,trend_up,0.9252994599362988
2016-07-12,16.45732371,trend_up,0.5275383222724065
2016-07-13,16.34034984,trend_up,0.5293985367695945
2016-07-14,16.45732371,trend_up,0.9230955164120815
2016-07-15,16.196382,trend_up,0.9742323281814625
2016-07-18,15.84546039,trend_up,0.8934098402710774
2016-07-19,16.0164222,trend_up,0.8958711337427966
2016-07-20,15.86345637,trend_up,0.8983132835346506
2016-07-21,15.97143225,trend_up,0.7174331767668176
2016-07-22,15.8364624,trend_up,0.6573104566453738
2016-07-25,15.79147245,trend_up,0.6573104566453738
2016-07-26,16.06141215,trend_up,0.7174331767668176
2016-07-27,15.41355687,trend_down,0.44258257630733017
2016-07-28,15.2066031,trend_down,0.532727735048976
2016-07-29,15.18860712,range,0.6181897121652762
2016-08-01,14.97265536,trend_down,0.7217937969344603
2016-08-02,15.04463928,trend_down,0.6537114479539503
2016-08-03,15.03564129,trend_down,0.6573542631442072
2016-08-04,15.15261516,trend_down,0.6573542631442072
2016-08-05,15.12562119,trend_down,0.6573542631442072
2016-08-08,15.30558099,trend_down,0.9423709533776204
2016-08-09,15.41355687,range,0.8939982410047287
2016-08-10,15.28758501,range,0.7839144015868765
2016-08-11,15.30558099,range,0.6767270180912871
2016-08-12,15.71948853,range,0.7295709662527802
2016-08-15,16.58329557,trend_up,0.39667941252823763
2016-08-16,16.27736391,trend_up,0.548382430468689
2016-08-17,16.11540009,trend_up,0.7515120791564546
2016-08-18,15.98942823,trend_up,0.9455628718023577
2016-08-19,16.0164222,trend_up,0.9259188089160423
2016-08-22,15.67449858,trend_up,0.8027671989238353
2016-08-23,15.69249456,range,0.6672066495870824
2016-08-24,15.58451868,trend_down,0.4855885179461443
2016-08-25,15.63850662,range,0.6181897121652762
2016-08-26,15.58451868,trend_down,0.6519587470986764
2016-08-29,15.4765428,trend_down,0.6519587470986764
2016-08-30,15.54852672,range,0.5180600844809882
2016-08-31,15.62051064,trend_down,0.5906161733765932
2016-09-01,15.17061114,trend_down,0.5033600054900631
2016-09-02,15.19760511,trend_down,0.5467480466815917
2016-09-05,15.2066031,trend_down,0.5467480466815917
2016-09-06,15.31457898,trend_down,0.5467480466815917
2016-09-07,15.296583,range,0.5350813655231531
2016-09-08,15.22459908,range,0.5198817745810702
2016-09-09,15.13461918,trend_down,0.5386523344814593
2016-09-12,14.81069154,trend_down,0.6178763480251863
2016-09-13,14.74770561,trend_down,0.5280631273793275
2016-09-14,14.61273576,trend_down,0.6607659462114903
2016-09-19,14.67572169,trend_down,0.6652049846882311
2016-09-20,14.69371767,trend_down,0.7128994785324759
2016-09-21,14.79269556,trend_down,0.8895342149017359
2016-09-22,14.73870762,trend_down,0.7128994785324759
2016-09-23,14.63972973,trend_down,0.7128994785324759
2016-09-26,14.33379807,trend_down,0.9310376619313472
2016-09-27,14.49576189,trend_down,0.6159946169915211
2016-09-28,14.43277596,trend_down,0.9206961464705191
2016-09-29,14.58574179,trend_down,0.8927407182097999
2016-09-30,14.61273576,trend_down,0.7177877360565809
2016-10-10,14.8466835,trend_up,0.7656634859672273
2016-10-11,14.86467948,range,0.5016324948275044
2016-10-12,14.81069154,range,0.6813037943603433
2016-10-13,14.81069154,range,0.8335407204208519
2016-10-14,14.8466835,trend_up,0.5183425986193364
2016-10-17,14.62173375,trend_down,0.5183425986193364
2016-10-18,14.9366634,trend_up,0.3981116224126416
2016-10-19,14.88267546,range,0.72067736070684
2016-10-20,14.86467948,range,0.810076439693821
2016-10-21,14.90067144,range,0.5804155968153503
2016-10-24,15.22459908,trend_up,0.5360031449433499
2016-10-25,15.1166232,range,0.5180600844809882
2016-10-26,15.10762521,trend_up,0.6002792785301752
2016-10-27,15.05363727,trend_up,0.6002792785301752
2016-10-28,15.14361717,trend_up,0.7511805100811437
2016-10-31,15.18860712,trend_up,0.8525171527028197
2016-11-01,15.31457898,trend_up,0.8525171527028197
2016-11-02,15.19760511,trend_up,0.8872809668603804
2016-11-03,15.61151265,trend_up,0.7953138258469944
2016-11-04,15.45854682,trend_up,0.8900741491230583
2016-11-07,15.43155285,trend_up,0.910394612860081
2016-11-08,15.46754481,trend_up,0.9130774787077519
2016-11-09,15.18860712,trend_up,0.9109824794770104
2016-11-10,15.54852672,trend_up,0.7918050138911845
2016-11-11,16.00742421,trend_up,0.8273627485107009
2016-11-14,16.18738401,trend_up,0.48210764873326295
2016-11-15,16.0164222,trend_up,0.9569306208080132
2016-11-16,16.00742421,trend_up,0.9742323281814625
2016-11-17,15.95343627,trend_up,0.9742323281814625
2016-11-18,15.71049054,trend_up,0.9735686106763175
2016-11-21,15.73748451,trend_up,0.9735686106763175
2016-11-22,15.89045034,trend_up,0.9130774787077519
2016-11-23,15.71948853,trend_up,0.9634408625489668
2016-11-24,15.78247446,trend_up,0.9721320176411556
2016-11-25,15.81846642,trend_up,0.8730805974657889
2016-11-28,15.77347647,trend_up,0.5026576485511596
2016-11-29,15.89045034,trend_up,0.732423099239252
2016-11-30,15.85445838,trend_up,0.7274146089053374
2016-12-01,16.2863619,trend_up,0.7119460028759711
2016-12-02,15.81846642,trend_up,0.6926274182002412
2016-12-05,15.27858702,range,0.5592954350852848
2016-12-06,15.1166232,trend_down,0.7378201178256707
2016-12-07,15.23359707,trend_down,0.5908897730935444
2016-12-08,15.00864732,trend_down,0.5845824471871092
2016-12-09,15.07163325,trend_down,0.7895973646075456
2016-12-12,14.67572169,trend_down,0.939525812953996
2016-12-13,14.72970963,trend_down,0.9212211388208612
2016-12-14,14.58574179,trend_down,0.9204558658492991
2016-12-15,14.46876792,trend_down,0.8264601616968841
2016-12-16,14.49576189,trend_down,0.9206961464705191
2016-12-19,14.34279606,trend_down,0.5238087613397967
2016-12-20,14.35179405,trend_down,0.5238087613397967
2016-12-21,14.49576189,trend_down,0.9206961464705191
2016-12-22,14.38778601,trend_down,0.9206961464705191
2016-12-23,14.25281616,trend_down,0.7876092458734775
2016-12-26,14.43277596,trend_down,0.8264601616968841
2016-12-27,14.36079204,trend_down,0.9206961464705191
2016-12-28,14.35179405,trend_down,0.9206961464705191
2016-12-29,14.29780611,trend_down,0.9206961464705191
2016-12-30,14.38778601,trend_down,0.9206961464705191
2017-01-03,14.54974983,trend_down,0.9653094962875512
2017-01-04,14.55874782,trend_down,0.8952284811874971
2017-01-05,14.49576189,trend_down,0.6463336002171052
2017-01-06,14.28880812,trend_down,0.8500151940332742
2017-01-09,14.32480008,trend_down,0.6615021956795386
2017-01-10,14.28880812,trend_down,0.6933285753589431
2017-01-11,14.23482018,trend_down,0.7026083875862044
2017-01-12,14.14484028,trend_down,0.6615021956795386
2017-01-13,14.17183425,trend_down,0.6894918315461872
2017-01-16,14.36979003,trend_down,0.6239172979965453
2017-01-17,14.27981013,trend_down,0.5593734999415976
2017-01-18,14.27081214,trend_down,0.7124680888866436
2017-01-19,14.26181415,trend_down,0.5593734999415976
2017-01-20,14.396784,range,0.6299592696573502
2017-01-23,14.396784,range,0.7497206378675046
2017-01-24,14.36079204,range,0.8752594922767772
2017-01-25,14.32480008,trend_down,0.5110918184132843
2017-01-26,14.396784,range,0.8752594922767772
2017-02-03,14.18083224,range,0.5662926162526309
2017-02-06,14.22582219,trend_down,0.5110918184132843
2017-02-07,14.14484028,trend_down,0.7010959321612099
2017-02-08,14.36979003,range,0.6181897121652762
2017-02-09,14.38778601,trend_up,0.5356352519973492
2017-02-10,14.45976993,range,0.51048292339603
2017-02-13,14.51375787,trend_up,0.6035789887180524
2017-02-14,14.45976993,trend_up,0.6907069871352746
2017-02-15,14.33379807,range,0.7740258513601576
2017-02-16,14.36979003,range,0.7740258513601576
2017-02-17,14.32480008,range,0.7183924507411825
2017-02-20,14.52275586,range,0.6803211766276515
2017-02-21,14.58574179,range,0.6803211766276515
2017-02-22,14.52275586,range,0.7630617427116327
2017-02-23,14.32480008,range,0.7740258513601576
2017-02-24,14.36979003,range,0.805221542066969
2017-02-27,14.25281616,trend_down,0.5475586497718523
2017-02-28,14.32480008,trend_down,0.6627757634874151
2017-03-01,14.36979003,trend_down,0.7180271308802916
2017-03-02,14.38778601,range,0.5376925074681689
2017-03-03,14.34279606,trend_down,0.4936580408097815
2017-03-06,14.45077194,range,0.7630617427116327
2017-03-07,14.41477998,range,0.8056630769228262
2017-03-08,14.31580209,range,0.7669299850682175
2017-03-09,14.27981013,trend_down,0.5026288444403237
2017-03-10,14.19882822,trend_down,0.5019691114680394
2017-03-13,14.24381817,trend_down,0.5600684097056022
2017-03-14,14.15383827,trend_down,0.5643116812574618
2017-03-15,14.18983023,trend_down,0.5967418583404716
2017-03-16,14.43277596,range,0.6382457897183147
2017-03-17,14.23482018,trend_down,0.6519587470986764
2017-03-20,14.19882822,trend_down,0.7126098734898108
2017-03-21,14.09985033,trend_down,0.5206300978745343
2017-03-22,13.95588249,trend_down,0.7527727917560791
2017-03-23,13.99187445,trend_down,0.7220766711161646
2017-03-24,14.09085234,trend_down,0.7264500416909144
2017-03-27,14.04586239,trend_down,0.732423099239252
2017-03-28,14.00087244,trend_down,0.5695353544910817
2017-03-29,13.89289656,trend_down,0.7375095755490675
2017-03-30,13.87490058,trend_down,0.6534242441957299
2017-03-31,13.78492068,trend_down,0.6534242441957299
2017-04-05,13.99187445,trend_down,0.6796714371747115
2017-04-06,13.92888852,trend_down,0.7374381389707102
2017-04-07,13.97387847,trend_down,0.5722565760865477
2017-04-10,13.82991063,trend_down,0.732423099239252
2017-04-11,13.83890862,trend_down,0.6474871916980557
2017-04-12,13.91989053,trend_down,0.732423099239252
2017-04-13,13.83890862,trend_down,0.5695353544910817
2017-04-14,13.74892872,trend_down,0.732423099239252
2017-04-17,13.70393877,trend_down,0.8924115620881568
2017-04-18,13.44299706,trend_down,0.8124795321842895
2017-04-19,13.29003123,trend_down,0.5398157423806391
2017-04-20,13.32602319,trend_down,0.9705246689210671
2017-04-21,13.42500108,trend_down,0.9713217933116737
2017-04-24,13.50598299,trend_down,0.9720901900884227
2017-04-25,13.33502118,trend_down,0.904808988462874
2017-04-26,13.33502118,trend_down,0.9713217933116737
2017-04-27,13.28103324,trend_down,0.9720901900884227
2017-04-28,13.28103324,trend_down,0.9076386927013654
2017-05-02,13.19105334,trend_down,0.9298877270666909
2017-05-03,13.16405937,trend_down,0.8264601616968841
2017-05-04,13.15506138,trend_down,0.8264601616968841
2017-05-05,13.15506138,trend_down,0.48490609413213154
2017-05-08,13.23604329,trend_down,0.9735445502831424
2017-05-09,13.17305736,trend_down,0.9109824794770104
2017-05-10,13.11007143,trend_down,0.9721320176411556
2017-05-11,13.18205535,trend_down,0.9365728327825781
2017-05-12,13.19105334,trend_down,0.9721320176411556
2017-05-15,13.20005133,trend_down,0.9713729172296236
2017-05-16,13.30802721,trend_down,0.9614310014212468
2017-05-17,13.34401917,range,0.6622611480540791
2017-05-18,13.24504128,trend_down,0.8169801622314894
2017-05-19,13.17305736,trend_down,0.7223446605489423
2017-05-22,13.15506138,trend_down,0.8853738804539207
2017-05-23,13.29902922,trend_down,0.41484635145863763
2017-05-24,13.35301716,trend_up,0.5542225932579806
2017-05-25,13.6769448,trend_up,0.8162640812747073
2017-05-26,13.73993073,trend_up,0.9526892231117793
2017-05-31,13.91089254,trend_up,0.9546276601813001
2017-06-01,13.73093274,trend_up,0.9546276601813001
2017-06-02,13.6769448,trend_up,0.9141458196879279
2017-06-05,13.62295686,trend_up,0.9386742439641551
2017-06-06,13.62295686,trend_up,0.8525171527028197
2017-06-07,13.73993073,trend_up,0.9376630151002645
2017-06-08,13.71293676,trend_up,0.8840769116367145
2017-06-09,13.62295686,trend_up,0.9423709533776204
2017-06-12,13.41600309,trend_up,0.6073029387372603
2017-06-13,13.53297696,range,0.5099475599369951
2017-06-14,13.46099304,range,0.6121192117337858
2017-06-15,13.56896892,range,0.7372292887434525
2017-06-16,13.57796691,range,0.8707257407161615
2017-06-19,13.73993073,range,0.5449917909084168
2017-06-20,13.69494078,range,0.5751730443407856
2017-06-21,13.68594279,trend_up,0.7065708320159619
2017-06-22,13.64095284,trend_up,0.5867784051335329
2017-06-23,13.496985,range,0.6299592696573502
2017-06-26,13.62295686,range,0.7995050735526689
2017-06-27,13.54197495,range,0.7535994836059334
2017-06-28,13.50598299,range,0.6629975606461551
2017-06-29,13.43399907,range,0.5537895366448894
2017-06-30,13.43399907,trend_down,0.533227573154796
2017-07-03,13.35301716,trend_down,0.5510258972827587
2017-07-04,13.34401917,trend_down,0.561510783312693
2017-07-05,13.43399907,trend_down,0.5558827878666808
2017-07-06,13.37101314,trend_down,0.5869865257032929
2017-07-07,13.48798701,trend_down,0.6336043285598788
2017-07-10,13.54197495,range,0.6384837358914196
2017-07-11,13.56896892,trend_up,0.5132446027722807
2017-07-12,13.496985,range,0.7482809570184261
2017-07-13,13.72193475,range,0.45611619011967564
2017-07-14,13.72193475,range,0.5521940070910744
2017-07-17,13.44299706,range,0.5673837157259085
2017-07-18,13.33502118,trend_down,0.7697829619491253
2017-07-19,14.07382644,range,0.3606763331793324
2017-07-20,14.03734212,trend_up,0.6836090953798974
2017-07-21,14.0008578,trend_up,0.4471373387649227
2017-07-24,13.98261564,trend_up,0.7577093091748506
2017-07-25,13.82755728,trend_up,0.7822106959010607
2017-07-26,13.909647,trend_up,0.7822106959010607
2017-07-27,14.02822104,trend_up,0.732423099239252
2017-07-28,13.83667836,trend_up,0.6684341537707239
2017-07-31,13.94613132,trend_up,0.9259188089160423
2017-08-01,14.10118968,trend_up,0.9236042312450827
2017-08-02,14.14679508,trend_up,0.7686369056132233
2017-08-03,14.12855292,trend_up,0.9098701378212136
2017-08-04,14.20152156,trend_up,0.8003153026697971
2017-08-07,14.08294752,trend_up,0.9742323281814625
2017-08-08,14.0920686,trend_up,0.9705246689210671
2017-08-09,13.909647,trend_down,0.6100032138997542
2017-08-10,13.82755728,trend_down,0.8027671989238353
2017-08-11,13.47183516,trend_down,0.8156601237330515
2017-08-14,13.67249892,trend_down,0.9025564970643071
2017-08-15,13.55392488,trend_down,0.8812855876076623
2017-08-16,13.56304596,trend_down,0.9037666730924747
2017-08-17,13.67249892,trend_down,0.9376630151002645
2017-08-18,13.59953028,trend_down,0.7650296528715809
2017-08-21,13.65425676,trend_down,0.7599209231430892
2017-08-22,13.61777244,trend_down,0.5175517101619567
2017-08-23,13.66337784,trend_down,0.7103852834709348
2017-08-24,13.49007732,trend_down,0.8965282913525047
2017-08-25,13.75458864,range,0.41013974631282873
2017-08-28,14.32921668,trend_up,0.7404646660220476
2017-08-29,14.365701,trend_up,0.8491236163364417
2017-08-30,14.46603288,trend_up,0.7431059212739862
2017-08-31,14.52075936,trend_up,0.9569306208080132
2017-09-01,14.62109124,trend_up,0.938106489634533
2017-09-04,14.52075936,trend_up,0.9742323281814625
2017-09-05,14.4569118,trend_up,0.9230955164120815
2017-09-06,14.46603288,trend_up,0.968840342841616
2017-09-07,14.21976372,trend_up,0.9680422957267861
2017-09-08,14.25624804,trend_up,0.9680422957267861
2017-09-11,14.28361128,trend_up,0.9671310851438669
2017-09-12,14.38394316,trend_up,0.9679511336517824
2017-09-13,14.32921668,trend_up,0.9735686106763175
2017-09-14,14.2288848,trend_up,0.9653094962875512
2017-09-15,14.25624804,trend_up,0.8920597894315797
2017-09-18,14.40218532,trend_up,0.9735686106763175
2017-09-19,14.3200956,trend_up,0.9558414499823895
2017-09-20,14.32921668,trend_up,0.9005271499839334
2017-09-21,14.31097452,trend_up,0.9653094962875512
2017-09-22,14.24712696,trend_up,0.5824918233590364
2017-09-25,14.07382644,trend_down,0.808111438353901
2017-09-26,14.08294752,trend_down,0.8037830379511186
2017-09-27,14.06470536,trend_down,0.641881695646907
2017-09-28,14.05558428,trend_down,0.78186981235211
2017-09-29,14.16503724,trend_down,0.8992337021191241
2017-10-09,14.21976372,range,0.7587811733891006
2017-10-10,14.26536912,range,0.7587811733891006
2017-10-11,14.19240048,range,0.8881710623963003
2017-10-12,14.0920686,range,0.6356567985997432
2017-10-13,14.10118968,range,0.6148610574654111
2017-10-16,14.10118968,range,0.5731823569743637
2017-10-17,13.9552524,trend_down,0.8375576247161503
2017-10-18,13.9552524,trend_down,0.7736577567616959
2017-10-19,13.74546756,trend_down,0.9316044858875385
2017-10-20,13.75458864,trend_down,0.63984502046001
2017-10-23,13.78195188,trend_down,0.6442155487819311
2017-10-24,13.88228376,trend_down,0.8036700552552861
2017-10-25,13.88228376,trend_down,0.6692163404760045
2017-10-26,13.89140484,trend_down,0.8579993070247722
2017-10-27,13.84579944,trend_down,0.6692163404760045
2017-10-30,13.71810432,trend_down,0.7250687613799025
2017-10-31,13.5904092,trend_down,0.8645768965032553
2017-11-01,13.55392488,trend_down,0.8471799711672638
2017-11-02,13.5448038,trend_down,0.7414888938749664
2017-11-03,13.56304596,trend_down,0.819967740449276
2017-11-06,13.56304596,trend_down,0.9697684139280737
2017-11-07,13.66337784,trend_down,0.9697684139280737
2017-11-08,13.93701024,trend_up,0.5529036999713479
2017-11-09,13.909647,trend_up,0.6735886903367564
2017-11-10,13.79107296,trend_up,0.6073029387372603
2017-11-13,13.78195188,trend_up,0.6073029387372603
2017-11-14,13.60865136,trend_down,0.8156601237330515
2017-11-15,13.58128812,trend_down,0.9366146637350224
2017-11-16,13.41710868,trend_down,0.952555408724359
2017-11-17,13.61777244,trend_down,0.6749078002558137
2017-11-20,13.52656164,trend_down,0.7224166514371863
2017-11-21,13.91876808,range,0.441805951320438
2017-11-22,13.9552524,trend_up,0.6035789887180524
2017-11-23,13.79107296,range,0.5376925074681689
2017-11-24,13.82755728,range,0.6059263082798054
2017-11-27,13.84579944,trend_up,0.5209065123849376
2017-11-28,13.80931512,trend_up,0.49102642257521434
2017-11-29,13.67249892,range,0.5449917909084168
2017-11-30,13.68162,range,0.5521940070910744
2017-12-01,13.69074108,range,0.7472219107038316
2017-12-04,13.65425676,trend_down,0.7010959321612099
2017-12-05,13.93701024,range,0.5231965102933448
2017-12-06,13.90052592,range,0.6241366913594073
2017-12-07,13.90052592,range,0.6241366913594073
2017-12-08,13.74546756,range,0.7687647182774826
2017-12-11,13.64513568,range,0.795484194260536
2017-12-12,13.32589788,trend_down,0.8424746208920513
2017-12-13,13.33501896,trend_down,0.7112568205396598
2017-12-14,13.05226548,trend_down,0.7335006150128552
2017-12-15,13.01578116,trend_down,0.9096781996222844
2017-12-18,13.05226548,trend_down,0.9204558658492991
2017-12-19,13.0431444,trend_down,0.9206961464705191
2017-12-20,12.86984388,trend_down,0.8264601616968841
2017-12-21,12.9519336,trend_down,0.9742323281814625
2017-12-22,12.84248064,trend_down,0.9742323281814625
2017-12-25,12.73302768,trend_down,0.8264601616968841
2017-12-26,12.7239066,trend_down,0.8225765820481383
2017-12-27,12.41378988,trend_down,0.48373620513782817
2017-12-28,12.24961044,trend_down,0.5278023342409506
2017-12-29,12.24961044,trend_down,0.8958711337427966
2018-01-02,12.42291096,trend_down,0.9742323281814625
2018-01-03,12.55972716,trend_down,0.9742323281814625
2018-01-04,12.5870904,trend_down,0.8958711337427966
2018-01-05,12.59621148,trend_down,0.968840342841616
2018-01-08,12.769512,trend_down,0.9112393647271799
2018-01-09,12.6783012,trend_down,0.9581306173140381
2018-01-10,12.5870904,trend_down,0.9680422957267861
2018-01-11,12.55060608,trend_down,0.8955641684077396
2018-01-12,12.4958796,trend_down,0.9355279931890701
2018-01-15,12.30433692,trend_down,0.9581306173140381
2018-01-16,12.51412176,trend_down,0.9581306173140381
2018-01-17,12.8607228,trend_up,0.4775185035089532
2018-01-18,12.9063282,trend_up,0.9096603708933312
2018-01-19,13.20732384,trend_up,0.5366100519903155
2018-01-22,13.30765572,trend_up,0.8901202629150836
2018-01-23,13.43535084,trend_up,0.9468542648081081
2018-01-24,13.87316268,trend_up,0.8578221510235342
2018-01-25,13.69074108,trend_up,0.9567949741861582
2018-01-26,13.68162,trend_up,0.9558414499823895
2018-01-29,13.62689352,trend_up,0.9558414499823895
2018-01-30,13.4079876,trend_up,0.9558414499823895
2018-01-31,13.225566,trend_up,0.9505140032602493
2018-02-01,13.4079876,trend_up,0.9505140032602493
2018-02-02,13.24380816,trend_up,0.9505140032602493
2018-02-05,13.1799606,trend_up,0.7970122181324113
2018-02-06,12.76039092,trend_down,0.7970122181324113
2018-02-07,12.71478552,trend_down,0.7970122181324113
2018-02-08,12.68742228,trend_down,0.9567949741861582
2018-02-09,11.60201376,trend_down,0.5337092170960941
2018-02-12,11.629377,trend_down,0.968840342841616
2018-02-13,11.79355644,trend_down,0.8958711337427966
2018-02-14,11.77531428,trend_down,0.8812198463734437
2018-02-22,11.83004076,trend_down,0.9679511336517824
2018-02-23,11.83916184,trend_down,0.8927407182097999
2018-02-26,12.0398256,trend_down,0.9679511336517824
2018-02-27,11.88476724,trend_down,0.9206961464705191
2018-02-28,11.77531428,trend_down,0.9742323281814625
2018-03-01,11.93949372,trend_down,0.9742323281814625
2018-03-02,11.79355644,trend_down,0.9182273385573261
2018-03-05,11.80267752,trend_down,0.9182273385573261
2018-03-06,11.98509912,trend_down,0.9162450753751263
2018-03-07,11.91213048,trend_down,0.9653094962875512
2018-03-08,11.9486148,trend_down,0.6910003035373161
2018-03-09,12.04894668,trend_down,0.6910003035373161
2018-03-12,12.14015748,trend_up,0.6491959135829651
2018-03-13,11.92125156,trend_down,0.8156601237330515
2018-03-14,11.78443536,trend_down,0.8938647944710887
2018-03-15,11.73882996,trend_down,0.635333649758702
2018-03-16,11.6749824,trend_down,0.49916722069826164
2018-03-19,11.7205878,trend_down,0.505736839246141
2018-03-20,11.66586132,trend_down,0.5111350524960072
2018-03-21,11.69322456,trend_down,0.6463336002171052
2018-03-22,11.64761916,range,0.5073260790094631
2018-03-23,10.945296,trend_down,0.5768402134048473
2018-03-26,11.00002248,trend_down,0.8454240985707783
2018-03-27,11.07299112,trend_down,0.9558414499823895
2018-03-28,10.95441708,trend_down,0.9487246146283509
2018-03-29,11.18244408,trend_down,0.9735686106763175
2018-03-30,11.23717056,trend_down,0.886942038506704
2018-04-02,11.37398676,trend_down,0.8538227567721062
2018-04-03,11.38310784,trend_down,0.8538227567721062
2018-04-04,11.29189704,trend_down,0.9557253993927181
2018-04-09,11.36486568,trend_down,0.8538227567721062
2018-04-10,11.54728728,trend_up,0.5111506662096559
2018-04-11,11.46519756,range,0.5067820346763223
2018-04-12,11.39222892,range,0.6289200282351567
2018-04-13,11.31926028,trend_down,0.5111506662096559
2018-04-16,11.07299112,trend_down,0.79441816231226
2018-04-17,11.11859652,trend_down,0.6359685894540297
2018-04-18,11.24629164,trend_down,0.6359685894540297
2018-04-19,11.24629164,range,0.5096759806726077
2018-04-20,10.8996906,trend_down,0.6409101477555205
2018-04-23,10.96353816,trend_down,0.7524824829551136
2018-04-24,11.39222892,range,0.6412288529727601
2018-04-25,11.37398676,range,0.6170851789055269
2018-04-26,11.2645338,trend_up,0.5126015124029761
2018-04-27,11.46519756,range,0.6356567985997432
2018-05-02,11.5837716,trend_up,0.5239737120696346
2018-05-03,11.82091968,range,0.527686887311356
2018-05-04,11.72970888,range,0.5819078489731289
2018-05-07,11.89388832,trend_up,0.5621036232150232
2018-05-08,11.89388832,trend_up,0.6917648009544111
2018-05-09,11.7205878,trend_up,0.8081841437984747
2018-05-10,11.83916184,trend_up,0.8078006941986001
2018-05-11,11.65674024,trend_up,0.8081841437984747
2018-05-14,11.75707212,trend_up,0.6002792785301752
2018-05-15,11.64761916,trend_up,0.8081841437984747
2018-05-16,11.47431864,range,0.6049488934198607
2018-05-17,11.51992404,range,0.6720283126002974
2018-05-18,11.55640836,range,0.6049488934198607
2018-05-21,11.65674024,range,0.6049488934198607
2018-05-22,11.54728728,range,0.6049488934198607
2018-05-23,11.39222892,range,0.7136927457939675
2018-05-24,11.28277596,trend_down,0.6703766190715587
2018-05-25,11.10947544,trend_down,0.8491648211547063
2018-05-28,11.0821122,trend_down,0.7167110031072825
2018-05-29,10.88144844,trend_down,0.6512932984250939
2018-05-30,10.66254252,trend_down,0.9252994599362988
2018-05-31,10.87232736,trend_down,0.968840342841616
2018-06-01,11.22804948,trend_down,0.9306137682501783
2018-06-04,11.1277176,trend_down,0.9742323281814625
2018-06-05,11.14595976,trend_down,0.855628419547505
2018-06-06,11.09123328,trend_down,0.9661863672976857
2018-06-07,10.9909014,trend_down,0.9487246146283509
2018-06-08,10.7628744,trend_down,0.9661863672976857
2018-06-11,10.8084798,trend_down,0.9499801362641012
2018-06-12,10.75375332,trend_down,0.967029182099857
2018-06-13,10.58957388,trend_down,0.9244569324478901
2018-06-14,10.64430036,trend_down,0.967029182099857
2018-06-15,10.5348474,trend_down,0.9244569324478901
2018-06-19,9.64098156,breakout_down,0.48333533514877697
2018-06-20,9.76867668,trend_down,0.9742323281814625
2018-06-21,9.6227394,trend_down,0.9569306208080132
2018-06-22,9.7595556,trend_down,0.8219355018305541
2018-06-25,9.63186048,trend_down,0.9679511336517824
2018-06-26,9.65922372,trend_down,0.8219355018305541
2018-06-27,9.7139502,trend_down,0.9679511336517824
2018-06-28,9.81428208,trend_down,0.9322810957908073
2018-06-29,10.01494584,trend_down,0.9661863672976857
2018-07-02,9.79603992,trend_down,0.9742323281814625
2018-07-03,9.97846152,trend_down,0.9653094962875512
2018-07-04,9.9419772,trend_down,0.855628419547505
2018-07-05,9.68658696,trend_down,0.9661863672976857
2018-07-06,9.80743825,trend_down,0.967029182099857
2018-07-09,9.9654728,trend_down,0.8920597894315797
2018-07-10,9.97476895,trend_down,0.8920597894315797
2018-07-11,9.58433065,trend_down,0.9293420397512221
2018-07-12,9.9654728,trend_down,0.9557253993927181
2018-07-13,10.0770266,trend_down,0.790893365222354
2018-07-16,10.1142112,range,0.7722451375612671
2018-07-17,9.97476895,range,0.6299592696573502
2018-07-18,9.9096959,range,0.4987464144289901
2018-07-19,9.73306905,trend_down,0.6412619597296555
2018-07-20,10.04913815,range,0.6356567985997432
2018-07-23,10.25365345,range,0.6356567985997432
2018-07-24,10.3745034,trend_up,0.8004024143614457
2018-07-25,10.36520725,trend_up,0.641881695646907
2018-07-26,10.3187265,trend_up,0.7865737659217185
2018-07-27,10.1513958,trend_up,0.9015062663814333
2018-07-30,10.17928425,trend_up,0.6956124261749731
2018-07-31,10.1699881,trend_up,0.6956124261749731
2018-08-01,10.0212497,range,0.4463221082749991
2018-08-02,9.7609575,range,0.6299592696573502
2018-08-03,9.75166135,trend_down,0.7378201178256707
2018-08-06,9.5936268,trend_down,0.8754655967026245
2018-08-07,9.86321515,trend_down,0.9052286302355669
2018-08-08,9.8167344,trend_down,0.7671682660063865
2018-08-09,10.0212497,trend_down,0.8493096640531225
2018-08-10,10.04913815,trend_up,0.648246343667833
2018-08-13,10.0212497,trend_up,0.648246343667833
2018-08-14,10.12350735,range,0.4998880512009192
2018-08-15,9.853919,trend_down,0.7071502087268331
2018-08-16,10.01195355,trend_up,0.45769042081438654
2018-08-17,9.9840651,range,0.455445798709778
2018-08-20,10.14209965,trend_up,0.6491959135829651
2018-08-21,10.1513958,trend_up,0.5783064637189993
2018-08-22,10.0956189,range,0.6148610574654111
2018-08-23,10.1699881,range,0.6412288529727601
2018-08-24,10.225765,trend_up,0.7896842717487778
2018-08-27,10.3001342,trend_up,0.5812297646283645
2018-08-28,10.21646885,trend_up,0.8336073750509411
2018-08-29,10.0770266,trend_up,0.5645989289760663
2018-08-30,9.667996,trend_down,0.7901268861007262
2018-08-31,9.67729215,trend_down,0.8186987499094057
2018-09-03,9.29615,trend_down,0.8532603527991378
2018-09-04,9.30544615,trend_down,0.8273627485107009
2018-09-05,9.17530005,trend_down,0.8883657240708963
2018-09-06,9.11952315,trend_down,0.5238087613397967
2018-09-07,9.06374625,trend_down,0.5407135016471885
2018-09-10,8.59893875,breakout_down,0.48512049459319745
2018-09-11,8.59893875,trend_down,0.5238087613397967
2018-09-12,8.58034645,trend_down,0.8927407182097999
2018-09-13,8.6640118,trend_down,0.9206961464705191
2018-09-14,8.5710503,trend_down,0.8927407182097999
2018-09-17,8.46879265,trend_down,0.767061440741372
2018-09-18,8.65471565,trend_down,0.5387730654631989
2018-09-19,8.738381,trend_down,0.9679511336517824
2018-09-20,8.67330795,trend_down,0.8927407182097999
2018-09-21,8.8499348,trend_down,0.9569493631443057
2018-09-25,8.72908485,trend_down,0.8902144987503774
2018-09-26,8.78486175,trend_down,0.9569493631443057
2018-09-27,8.74767715,trend_down,0.8902144987503774
2018-09-28,8.8313425,trend_down,0.855628419547505
2018-10-08,8.4780888,trend_down,0.9652070575927774
2018-10-09,8.46879265,trend_down,0.88625147446568
2018-10-10,8.46879265,trend_down,0.9000918545670356
2018-10-11,7.68791605,trend_down,0.46183829316132113
2018-10-12,7.4741046,trend_down,0.49175954600186506
2018-10-15,7.24170085,trend_down,0.897989906797047
2018-10-16,7.31607005,trend_down,0.9569306208080132
2018-10-17,7.59495455,trend_down,0.9742323281814625
2018-10-18,7.48340075,trend_down,0.9742323281814625
2018-10-19,7.85524675,trend_down,0.9365728327825781
2018-10-22,8.6454195,trend_up,0.7454886979526159
2018-10-23,8.67330795,trend_up,0.743707073871586
2018-10-24,8.7941579,trend_up,0.7454886979526159
2018-10-25,9.08233855,trend_up,0.7454886979526159
2018-10-26,8.85923095,trend_up,0.9379154030189935
2018-10-29,8.738381,trend_up,0.9558414499823895
2018-10-30,9.0916347,trend_up,0.7946864043790454
2018-10-31,8.98937705,trend_up,0.9558414499823895
2018-11-01,9.06374625,trend_up,0.8578221510235342
2018-11-02,9.65869985,trend_up,0.8563647491599883
2018-11-05,9.5936268,trend_up,0.9025533180197977
2018-11-06,9.47277685,trend_up,0.8099889383145629
2018-11-07,9.28685385,trend_up,0.8722053219439818
2018-11-08,9.0916347,trend_up,0.9487246146283509
2018-11-09,9.10093085,trend_up,0.9005271499839334
2018-11-12,9.26826155,trend_up,0.9005271499839334
2018-11-13,9.482073,trend_up,0.9558414499823895
2018-11-14,9.29615,trend_up,0.9005271499839334
2018-11-15,9.5750345,trend_up,0.9558414499823895
2018-11-16,9.84462285,trend_up,0.9252994599362988
2018-11-19,10.2443573,trend_up,0.650891337907891
2018-11-20,9.7237729,trend_up,0.9517279395223786
2018-11-21,10.0026574,trend_up,0.9696978493388541
2018-11-22,9.9282882,trend_up,0.9696978493388541
2018-11-23,9.58433065,trend_up,0.9689210597843152
2018-11-26,9.52855375,trend_up,0.9592704627017886
2018-11-27,9.45418455,trend_up,0.9013151139342803
2018-11-28,9.6122191,trend_up,0.9423709533776204
2018-11-29,9.2403731,trend_down,0.8156601237330515
2018-11-30,9.2775577,trend_down,0.7970122181324113
2018-12-03,9.56573835,trend_up,0.7715649733569704
2018-12-04,9.62151525,trend_up,0.7010959321612099
2018-12-05,9.45418455,range,0.5592954350852848
2018-12-06,9.17530005,trend_down,0.6615824891304735
2018-12-07,9.1845962,trend_down,0.5908897730935444
2018-12-10,9.0358578,trend_down,0.6609137486792392
2018-12-11,9.0730424,trend_down,0.9013965819316143
2018-12-12,9.04515395,trend_down,0.8812855876076623
2018-12-13,9.15670775,trend_down,0.8812855876076623
2018-12-14,8.8499348,trend_down,0.8452061671728198
2018-12-17,8.80345405,trend_down,0.7263726132051366
2018-12-18,8.7011964,trend_down,0.8536226494409538
2018-12-19,8.6082349,trend_down,0.6654814223746934
2018-12-20,8.63612335,trend_down,0.868371445810379
2018-12-21,8.46879265,trend_down,0.684007028821095
2018-12-24,8.4037196,trend_down,0.6791274097430762
2018-12-25,8.13413125,breakout_down,0.4842032887890964
2018-12-26,7.994689,trend_down,0.9019048519618212
2018-12-27,7.9760967,trend_down,0.9705246689210671
2018-12-28,8.15272355,trend_down,0.938106489634533
2019-01-02,8.13413125,trend_down,0.9742323281814625
2019-01-03,8.30146195,trend_down,0.938106489634533
2019-01-04,9.0544501,trend_up,0.8204744981771703
2019-01-07,9.00796935,trend_up,0.8491236163364417
2019-01-08,8.9986732,trend_up,0.9096603708933312
2019-01-09,9.0358578,trend_up,0.9088717738996209
2019-01-10,8.87782325,trend_up,0.9423709533776204
2019-01-11,8.9428963,trend_up,0.8489039039438464
2019-01-14,8.89641555,trend_up,0.9366146637350224
2019-01-15,9.110227,trend_up,0.9366146637350224
2019-01-16,9.0544501,trend_up,0.8452061671728198
2019-01-17,8.924304,trend_up,0.9423709533776204
2019-01-18,9.0358578,trend_up,0.6359685894540297
2019-01-21,9.00796935,trend_up,0.7896842717487778
2019-01-22,8.84063865,range,0.5542730275260896
2019-01-23,8.72908485,range,0.8071915136673933
2019-01-24,8.8685271,range,0.8071915136673933
2019-01-25,8.85923095,range,0.8071915136673933
2019-01-28,8.8313425,range,0.636678816530835
2019-01-29,8.63612335,trend_down,0.7896842717487778
2019-01-30,8.54316185,range,0.5375381114711176
2019-01-31,8.6268272,trend_down,0.5812297646283645
2019-02-01,8.9057117,range,0.861983580007161
2019-02-11,8.9986732,range,0.7874824008533569
2019-02-12,9.1845962,range,0.7086203760612672
2019-02-13,9.5750345,range,0.6846598222607139
2019-02-14,9.5564422,trend_up,0.9145702985221822
2019-02-15,9.41699995,trend_up,0.9253481059270222
2019-02-18,10.01195355,trend_up,0.897989906797047
2019-02-19,10.42098415,breakout_up,0.48512049459319745
2019-02-20,10.5046495,trend_up,0.9742323281814625
2019-02-21,10.6719802,trend_up,0.48210764873326295
2019-02-22,11.74103745,trend_up,0.7779103232958292
2019-02-25,12.91235235,breakout_up,0.47683102472388567
2019-02-26,13.2934945,breakout_up,0.47683102472388567
2019-02-27,13.02390615,trend_up,0.9074700472430703
2019-02-28,12.29880645,trend_up,0.9074700472430703
2019-03-01,12.57769095,trend_up,0.9679556215260039
2019-03-04,12.68924475,trend_up,0.9074700472430703
2019-03-05,12.6241717,trend_up,0.9679556215260039
2019-03-06,13.13545995,trend_up,0.9679556215260039
2019-03-07,13.54449055,trend_up,0.9074700472430703
2019-03-08,13.1261638,trend_up,0.7779103232958292
2019-03-11,13.35856755,trend_up,0.9742323281814625
2019-03-12,13.2749022,trend_up,0.9742323281814625
2019-03-13,13.3678637,trend_up,0.9742323281814625
2019-03-14,12.54050635,trend_up,0.9653094962875512
2019-03-15,12.6241717,trend_up,0.9544574003068366
2019-03-18,12.642764,trend_up,0.9544574003068366
2019-03-19,12.35458335,trend_up,0.8888063780690166
2019-03-20,12.46613715,trend_up,0.9653094962875512
2019-03-21,12.52191405,trend_up,0.9653094962875512
2019-03-22,12.3266949,trend_up,0.6409101477555205
2019-03-25,11.899072,trend_down,0.8037830379511186
2019-03-26,11.4714491,trend_down,0.8156601237330515
2019-03-27,11.4714491,trend_down,0.8037830379511186
2019-03-28,11.51792985,trend_down,0.8917846466156887
2019-03-29,12.2337334,trend_down,0.6073029387372603
2019-04-01,12.3266949,range,0.455445798709778
2019-04-02,12.33599105,trend_up,0.8938647944710887
2019-04-03,12.78220625,trend_up,0.790893365222354
2019-04-04,13.4794175,trend_up,0.8144270115893723
2019-04-08,12.9960177,trend_up,0.9569306208080132
2019-04-09,12.9216485,trend_up,0.9508698508057122
2019-04-10,12.5869871,trend_up,0.9319157352306672
2019-04-11,12.270918,trend_down,0.7656634859672273
2019-04-12,12.2523257,trend_down,0.5845824471871092
2019-04-15,12.13147575,trend_down,0.7123691467602389
2019-04-16,12.44754485,trend_down,0.7123691467602389
2019-04-17,12.3824718,range,0.49209851201904514
2019-04-18,12.22443725,range,0.49209851201904514
2019-04-19,12.39176795,range,0.49209851201904514
2019-04-22,12.07569885,trend_down,0.7123691467602389
2019-04-23,12.05710655,trend_down,0.7123691467602389
2019-04-24,12.24302955,range,0.49209851201904514
2019-04-25,11.70385285,trend_down,0.8156601237330515
2019-04-26,11.8804797,trend_down,0.5858872534115398
2019-04-29,11.79681435,trend_down,0.5858872534115398
2019-04-30,11.5644106,trend_down,0.7987059104147493
2019-05-06,10.42098415,trend_down,0.79571777268735
2019-05-07,10.51394565,trend_down,0.9353864755588319
2019-05-08,10.411688,trend_down,0.8084325924181914
2019-05-09,10.3373188,trend_down,0.9498237469722951
2019-05-10,10.75564555,trend_down,0.9679511336517824
2019-05-13,10.45816875,trend_down,0.9206961464705191
2019-05-14,10.3373188,trend_down,0.9206961464705191
2019-05-15,10.51394565,trend_down,0.9206961464705191
2019-05-16,10.51394565,trend_down,0.9206961464705191
2019-05-17,9.97476895,trend_down,0.8264601616968841
2019-05-20,10.0584343,trend_down,0.9206961464705191
2019-05-21,10.225765,trend_down,0.9742323281814625
2019-05-22,10.10491505,trend_down,0.9206961464705191
2019-05-23,10.0770266,trend_down,0.9206961464705191
2019-05-24,10.039842,trend_down,0.9206961464705191
2019-05-27,10.411688,trend_down,0.9653094962875512
2019-05-28,10.4860572,trend_down,0.8952284811874971
2019-05-29,10.45816875,trend_down,0.8952284811874971
2019-05-30,10.32802265,trend_down,0.6646317013055155
2019-05-31,10.36520725,trend_down,0.5946728142793603
2019-06-03,9.5378499,trend_down,0.5461022832097622
2019-06-04,9.39840765,trend_down,0.6531080900432863
2019-06-05,9.7237729,trend_down,0.7969808186965923
2019-06-06,9.7423652,trend_down,0.9569306208080132
2019-06-10,9.6122191,trend_down,0.8927407182097999
2019-06-11,10.17928425,trend_down,0.8217245207147975
2019-06-12,9.9654728,trend_down,0.5906161733765932
2019-06-13,10.039842,trend_down,0.5906161733765932
2019-06-14,9.82603055,trend_down,0.7990807723304278
2019-06-17,9.82603055,trend_down,0.5906161733765932
2019-06-18,9.80743825,trend_down,0.6518016609119309
2019-06-19,9.97476895,range,0.5872012849427013
2019-06-20,10.47676105,range,0.5214774587220841
2019-06-21,10.73705325,trend_up,0.502947664402316
2019-06-24,10.73705325,trend_up,0.9096603708933312
2019-06-25,10.64409175,trend_up,0.8156601237330515
2019-06-26,10.4860572,trend_up,0.8812855876076623
2019-06-27,10.64409175,trend_up,0.9423709533776204
2019-06-28,10.6162033,trend_up,0.8489039039438464
2019-07-01,10.88579165,trend_up,0.8105048560772766
2019-07-02,10.8579032,trend_up,0.6052085078829801
2019-07-03,10.6905725,trend_up,0.6052085078829801
2019-07-04,10.69986865,trend_up,0.6002792785301752
2019-07-05,10.64409175,trend_up,0.6519587470986764
2019-07-08,10.32802265,range,0.5278516112988646
2019-07-09,10.5232418,range,0.6241366913594073
2019-07-10,10.5790187,range,0.6241366913594073
2019-07-11,10.5418341,range,0.6767270180912871
2019-07-12,10.62549945,range,0.6767270180912871
2019-07-15,10.81142245,trend_up,0.5954143118264487
2019-07-16,10.7463494,range,0.5180600844809882
2019-07-17,10.7649417,range,0.5180600844809882
2019-07-18,10.60690715,range,0.5198817745810702
2019-07-19,10.77571266,range,0.5198817745810703
2019-07-22,10.60690254,range,0.7722451375612671
2019-07-23,10.71006428,range,0.8072668076257075
2019-07-24,10.80384768,range,0.5198817745810703
2019-07-25,10.90700942,range,0.5582723723353322
2019-07-26,10.82260436,trend_up,0.500721197466656
2019-07-29,10.62565922,range,0.810331639320977
2019-07-30,10.71006428,range,0.8960555700076558
2019-07-31,10.60690254,range,0.6679497269299622
2019-08-01,10.46622744,range,0.7863367821971079
2019-08-02,10.14736388,trend_down,0.5370331599857943
2019-08-05,9.847257,trend_down,0.6123987079148775
2019-08-06,9.73471692,trend_down,0.6131784776602781
2019-08-07,9.62217684,trend_down,0.9498237469722951
2019-08-08,9.97855376,trend_down,0.9297390133172877
2019-08-09,9.96917542,trend_down,0.9661863672976857
2019-08-12,10.06295882,trend_down,0.9735686106763175
2019-08-13,9.77223028,trend_down,0.9661863672976857
2019-08-14,9.79098696,trend_down,0.886942038506704
2019-08-15,9.76285194,trend_down,0.9669242414729065
2019-08-16,9.79098696,trend_down,0.9661863672976857
2019-08-19,10.46622744,trend_up,0.5414110904703863
2019-08-20,10.41933574,trend_up,0.7604757499852173
2019-08-21,10.27866064,trend_up,0.7551989029526169
2019-08-22,10.30679566,trend_up,0.5754827443311201
2019-08-23,10.24114728,trend_up,0.932025720133591
2019-08-26,10.0817155,range,0.5118302389815961
2019-08-27,10.38182238,range,0.7272474280313435
2019-08-28,10.1754989,range,0.7272474280313435
2019-08-29,10.09109384,range,0.7968608643409986
2019-08-30,10.10047218,range,0.7874824008533569
2019-09-02,10.24114728,range,0.7874824008533569
2019-09-03,10.24114728,range,0.8105769839318411
2019-09-04,10.47560578,range,0.7086084217079136
2019-09-05,10.90700942,breakout_up,0.5214470611176679
2019-09-06,11.02892784,trend_up,0.775123693997761
2019-09-09,11.254008,trend_up,0.860583510781455
2019-09-10,11.31027804,trend_up,0.8268928487385393
2019-09-11,11.54473654,trend_up,0.6372585403282437
2019-09-12,11.6291416,trend_up,0.9742323281814625
2019-09-16,11.50722318,trend_up,0.5407135016471885
2019-09-17,11.254008,trend_up,0.9742323281814625
2019-09-18,11.3477914,trend_up,0.9182273385573261
2019-09-19,11.31027804,trend_up,0.967029182099857
2019-09-20,11.23525132,trend_up,0.967029182099857
2019-09-23,10.9726578,trend_up,0.9661863672976857
2019-09-24,11.10395456,trend_up,0.9653094962875512
2019-09-25,10.94452278,trend_down,0.8156601237330515
2019-09-26,10.785091,trend_down,0.8156601237330515
2019-09-27,10.95390112,trend_down,0.6491959135829651
2019-09-30,10.62565922,trend_down,0.8156601237330515
2019-10-08,10.57876752,trend_down,0.808111438353901
2019-10-09,10.68192926,trend_down,0.8156601237330515
2019-10-10,10.86011772,trend_down,0.6073029387372603
2019-10-11,11.0195495,trend_up,0.9423709533776204
2019-10-14,11.254008,trend_up,0.8639326827781951
2019-10-15,11.08519788,range,0.6356567985997432
2019-10-16,10.95390112,range,0.6289200282351567
2019-10-17,10.86011772,range,0.7960741648574148
2019-10-18,10.62565922,range,0.7240131848057194
2019-10-21,10.61628088,range,0.6340762323724056
2019-10-22,10.67255092,range,0.6340762323724056
2019-10-23,10.52249748,range,0.5011696763574541
2019-10-24,10.58814586,range,0.5011696763574541
2019-10-25,10.6913076,range,0.5011696763574541
2019-10-28,10.93514444,range,0.8881710623963003
2019-10-29,10.6913076,range,0.7863367821971079
2019-10-30,10.68192926,range,0.7863367821971079
2019-10-31,10.74757764,range,0.810331639320977
2019-11-01,10.89763108,range,0.8960555700076558
2019-11-04,10.96327946,range,0.6679497269299622
2019-11-05,11.02892784,trend_up,0.50134481872425
2019-11-06,10.8788744,range,0.5198817745810703
2019-11-07,10.89763108,trend_up,0.5386523344814591
2019-11-08,10.785091,range,0.8953960049953154
2019-11-11,10.54125416,range,0.6324362144853908
2019-11-12,10.56938918,range,0.6675815409009122
2019-11-13,10.61628088,range,0.6675815409009122
2019-11-14,10.56001084,range,0.5081553146653877
2019-11-15,10.29741732,trend_down,0.6220203604931364
2019-11-18,10.40057906,trend_down,0.8902144987503774
2019-11-19,10.52249748,trend_down,0.8540433404472647
2019-11-20,10.41933574,trend_down,0.6646317013055155
2019-11-21,10.4568491,trend_down,0.8902144987503774
2019-11-22,10.4099574,trend_down,0.8902144987503774
2019-11-25,10.4568491,trend_down,0.8902144987503774
2019-11-26,10.56938918,trend_down,0.5354630728391402
2019-11-27,10.4568491,trend_down,0.7124680888866436
2019-11-28,10.4568491,trend_down,0.7029277703122272
2019-11-29,10.51311914,trend_down,0.5894533561033574
2019-12-02,10.56938918,range,0.72067736070684
2019-12-03,10.70068594,range,0.7240131848057194
2019-12-04,10.74757764,range,0.6476432824118017
2019-12-05,10.94452278,range,0.6341739504397705
2019-12-06,11.00079282,trend_up,0.5875438181069655
2019-12-09,10.9726578,trend_up,0.887666741948818
2019-12-10,10.95390112,trend_up,0.9187684356464907
2019-12-11,10.94452278,trend_up,0.9712730414337395
2019-12-12,10.86011772,trend_up,0.9680422957267861
2019-12-13,11.31027804,trend_up,0.897989906797047
2019-12-16,11.45095314,trend_up,0.6008592647342702
2019-12-17,11.77919504,breakout_up,0.4638212914878978
2019-12-18,11.76043836,trend_up,0.8612978915360555
2019-12-19,11.722925,trend_up,0.9742323281814625
2019-12-20,11.7698167,trend_up,0.8003153026697971
2019-12-23,11.49784484,trend_up,0.938106489634533
2019-12-24,11.64789828,trend_up,0.9742323281814625
2019-12-25,11.5822499,trend_up,0.9742323281814625
2019-12-26,11.78857338,trend_up,0.9742323281814625
2019-12-27,11.65727662,trend_up,0.9339013390805402
2019-12-30,12.26686872,trend_up,0.5195010918436814
2019-12-31,12.2856254,trend_up,0.9742323281814625
2020-01-02,12.44505718,trend_up,0.5293985367695945
2020-01-03,12.55759726,trend_up,0.8139754305656954
2020-01-06,12.90459584,trend_up,0.5195010918436814
2020-01-07,12.92335252,trend_up,0.9742323281814625
2020-01-08,12.50132722,trend_up,0.9742323281814625
2020-01-09,12.65138066,trend_up,0.9679511336517824
2020-01-10,12.65138066,trend_up,0.9679511336517824
2020-01-13,12.58573228,trend_up,0.9679511336517824
2020-01-14,12.2856254,trend_up,0.9569493631443057
2020-01-15,12.30438208,trend_up,0.8952284811874971
2020-01-16,12.31376042,trend_up,0.9653094962875512
2020-01-17,12.31376042,trend_up,0.8952284811874971
2020-01-20,12.37003046,trend_up,0.8920597894315797
2020-01-21,11.96676184,trend_down,0.8156601237330515
2020-01-22,12.07930192,trend_down,0.932025720133591
2020-01-23,11.6291416,trend_down,0.9332347807542475
2020-02-03,10.46622744,trend_down,0.826418049821366
2020-02-04,10.39120072,trend_down,0.9085912955960314
2020-02-05,10.48498412,trend_down,0.9487246146283509
2020-02-06,10.7381993,trend_down,0.9496354774399214
2020-02-07,10.70068594,trend_down,0.8753697464663618
2020-02-10,10.79446934,trend_down,0.8753697464663618
2020-02-11,10.81322602,trend_down,0.719076676939774
2020-02-12,10.95390112,trend_down,0.9679511336517824
2020-02-13,10.74757764,trend_down,0.8927407182097999
2020-02-14,10.93514444,trend_down,0.9679511336517824
2020-02-17,11.46970982,trend_down,0.8976590831882497
2020-02-18,11.45095314,trend_up,0.7656634859672273
2020-02-19,11.57287156,trend_up,0.8976590831882497
2020-02-20,12.26686872,trend_up,0.5529036999713479
2020-02-21,12.191842,trend_up,0.8609773329160698
2020-02-24,12.18246366,trend_up,0.9569306208080132
2020-02-25,12.20122034,trend_up,0.9558414499823895
2020-02-26,12.0511669,trend_up,0.9735686106763175
2020-02-27,12.0042752,trend_up,0.9735686106763175
2020-02-28,11.14146792,trend_up,0.5693234864679636
2020-03-02,11.77919504,trend_up,0.9332347807542475
2020-03-03,11.89173512,trend_up,0.948724614628351
2020-03-04,12.1449503,trend_up,0.9332347807542475
2020-03-05,12.43567884,trend_up,0.8422827890128927
2020-03-06,11.92924848,trend_up,0.7896842717487778
2020-03-09,11.52597986,range,0.636678816530835
2020-03-10,11.89173512,trend_up,0.7896842717487778
2020-03-11,11.61976326,range,0.8391249478557303
2020-03-12,11.4415748,range,0.6170851789055269
2020-03-13,11.22587298,range,0.5727149019860955
2020-03-16,10.72882096,range,0.5731823569743637
2020-03-17,10.72882096,trend_down,0.7507572609870907
2020-03-18,10.41933574,trend_down,0.7513716898445899
2020-03-19,10.5506325,trend_down,0.9321507785944317
2020-03-20,10.62565922,trend_down,0.8107846739053404
2020-03-23,10.2692823,trend_down,0.9206961464705191
2020-03-24,10.58814586,trend_down,0.9206961464705191
2020-03-25,10.7381993,trend_down,0.7371038812817139
2020-03-26,10.5506325,trend_down,0.9206961464705191
2020-03-27,10.63503756,trend_down,0.9206961464705191
2020-03-30,10.38182238,trend_down,0.9206961464705191
2020-03-31,10.32555234,trend_down,0.9206961464705191
2020-04-01,10.23176894,trend_down,0.920329858888239
2020-04-02,10.3630657,trend_down,0.6291763895745622
2020-04-03,10.2223906,trend_down,0.9206961464705191
2020-04-07,10.40057906,trend_down,0.9206961464705191
2020-04-08,10.35368736,trend_down,0.9187684356464907
2020-04-09,10.40057906,trend_down,0.8902144987503774
2020-04-10,10.56938918,trend_down,0.732739602822554
2020-04-13,10.65379424,range,0.6289200282351567
2020-04-14,10.74757764,trend_up,0.43876594482446585
2020-04-15,10.5037408,range,0.6299592696573502
2020-04-16,10.54125416,range,0.8752594922767772
2020-04-17,10.53187582,range,0.8881710623963003
2020-04-20,10.49436246,range,0.6679497269299622
2020-04-21,10.29741732,trend_down,0.5369144893070597
2020-04-22,10.35368736,trend_down,0.5106474054888019
2020-04-23,10.24114728,range,0.503616096073202
2020-04-24,10.06295882,trend_down,0.5510258972827587
2020-04-27,10.04420214,trend_down,0.5106474054888019
2020-04-28,10.10047218,trend_down,0.5470209025441365
2020-04-29,10.24114728,trend_down,0.9403025693492182
2020-04-30,10.48498412,trend_up,0.8123414493055849
2020-05-06,10.49436246,trend_up,0.6554353925269597
2020-05-07,10.48498412,trend_up,0.5845824471871092
2020-05-08,10.63503756,trend_up,0.6615824891304735
2020-05-11,10.5506325,trend_up,0.6465933116478583
2020-05-12,10.46622744,trend_up,0.5297699603102178
2020-05-13,10.56001084,trend_up,0.6465933116478583
2020-05-14,10.3630657,range,0.7839144015868764
2020-05-15,10.3630657,range,0.6675815409009122
2020-05-18,10.29741732,range,0.8068890267785982
2020-05-19,10.43809242,range,0.9090151530166732
2020-05-20,10.41933574,range,0.9090151530166732
2020-05-21,10.42871408,range,0.9072981748131455
2020-05-22,10.2223906,range,0.7851479446904522
2020-05-25,10.1286072,trend_down,0.5331812904942943
2020-05-26,10.23176894,range,0.5030095503666082
2020-05-27,10.11922886,range,0.4987464144289901
2020-05-28,10.27866064,trend_down,0.5386523344814591
2020-05-29,10.25052562,trend_down,0.5049421497994605
2020-06-01,10.60690254,range,0.7071601563822434
2020-06-02,10.5506325,range,0.6125631315948684
2020-06-03,10.42871408,range,0.7705357985483827
2020-06-04,10.3630657,range,0.7705357985483827
2020-06-05,10.43809242,range,0.7722451375612671
2020-06-08,10.40057906,range,0.7863367821971079
2020-06-09,10.48498412,range,0.7863367821971079
2020-06-10,10.34430902,range,0.8960555700076558
2020-06-11,10.27866064,range,0.5216441438981175
2020-06-12,10.2223906,trend_down,0.5010189048170285
2020-06-15,10.1754989,range,0.5216441438981175
2020-06-16,10.27866064,trend_down,0.49531233898561716
2020-06-17,10.25990396,trend_down,0.5000303864163241
2020-06-18,10.35368736,range,0.8960555700076558
2020-06-19,11.31027804,breakout_up,0.5280122451380965
2020-06-22,12.44505718,breakout_up,0.4482922937390147
2020-06-23,13.6923764,breakout_up,0.4452658905757582
2020-06-24,13.87056486,trend_up,0.6969627102459218
2020-06-29,13.6923764,trend_up,0.6969627102459218
2020-06-30,15.06161404,trend_up,0.7779103232958292
2020-07-01,16.29955492,trend_up,0.5195010918436814
2020-07-02,17.93138608,breakout_up,0.47683102472388567
2020-07-03,19.72264902,breakout_up,0.47683102472388567
2020-07-06,21.69210042,breakout_up,0.49294818700759757
2020-07-07,23.27703988,breakout_up,0.47683102472388567
2020-07-08,25.6028682,trend_up,0.7779103232958292
2020-07-09,28.16315502,trend_up,0.7779103232958292
2020-07-10,26.51256718,trend_up,0.5195010918436814
2020-07-13,27.92869652,trend_up,0.5195010918436814
2020-07-14,27.21594268,trend_up,0.9679556215260039
2020-07-15,26.65324228,trend_up,0.9679556215260039
2020-07-16,25.89359674,trend_up,0.9679556215260039
2020-07-17,23.3051749,trend_up,0.9671356839524399
2020-07-20,23.81160526,trend_up,0.948738651798125
2020-07-21,23.18325648,trend_up,0.9569493631443057
2020-07-22,23.17387814,trend_up,0.9569493631443057
2020-07-23,24.48684574,trend_up,0.9671310851438669
2020-07-24,22.03534458,trend_up,0.9569493631443057
2020-07-27,21.3214971,trend_down,0.7939991758485883
2020-07-28,21.96020274,trend_down,0.5894533561033574
2020-07-29,22.48619562,trend_up,0.7939991758485883
2020-07-30,21.83809725,trend_up,0.6554353925269597
2020-07-31,22.55194473,trend_up,0.6554353925269597
2020-08-03,22.79615571,trend_up,0.8964466843873213
2020-08-04,22.66465749,trend_up,0.6554353925269597
2020-08-05,22.69283568,trend_up,0.8754655967026245
2020-08-06,23.1061158,trend_up,0.9735686106763175
2020-08-07,21.4154244,trend_up,0.8156601237330515
2020-08-10,20.73914784,trend_down,0.9096603708933312
2020-08-11,20.9457879,trend_down,0.8156601237330515
2020-08-12,20.32586772,trend_down,0.808111438353901
2020-08-13,20.7579333,trend_down,0.8724350267186767
2020-08-14,21.05850066,trend_down,0.8724350267186767
2020-08-17,22.10109369,trend_down,0.6073029387372603
2020-08-18,21.67842084,range,0.455445798709778
2020-08-19,20.92700244,trend_down,0.6491959135829651
2020-08-20,20.52311505,trend_down,0.808111438353901
2020-08-21,20.73914784,trend_down,0.808111438353901
2020-08-24,20.49493686,trend_down,0.8938647944710887
2020-08-25,20.22254769,trend_down,0.8724350267186767
2020-08-26,20.61704235,trend_down,0.8992337021191241
2020-08-27,20.83307514,trend_down,0.6901246879786478
2020-08-28,21.16182069,range,0.8766633165993692
2020-08-31,20.58886416,range,0.6356567985997432
2020-09-01,20.77671876,range,0.7722451375612671
2020-09-02,21.52813716,range,0.8034067673847938
2020-09-03,22.34530467,range,0.5294037623753223
2020-09-04,22.68344295,trend_up,0.7692881612965531
2020-09-07,21.96020274,trend_up,0.9037099434649061
2020-09-08,21.94141728,trend_up,0.9421127839593577
2020-09-09,20.95518063,trend_up,0.4639852444248265
2020-09-10,20.77671876,trend_down,0.8123414493055849
2020-09-11,20.45736594,trend_down,0.5845824471871092
2020-09-14,20.70157692,trend_down,0.5845824471871092
2020-09-15,20.53250778,trend_down,0.7865737659217185
2020-09-16,20.40100956,trend_down,0.7495505910828448
2020-09-17,20.03469309,trend_down,0.7495505910828448
2020-09-18,21.65024265,range,0.7535994836059334
2020-09-21,21.27453345,range,0.6241366913594073
2020-09-22,21.23696253,range,0.795484194260536
2020-09-23,20.82368241,range,0.7687647182774826
2020-09-24,20.5700787,range,0.7687647182774826
2020-09-25,21.03032247,range,0.5819078489731289
2020-09-28,21.10546431,range,0.8738031437839128
2020-09-29,21.00214428,range,0.8738031437839128
2020-09-30,20.61704235,range,0.7472219107038316
2020-10-09,20.664006,range,0.7497206378675046
2020-10-12,21.49995897,range,0.6299592696573502
2020-10-13,20.98335882,range,0.7722451375612671
2020-10-14,21.01153701,range,0.7722451375612671
2020-10-15,21.23696253,trend_up,0.551160654911573
2020-10-16,21.30271164,trend_up,0.7467088075887623
2020-10-19,20.8518606,range,0.455445798709778
2020-10-20,20.61704235,trend_down,0.5783064637189993
2020-10-21,20.42918775,trend_down,0.641881695646907
2020-10-22,20.5700787,range,0.4998880512009192
2020-10-23,19.94076579,trend_down,0.6901246879786478
2020-10-26,17.95889976,trend_down,0.4761434267210267
2020-10-27,17.80861608,trend_down,0.7881342581504033
2020-10-28,17.47987053,trend_down,0.871543152426647
2020-10-29,17.67711786,trend_down,0.8139754305656954
2020-10-30,16.89752127,trend_down,0.8264601616968841
2020-11-02,16.74723759,trend_down,0.5381908190367913
2020-11-03,17.43290688,trend_down,0.966073424863376
2020-11-04,17.40472869,trend_down,0.88625147446568
2020-11-05,17.73347424,trend_down,0.88625147446568
2020-11-06,17.81800881,trend_down,0.966073424863376
2020-11-09,18.54124902,trend_down,0.9079162633781166
2020-11-10,17.96829249,trend_down,0.9544574003068366
2020-11-11,17.53622691,trend_down,0.9440863650114307
2020-11-12,17.42351415,trend_down,0.871543152426647
2020-11-13,17.30140866,trend_down,0.871543152426647
2020-11-16,17.32019412,trend_down,0.9077766284665878
2020-11-17,17.27323047,trend_down,0.6872932051106249
2020-11-18,17.96829249,trend_down,0.5426036914207419
2020-11-19,17.83679427,trend_down,0.528801737056278
2020-11-20,18.07161252,trend_down,0.528801737056278
2020-11-23,18.24068166,range,0.6289200282351567
2020-11-24,17.90254338,range,0.836379350546799
2020-11-25,17.46108507,trend_down,0.6359685894540297
2020-11-26,17.49865599,trend_down,0.533227573154796
2020-11-27,17.846187,range,0.9091523182718814
2020-11-30,18.0340416,range,0.7953641163337866
2020-12-01,18.71971089,range,0.7071601563822434
2020-12-02,18.49428537,range,0.6101895967861346
2020-12-03,18.46610718,range,0.7472219107038316
2020-12-04,18.25007439,trend_up,0.5142803300338894
2020-12-07,17.77104516,range,0.4962490207082196
2020-12-08,17.68651059,range,0.5077243257208134
2020-12-09,17.3765505,range,0.7839144015868764
2020-12-10,17.20748136,trend_down,0.5379557425675399
2020-12-11,17.04780495,trend_down,0.5707208304865908
2020-12-14,17.01962676,trend_down,0.5989084773786837
2020-12-15,17.03841222,trend_down,0.5989084773786837
2020-12-16,16.95387765,trend_down,0.5934129159037295
2020-12-17,17.26383774,trend_down,0.7705908727675158
2020-12-18,17.39533596,trend_down,0.7250508250909043
2020-12-21,17.36715777,trend_down,0.6391421289072492
2020-12-22,16.45606296,trend_down,0.8615524549540118
2020-12-23,16.40909931,trend_down,0.8469953437336597
2020-12-24,16.01460465,trend_down,0.5018401695351038
2020-12-25,16.03339011,trend_down,0.5030600642205121
2020-12-28,15.98642646,trend_down,0.8683222378913141
2020-12-29,16.39031385,trend_down,0.8656902338736445
2020-12-30,16.54999026,trend_down,0.8249969428441957
2020-12-31,17.39533596,trend_up,0.4065430908162247
2021-01-04,17.17930317,trend_up,0.6032138335566802
2021-01-05,17.76165243,trend_up,0.44634502277909194
2021-01-06,17.15112498,reversal,0.45101763990060156
2021-01-07,17.52683418,trend_up,0.8489039039438464
2021-01-08,17.20748136,trend_up,0.7757646083214381
2021-01-11,16.54999026,trend_down,0.5963623155074708
2021-01-12,17.31080139,range,0.45611619011967564
2021-01-13,17.54561964,range,0.4472861741001278
2021-01-14,16.73784486,range,0.5521940070910744
2021-01-15,16.79420124,trend_down,0.7010959321612099
2021-01-18,16.70966667,trend_down,0.7010959321612099
2021-01-19,16.64391756,range,0.6101895967861346
2021-01-20,16.39970658,trend_down,0.5956707526178575
2021-01-21,16.80359397,trend_down,0.7624714097997891
2021-01-22,16.39031385,trend_down,0.7624714097997891
2021-01-25,16.20245925,trend_down,0.7622483889464412
2021-01-26,15.54496815,trend_down,0.7033767354375677
2021-01-27,15.64828818,trend_down,0.7029048452034654
2021-01-28,15.72343002,trend_down,0.7601864420109627
2021-01-29,15.45104085,trend_down,0.7624714097997891
2021-02-01,15.19743714,trend_down,0.8530924543896311
2021-02-02,15.34772082,trend_down,0.45123736172753176
2021-02-03,15.25379352,trend_down,0.7124680888866436
2021-02-04,14.63387334,trend_down,0.8226829336580879
2021-02-05,14.07030954,trend_down,0.5407135016471885
2021-02-08,14.72780064,trend_down,0.5407135016471885
2021-02-09,14.95322616,trend_down,0.968840342841616
2021-02-10,14.86869159,trend_down,0.8927407182097999
2021-02-18,15.05654619,trend_down,0.8927407182097999
2021-02-19,15.41346993,trend_down,0.7904472738941067
2021-02-22,14.94383343,trend_down,0.9671310851438669
2021-02-23,14.88747705,trend_down,0.8753697464663618
2021-02-24,14.8405134,trend_down,0.9496354774399214
2021-02-25,14.88747705,trend_down,0.8414240059105436
2021-02-26,14.4648042,trend_down,0.9647550446694093
2021-03-01,14.43662601,trend_down,0.8927407182097999
2021-03-02,14.23937868,trend_down,0.968840342841616
2021-03-03,14.71840791,trend_down,0.8983132835346506
2021-03-04,14.57751696,trend_down,0.8952284811874971
2021-03-05,16.03339011,trend_up,0.5004316782230592
2021-03-08,16.36213566,breakout_up,0.5070565431999238
2021-03-09,17.10416133,trend_up,0.6811180577233678
2021-03-10,15.83614278,trend_up,0.7454886979526159
2021-03-11,16.10853195,trend_up,0.8581487862286942
2021-03-12,16.50302661,trend_up,0.7949667203703941
2021-03-15,15.95824827,trend_up,0.9558414499823895
2021-03-16,15.64828818,trend_up,0.9526892231117793
2021-03-17,16.08974649,trend_up,0.9558414499823895
2021-03-18,16.09913922,trend_up,0.9505140032602493
2021-03-19,16.10853195,trend_up,0.9505140032602493
2021-03-22,16.39031385,trend_up,0.9505140032602493
2021-03-23,16.78480851,trend_up,0.9053335040930582
2021-03-24,16.87873581,trend_up,0.817465926039481
2021-03-25,16.70966667,trend_up,0.907635003707718
2021-03-26,16.23063744,trend_up,0.907635003707718
2021-03-29,16.30577928,trend_up,0.7611910281167402
2021-03-30,16.3433502,trend_up,0.8029122368642263
2021-03-31,15.26318625,trend_down,0.7174783664142402
2021-04-01,15.01897527,trend_down,0.8064994880514536
2021-04-02,15.17865168,trend_down,0.7958286637388137
2021-04-06,15.15986622,trend_down,0.7958286637388137
2021-04-07,15.17865168,trend_down,0.8199282075881936
2021-04-08,15.35711355,trend_down,0.8153836840655707
2021-04-09,15.07533165,trend_down,0.8153836840655707
2021-04-12,14.47419693,trend_down,0.9742323281814625
2021-04-13,15.04715346,trend_down,0.9712730414337395
2021-04-14,15.00018981,trend_down,0.9212211388208612
2021-04-15,14.75597883,trend_down,0.7174331767668176
2021-04-16,14.79354975,trend_down,0.7226967175805254
2021-04-19,15.19743714,trend_down,0.863612138995893
2021-04-20,15.00018981,trend_down,0.7174331767668176
2021-04-21,14.94383343,trend_down,0.7174331767668176
2021-04-22,14.99079708,trend_down,0.7124680888866436
2021-04-23,14.88747705,trend_down,0.7029277703122272
2021-04-26,14.4648042,trend_down,0.8927407182097999
2021-04-27,14.45541147,trend_down,0.5451346906740062
2021-04-28,14.26755687,trend_down,0.5413030921747911
2021-04-29,14.56812423,trend_down,0.5390184594042284
2021-04-30,14.07970227,trend_down,0.5421694971127176
2021-05-06,13.65702942,trend_down,0.6007878670086804
2021-05-07,13.57249485,trend_down,0.5038317464291798
2021-05-10,13.37524752,trend_down,0.5941630668818751
2021-05-11,13.75095672,trend_down,0.9689210597843152
2021-05-12,13.75095672,trend_down,0.8965282913525047
2021-05-13,13.68520761,trend_down,0.8965282913525047
2021-05-14,15.05654619,trend_up,0.5529036999713479
2021-05-17,15.3101499,trend_up,0.7249164009497114
2021-05-18,15.00018981,trend_up,0.5529036999713479
2021-05-19,14.95322616,trend_up,0.8156601237330515
2021-05-20,15.028368,trend_up,0.8204744981771703
2021-05-21,14.59630242,trend_up,0.6073029387372603
2021-05-24,15.15047349,trend_up,0.5529036999713479
2021-05-25,16.02399738,trend_up,0.7791129098472483
2021-05-26,15.76100094,trend_up,0.8128570770732816
2021-05-27,15.62010999,trend_up,0.8840769116367145
2021-05-28,15.83614278,trend_up,0.9558414499823895
2021-05-31,15.7797864,trend_up,0.9098701378212136
2021-06-01,15.62010999,trend_up,0.881474001786309
2021-06-02,15.29136444,trend_up,0.9513612180331552
2021-06-03,15.08472438,trend_up,0.9366146637350224
2021-06-04,15.35711355,trend_up,0.9423709533776204
2021-06-07,16.37152839,trend_up,0.8208797264642136
2021-06-08,18.00586341,trend_up,0.6008592647342702
2021-06-09,16.76602305,trend_up,0.4450736263702546
2021-06-10,16.57816845,trend_up,0.9569306208080132
2021-06-11,16.18367379,trend_up,0.9735686106763175
2021-06-15,15.79857186,trend_up,0.9236042312450827
2021-06-16,15.64828818,trend_down,0.6676344334317177
2021-06-17,15.74221548,trend_down,0.6032138335566802
2021-06-18,16.13671014,trend_up,0.9423709533776204
2021-06-21,15.98642646,trend_up,0.6676344334317177
2021-06-22,16.03339011,trend_up,0.8812855876076623
2021-06-23,15.86432097,range,0.47633243362523947
2021-06-24,15.94885554,trend_up,0.9247839297203075
2021-06-25,16.60634664,trend_up,0.9272834127062634
2021-06-28,16.3433502,trend_up,0.7984524515105774
2021-06-29,16.54999026,trend_up,0.9029645626213624
2021-06-30,16.80359397,trend_up,0.9052286302355669
2021-07-01,15.62950272,trend_down,0.6554353925269597
2021-07-02,14.85929886,trend_down,0.8123414493055849
2021-07-05,15.028368,trend_down,0.7895973646075457
2021-07-06,15.30075717,trend_down,0.648246343667833
2021-07-07,15.28197171,trend_down,0.7865737659217185
2021-07-08,15.00018981,trend_down,0.74429590927734
2021-07-09,15.06661052,trend_down,0.74429590927734
2021-07-12,15.41765875,trend_down,0.8992337021191241
2021-07-13,15.29431748,trend_down,0.74429590927734
2021-07-14,15.02865936,trend_down,0.5902189626508053
2021-07-15,15.31329306,trend_down,0.5838886751055224
2021-07-16,15.29431748,trend_down,0.5838886751055224
2021-07-19,15.12353726,trend_down,0.5838886751055224
2021-07-20,15.15200063,trend_down,0.7075252337545701
2021-07-21,15.22790295,trend_down,0.7075252337545701
2021-07-22,15.4650977,range,0.5455324485346053
2021-07-23,15.79717035,range,0.6341739504397705
2021-07-26,15.2753419,range,0.7240131848057194
2021-07-27,14.71556229,trend_down,0.656879411559542
2021-07-28,14.6111966,trend_down,0.6523631778271746
2021-07-29,14.77248903,trend_down,0.5134532407025371
2021-07-30,14.34553848,trend_down,0.6123987079148776
2021-08-02,14.90531809,trend_down,0.6174025622868996
2021-08-03,14.86736693,trend_down,0.5369144893070597
2021-08-04,14.73453787,trend_down,0.5369144893070597
2021-08-05,14.43092859,trend_down,0.5386523344814591
2021-08-06,14.53529428,trend_down,0.5004417259040699
2021-08-09,14.7060745,trend_down,0.5386523344814591
2021-08-10,14.94326925,range,0.7851479446904522
2021-08-11,14.75351345,range,0.7851479446904522
2021-08-12,14.63017218,range,0.8068890267785982
2021-08-13,14.49734312,range,0.5582723723353322
2021-08-16,14.57324544,range,0.810076439693821
2021-08-17,14.44990417,trend_down,0.5386523344814591
2021-08-18,15.2753419,range,0.7071601563822434
2021-08-19,14.95275704,range,0.6871992918809858
2021-08-20,14.81044019,range,0.7687647182774826
2021-08-23,14.82941577,range,0.8064962037434751
2021-08-24,14.95275704,range,0.7687647182774826
2021-08-25,15.3702198,range,0.6869277646561092
2021-08-26,15.53151223,range,0.45611619011967564
2021-08-27,15.24687853,range,0.5521940070910744
2021-08-30,14.8958303,range,0.7482809570184261
2021-08-31,15.0855861,range,0.5592954350852848
2021-09-01,15.8446093,trend_up,0.4922907193754392
2021-09-02,16.36643775,trend_up,0.7791129098472483
2021-09-03,15.92051162,trend_up,0.8273627485107009
2021-09-06,16.05334068,trend_up,0.9569306208080132
2021-09-07,16.21463311,trend_up,0.9742323281814625
2021-09-08,16.20514532,trend_up,0.9742323281814625
2021-09-09,16.10077963,trend_up,0.904808988462874
2021-09-10,16.28104764,trend_up,0.9720901900884227
2021-09-13,16.17668195,trend_up,0.9720901900884227
2021-09-14,15.59792676,trend_up,0.9055490583478151
2021-09-15,15.57895118,trend_down,0.8320224970205874
2021-09-16,15.38919538,trend_down,0.6734659194306095
2021-09-17,15.53151223,trend_down,0.6734659194306095
2021-09-22,15.25636632,trend_down,0.8048611807194302
2021-09-23,15.34175643,trend_down,0.7700830570888895
2021-09-24,15.01917157,trend_down,0.8867905093980063
2021-09-27,14.88634251,trend_down,0.8867905093980063
2021-09-28,14.98122041,trend_down,0.8840769116367145
2021-09-29,14.7060745,trend_down,0.9056769350841651
2021-09-30,14.73453787,trend_down,0.9296731685151185
2021-10-08,14.94326925,trend_down,0.9281660121740467
2021-10-11,15.01917157,trend_down,0.9735686106763175
2021-10-12,14.75351345,trend_down,0.7274146089053374
2021-10-13,14.96224483,trend_down,0.7224166514371863
2021-10-14,14.87685472,trend_down,0.7174331767668176
2021-10-15,14.82941577,trend_down,0.7124680888866436
2021-10-18,14.93378146,trend_down,0.7124680888866436
2021-10-19,15.00019599,range,0.5277859471530039
2021-10-20,14.94326925,trend_down,0.5369144893070597
2021-10-21,14.92429367,trend_down,0.6601022639809804
2021-10-22,15.21841516,range,0.6341739504397705
2021-10-25,15.34175643,range,0.7240131848057194
2021-10-26,15.02865936,range,0.7863367821971079
2021-10-27,14.8009524,range,0.5011696763574541
2021-10-28,14.63017218,trend_down,0.5568007806622373
2021-10-29,14.44990417,trend_down,0.5566663543175133
2021-11-01,14.48785533,trend_down,0.5371582702527435
2021-11-02,14.231685,trend_down,0.4203353015702891
2021-11-03,14.10834373,trend_down,0.5280981241712945
2021-11-04,13.88063677,trend_down,0.581318332320897
2021-11-05,13.79524666,trend_down,0.6128980751887717
2021-11-08,14.00397804,trend_down,0.6445142267203092
2021-11-09,14.07039257,trend_down,0.886942038506704
2021-11-10,14.08936815,trend_down,0.886942038506704
2021-11-11,14.3265629,trend_down,0.9557253993927181
2021-11-12,14.25066058,trend_down,0.8920597894315797
2021-11-15,14.21270942,trend_down,0.8920597894315797
2021-11-16,14.10834373,trend_down,0.9162450753751263
2021-11-17,14.1368071,trend_down,0.8920597894315797
2021-11-18,13.84268561,trend_down,0.855628419547505
2021-11-19,14.12731931,trend_down,0.855628419547505
2021-11-22,14.11783152,trend_down,0.8106573326538037
2021-11-23,14.12731931,trend_down,0.5503363746233976
2021-11-24,14.08936815,range,0.542450123075177
2021-11-25,14.12731931,range,0.8096292105549289
2021-11-26,14.08936815,range,0.542450123075177
2021-11-29,13.83319782,trend_down,0.5061481207229096
2021-11-30,13.70985655,trend_down,0.5248335061682663
2021-12-01,13.92807572,range,0.5180600844809882
2021-12-02,13.98500246,range,0.5242059324304521
2021-12-03,14.09885594,range,0.7980726928403753
2021-12-06,14.11783152,range,0.7776334584321438
2021-12-07,14.12731931,range,0.8851589731971736
2021-12-08,14.25066058,range,0.7669299850682175
2021-12-09,14.55426986,range,0.6781525487700557
2021-12-10,14.46887975,range,0.49367613118705433
2021-12-13,14.37400185,trend_up,0.6399300705843289
2021-12-14,14.231685,trend_up,0.6035789887180524
2021-12-15,14.30758732,trend_up,0.7120327792700281
2021-12-16,14.38348964,trend_up,0.560830937255697
2021-12-17,14.44990417,trend_up,0.855830120827264
2021-12-20,14.21270942,trend_up,0.9040789645113964
2021-12-21,14.38348964,trend_up,0.9386742439641551
2021-12-22,14.21270942,trend_up,0.9040789645113964
2021-12-23,14.11783152,trend_up,0.9040789645113964
2021-12-24,14.0419292,trend_down,0.9138541196263189
2021-12-27,14.07039257,trend_down,0.7220766711161646
2021-12-28,14.15578268,trend_down,0.7174726011309654
2021-12-29,14.06090478,trend_down,0.7224166514371863
2021-12-30,14.1368071,trend_down,0.8965282913525047
2021-12-31,14.16527047,trend_down,0.5243953945721042
2022-01-04,14.20322163,range,0.7472219107038316
2022-01-05,14.16527047,trend_down,0.6956124261749731
2022-01-06,13.9470513,trend_down,0.6412619597296555
2022-01-07,13.96602688,trend_down,0.5355572095786205
2022-01-10,13.95653909,trend_down,0.5379557425675399
2022-01-11,13.95653909,trend_down,0.6563220120971588
2022-01-12,14.00397804,trend_down,0.6646317013055155
2022-01-13,13.91858793,trend_down,0.8902144987503774
2022-01-14,13.72883213,trend_down,0.6697004484743548
2022-01-17,13.74780771,trend_down,0.6648892846819021
2022-01-18,13.77627108,trend_down,0.8403711591520251
2022-01-19,13.71934434,trend_down,0.5305880070349404
2022-01-20,13.90910014,trend_down,0.5422663398051418
2022-01-21,13.79524666,trend_down,0.6261284597162167
2022-01-24,13.7572955,trend_down,0.8579993070247722
2022-01-25,13.30188158,trend_down,0.7335006150128552
2022-01-26,13.43471064,trend_down,0.8147196358082818
2022-01-27,13.07417462,trend_down,0.4993124652180923
2022-01-28,13.02673567,trend_down,0.5337092170960941
2022-02-07,13.15956473,trend_down,0.8955641684077396
2022-02-08,13.39675948,trend_down,0.9680422957267861
2022-02-09,13.51061296,trend_down,0.9581306173140381
2022-02-10,13.52958854,trend_down,0.863612138995893
2022-02-11,13.42522285,trend_down,0.9581306173140381
2022-02-14,13.16905252,trend_down,0.9671310851438669
2022-02-15,13.20700368,trend_down,0.6614523778828112
2022-02-16,13.23546705,trend_down,0.7029277703122272
2022-02-17,13.1880281,trend_down,0.7171215582709535
2022-02-18,13.25444263,trend_down,0.7124680888866436
2022-02-21,13.36829611,range,0.7654490135854276
2022-02-22,13.1880281,trend_down,0.7023470941254666
2022-02-23,13.27341821,trend_down,0.5114733383376779
2022-02-24,12.72312639,breakout_down,0.3976755043883197
2022-02-25,12.75158976,trend_down,0.8980202892131044
2022-02-28,12.63773628,trend_down,0.9488986485199994
2022-03-01,12.79902871,trend_down,0.9499801362641012
2022-03-02,12.78954092,trend_down,0.8895342149017359
2022-03-03,12.75158976,trend_down,0.8895342149017359
2022-03-04,12.60927291,trend_down,0.8895342149017359
2022-03-07,12.32463921,trend_down,0.634168667883698
2022-03-08,12.06846888,trend_down,0.5384873087544113
2022-03-09,11.71742065,breakout_down,0.47683102472388567
2022-03-10,11.54664043,trend_down,0.9074700472430703
2022-03-11,12.01154214,trend_down,0.9074700472430703
2022-03-14,12.04000551,trend_down,0.9074700472430703
2022-03-15,11.68895728,trend_down,0.9074700472430703
2022-03-16,12.28668805,trend_down,0.9052539220857752
2022-03-17,12.15385899,trend_down,0.8783163097116031
2022-03-18,12.13488341,trend_down,0.9735686106763175
2022-03-21,11.98307877,trend_down,0.9742323281814625
2022-03-22,11.98307877,trend_down,0.8902144987503774
2022-03-23,11.91666424,trend_down,0.8924256327184921
2022-03-24,11.73639623,trend_down,0.9206961464705191
2022-03-25,11.63203054,trend_down,0.9742323281814625
2022-03-28,11.66049391,trend_down,0.9742323281814625
2022-03-29,11.54664043,trend_down,0.8101823525557476
2022-03-30,11.87871308,trend_down,0.9200970289289416
2022-03-31,11.82178634,trend_down,0.8061339348240945
2022-04-01,12.1443712,trend_down,0.6491959135829651
2022-04-06,12.07795667,range,0.5731823569743637
2022-04-07,11.77434739,trend_down,0.8724350267186767
2022-04-08,11.92615203,trend_down,0.6491959135829651
2022-04-11,11.73639623,trend_down,0.8724350267186767
2022-04-12,12.30566363,trend_up,0.4684114432038357
2022-04-13,12.04000551,trend_down,0.7071502087268331
2022-04-14,12.2392491,trend_up,0.9015062663814333
2022-04-15,12.13488341,trend_up,0.9015062663814333
2022-04-18,11.78383518,trend_down,0.8021008690794457
2022-04-19,11.72690844,trend_down,0.7378201178256707
2022-04-20,11.24303115,trend_down,0.9052286302355669
2022-04-21,11.17661662,trend_down,0.8960487858425786
2022-04-22,11.26200673,trend_down,0.772069769738
2022-04-25,10.9109585,trend_down,0.9071920553044953
2022-04-26,10.18039867,trend_down,0.5278023342409506
2022-04-27,10.45554458,trend_down,0.968840342841616
2022-04-28,10.19937425,trend_down,0.8958711337427966
2022-04-29,10.79710502,trend_down,0.9331059479786932
2022-05-05,10.68325154,trend_down,0.8958711337427966
2022-05-06,10.45554458,trend_down,0.8958711337427966
2022-05-09,10.49349574,trend_down,0.8958711337427966
2022-05-10,10.68325154,trend_down,0.968840342841616
2022-05-11,10.70222712,trend_down,0.9230955164120815
2022-05-12,10.68325154,trend_down,0.9212211388208612
2022-05-13,10.7212027,trend_down,0.8952284811874971
2022-05-16,10.70222712,trend_down,0.9187684356464907
2022-05-17,10.7212027,trend_down,0.8920597894315797
2022-05-18,10.75915386,trend_down,0.8920597894315797
2022-05-19,10.68325154,trend_down,0.9162450753751263
2022-05-20,10.82556839,trend_down,0.6910003035373161
2022-05-23,10.86351955,trend_down,0.6910003035373161
2022-05-24,10.46503237,trend_down,0.9332347807542475
2022-05-25,10.51247132,trend_down,0.8605170046064232
2022-05-26,10.79710502,trend_down,0.5399094434744496
2022-05-27,10.8160806,reversal,0.5993022966227373
2022-05-30,10.76864165,range,0.5455324485346053
2022-05-31,10.95839745,trend_up,0.8156601237330515
2022-06-01,10.89198292,range,0.6299592696573502
2022-06-02,10.96788524,trend_up,0.5963623155074708
2022-06-06,11.11020209,trend_up,0.4023418816377386
2022-06-07,11.17661662,trend_up,0.62544874883634
2022-06-08,12.29617584,breakout_up,0.4928844925736
2022-06-09,13.52958854,trend_up,0.44600020801188234
2022-06-10,14.88634251,breakout_up,0.4482922937390147
2022-06-13,15.62639013,breakout_up,0.4452658905757582
2022-06-14,17.19187548,trend_up,0.48210764873326295
2022-06-15,18.90916547,breakout_up,0.49294818700759757
2022-06-16,17.54292371,trend_up,0.47675406878691773
2022-06-17,16.17668195,trend_up,0.9074700472430703
2022-06-20,15.78768256,trend_up,0.9074700472430703
2022-06-21,15.92051162,trend_up,0.9074700472430703
2022-06-22,15.24687853,trend_up,0.9052539220857752
2022-06-23,15.80665814,trend_up,0.9074700472430703
2022-06-24,15.76870698,trend_up,0.9679556215260039
2022-06-27,15.40817096,trend_up,0.9653094962875512
2022-06-28,15.6548535,trend_up,0.9735686106763175
2022-06-29,14.94326925,trend_up,0.9569493631443057
2022-06-30,14.95275704,trend_up,0.855628419547505
2022-07-01,14.58273323,trend_up,0.6428670560630614
2022-07-04,14.72505008,trend_down,0.6428670560630614
2022-07-05,14.62068439,trend_down,0.6428670560630614
2022-07-06,14.82941577,trend_up,0.6428670560630614
2022-07-07,14.45939196,trend_up,0.6428670560630614
2022-07-08,14.26014837,trend_down,0.6428670560630614
2022-07-11,14.30758732,trend_down,0.6428670560630614
2022-07-12,14.71556229,trend_up,0.9423709533776204
2022-07-13,14.44990417,trend_up,0.6428670560630614
2022-07-14,14.36451406,trend_up,0.6428670560630614
2022-07-15,14.20322163,trend_down,0.6428670560630614
2022-07-18,14.44041638,trend_down,0.6428670560630614
2022-07-19,14.43092859,trend_down,0.8037830379511186
2022-07-20,14.37400185,trend_down,0.635503098512167
2022-07-21,13.92807572,trend_down,0.7389997268581178
2022-07-22,14.14629489,trend_down,0.8968908735351956
2022-07-25,14.01346583,trend_down,0.7389997268581178
2022-07-26,14.05141699,trend_down,0.7389997268581178
2022-07-27,14.06090478,trend_down,0.7389997268581178
2022-07-28,14.33605069,range,0.7638272540456548
2022-07-29,14.38348964,range,0.907698005859044
2022-08-01,14.02295362,range,0.7863367821971079
2022-08-02,13.25444263,trend_down,0.5111506662096559
2022-08-03,13.33034495,range,0.5067820346763223
2022-08-04,13.45368622,range,0.5067820346763223
2022-08-05,13.73336928,trend_down,0.79441816231226
2022-08-08,13.89732102,trend_down,0.8375576247161503
2022-08-09,13.80087882,trend_down,0.6359685894540297
2022-08-10,13.73336928,trend_down,0.6359685894540297
2022-08-11,15.10284852,trend_up,0.3855168832072628
2022-08-12,15.3343098,trend_up,0.6877552346640989
2022-08-15,14.91960834,trend_up,0.8414240059105436
2022-08-16,15.12213696,trend_up,0.9037099434649061
2022-08-17,15.95153988,trend_up,0.9076442673493815
2022-08-18,15.58505952,trend_up,0.9452333998711213
2022-08-19,15.6236364,trend_up,0.9468914776435289
2022-08-22,15.30537714,trend_up,0.927690188616068
2022-08-23,15.53683842,trend_up,0.9742323281814625
2022-08-24,15.2860887,trend_up,0.9346682169686144
2022-08-25,15.32466558,trend_up,0.9705246689210671
2022-08-26,15.05462742,trend_up,0.9697684139280737
2022-08-29,14.96782944,trend_up,0.8674730476995611
2022-08-30,15.16071384,trend_up,0.9689210597843152
2022-08-31,15.46932888,trend_up,0.952555408724359
2022-09-01,15.27644448,trend_up,0.907635003707718
2022-09-02,15.2860887,trend_up,0.9558414499823895
2022-09-05,15.54648264,trend_up,0.9236042312450827
2022-09-06,15.56577108,trend_up,0.8237515454134446
2022-09-07,15.1414254,range,0.7446388367843573
2022-09-08,14.88103146,range,0.7446388367843573
2022-09-09,15.08356008,range,0.7446388367843573
2022-09-13,15.02569476,range,0.7472219107038316
2022-09-14,14.46633,trend_down,0.9237558618896629
2022-09-15,14.36024358,trend_down,0.898902186604822
2022-09-16,13.71408084,trend_down,0.939525812953996
2022-09-19,13.6465713,trend_down,0.8891424903921948
2022-09-20,13.66585974,trend_down,0.8912103162014117
2022-09-21,13.71408084,trend_down,0.9418612547060601
2022-09-22,13.76230194,trend_down,0.9005271499839334
2022-09-23,13.501908,trend_down,0.9742323281814625
2022-09-26,13.23186984,trend_down,0.920329858888239
2022-09-27,13.33795626,trend_down,0.9115176920307307
2022-09-28,12.85574526,trend_down,0.9639613855702905
2022-09-29,12.84610104,trend_down,0.9742323281814625
2022-09-30,12.6821493,trend_down,0.5407135016471885
2022-10-10,12.54713022,trend_down,0.5245845125643309
2022-10-11,12.67250508,trend_down,0.5407135016471885
2022-10-12,12.95218746,trend_down,0.9742323281814625
2022-10-13,12.94254324,trend_down,0.9230955164120815
2022-10-14,13.13542764,trend_down,0.8934098402710774
2022-10-17,13.33795626,trend_down,0.9581306173140381
2022-10-18,13.34760048,trend_down,0.9581306173140381
2022-10-19,13.19329296,trend_down,0.6314553321033184
2022-10-20,13.20293718,trend_down,0.8609584640773721
2022-10-21,13.29937938,trend_down,0.7511483206275911
2022-10-24,13.32831204,trend_down,0.7511483206275911
2022-10-25,12.91361058,trend_down,0.9735686106763175
2022-10-26,13.02934122,trend_down,0.6956124261749731
2022-10-27,13.10649498,range,0.4987464144289901
2022-10-28,13.51155222,range,0.5787367374112021
2022-10-31,13.52119644,range,0.5804155968153503
2022-11-01,13.90696524,trend_up,0.44258257630733017
2022-11-02,13.8876768,trend_up,0.5894533561033574
2022-11-03,13.76230194,trend_up,0.6412619597296555
2022-11-04,14.16735918,trend_up,0.8200793002316316
2022-11-07,14.09020542,trend_up,0.878459223905384
2022-11-08,13.95518634,trend_up,0.878459223905384
2022-11-09,13.82981148,trend_up,0.878459223905384
2022-11-10,13.94554212,trend_up,0.9505140032602493
2022-11-11,14.55312798,trend_up,0.8457454005268064
2022-11-14,14.87138724,trend_up,0.7355380468364385
2022-11-15,16.35659712,trend_up,0.6008592647342702
2022-11-16,15.64292484,trend_up,0.8612978915360555
2022-11-17,15.8165208,trend_up,0.9742323281814625
2022-11-18,15.1896465,trend_up,0.9742323281814625
2022-11-21,14.93889678,trend_up,0.9212211388208612
2022-11-22,15.00640632,trend_up,0.9742323281814625
2022-11-23,14.81352192,trend_up,0.9680422957267861
2022-11-24,14.91960834,trend_up,0.9680422957267861
2022-11-25,15.15106962,trend_up,0.9742323281814625
2022-11-28,14.82316614,trend_up,0.9557253993927181
2022-11-29,15.7682997,trend_up,0.9322810957908073
2022-11-30,15.59470374,trend_up,0.9508698508057122
2022-12-01,15.5271942,trend_up,0.9075479579203247
2022-12-02,15.32466558,trend_up,0.9053335040930582
2022-12-05,15.85509768,trend_up,0.7671682660063865
2022-12-06,15.66221328,trend_up,0.7671682660063865
2022-12-07,15.44039622,trend_up,0.7624714097997891
2022-12-08,15.30537714,trend_up,0.7639905614354506
2022-12-09,15.48861732,trend_up,0.7624714097997891
2022-12-12,14.96782944,range,0.7497206378675046
2022-12-13,14.948541,range,0.5851334218962132
2022-12-14,15.06427164,range,0.7497206378675046
2022-12-15,14.87138724,range,0.5851334218962132
2022-12-16,14.9967621,trend_down,0.6956124261749731
2022-12-19,14.58206064,trend_down,0.7010959321612099
2022-12-20,14.62063752,trend_down,0.5175517101619567
2022-12-21,14.53383954,trend_down,0.7650296528715809
2022-12-22,14.35059936,trend_down,0.9079162633781166
2022-12-23,14.50490688,trend_down,0.939525812953996
2022-12-26,14.53383954,trend_down,0.6627757634874151
2022-12-27,14.73636816,trend_down,0.6573542631442072
2022-12-28,14.4181089,trend_down,0.6573542631442072
2022-12-29,14.30237826,trend_down,0.6519587470986764
2022-12-30,14.34095514,trend_down,0.6519587470986764
2023-01-03,14.28308982,trend_down,0.8122336789323371
2023-01-04,14.33131092,trend_down,0.812621349618431
2023-01-05,14.7074355,range,0.7225655385549707
2023-01-06,14.59170486,range,0.7926115006951292
2023-01-09,14.90996412,range,0.5698617013012721
2023-01-10,14.71707972,range,0.6672066495870824
2023-01-11,14.5145511,range,0.8932580625140008
2023-01-12,14.81352192,range,0.7813070530221973
2023-01-13,15.13178118,trend_up,0.5257156392221295
2023-01-16,15.64292484,trend_up,0.41344042940474124
2023-01-17,15.74901126,trend_up,0.7065708320159619
2023-01-18,15.56577108,trend_up,0.8029122368642263
2023-01-19,15.89367456,trend_up,0.9742323281814625
2023-01-20,15.70079016,trend_up,0.9742323281814625
2023-01-30,15.51754998,trend_up,0.968840342841616
2023-01-31,15.3343098,trend_up,0.9680422957267861
2023-02-01,15.79723236,trend_up,0.968840342841616
2023-02-02,15.45968466,trend_up,0.9331059479786932
2023-02-03,15.34395402,trend_up,0.8934098402710774
2023-02-06,15.07391586,trend_down,0.7707603053954855
2023-02-07,15.13178118,trend_down,0.7656634859672273
2023-02-08,14.84245458,trend_down,0.8976590831882497
2023-02-09,15.07391586,trend_down,0.8156601237330515
2023-02-10,14.95818522,trend_down,0.7495505910828448
2023-02-13,15.02569476,trend_down,0.7495505910828448
2023-02-14,15.11249274,range,0.5851334218962132
2023-02-15,14.88103146,trend_down,0.5110918184132843
2023-02-16,14.67850284,trend_down,0.7010959321612099
2023-02-17,14.48561844,trend_down,0.7909291874427435
2023-02-20,15.10284852,range,0.43720636478307423
2023-02-21,15.15106962,range,0.8862011044689261
2023-02-22,15.05462742,range,0.8862011044689261
2023-02-23,15.5271942,trend_up,0.502899175243565
2023-02-24,15.24751182,trend_up,0.5534757380526303
2023-02-27,14.93889678,range,0.9091523182718814
2023-02-28,15.08356008,range,0.810331639320977
2023-03-01,15.3825309,range,0.5216441438981175
2023-03-02,15.31502136,range,0.5586815927789716
2023-03-03,15.45004044,trend_up,0.6359685894540297
2023-03-06,15.18000228,range,0.6356567985997432
2023-03-07,14.7556566,range,0.6356567985997432
2023-03-08,14.9003199,range,0.6148610574654111
2023-03-09,14.83281036,range,0.6148610574654111
2023-03-10,14.66885862,range,0.5882663822619455
2023-03-13,14.7556566,range,0.503616096073202
2023-03-14,14.47597422,range,0.4987464144289901
2023-03-15,14.55312798,trend_down,0.5055433521750154
2023-03-16,14.26380138,trend_down,0.757483659280673
2023-03-17,14.58206064,trend_down,0.757483659280673
2023-03-20,14.42775312,trend_down,0.7075252337545701
2023-03-21,14.57241642,trend_down,0.5838886751055224
2023-03-22,14.54348376,trend_down,0.5838886751055224
2023-03-23,14.69779128,trend_down,0.6463336002171052
2023-03-24,14.63992596,trend_down,0.5145769405993377
2023-03-27,14.73636816,range,0.655257203448431
2023-03-28,14.72672394,range,0.7722451375612671
2023-03-29,14.63028174,range,0.5216441438981175
2023-03-30,14.74601238,range,0.8960555700076558
2023-03-31,14.69779128,range,0.9091523182718814
2023-04-03,15.13178118,range,0.7086203760612672
2023-04-04,15.18000228,range,0.6635394563209284
2023-04-06,15.02569476,range,0.7851479446904522
2023-04-07,15.12213696,range,0.6767270180912871
2023-04-10,14.92925256,trend_up,0.600067711810556
2023-04-11,15.0932043,trend_up,0.6785402064872875
2023-04-12,15.29573292,trend_up,0.8650613205524496
2023-04-13,15.03533898,trend_up,0.881474001786309
2023-04-14,15.06427164,trend_up,0.8479596777046071
2023-04-17,15.41146356,trend_up,0.8567412789192522
2023-04-18,15.3825309,trend_up,0.8705307176179278
2023-04-19,15.22822338,trend_up,0.8870571817206062
2023-04-20,15.1896465,trend_up,0.9019048519618212
2023-04-21,14.3698878,trend_down,0.5529036999713479
2023-04-24,14.13842652,trend_down,0.8983253256209924
2023-04-25,14.38917624,trend_down,0.9496190104618144
2023-04-26,14.34095514,trend_down,0.889427501917539
2023-04-27,14.4181089,trend_down,0.7870738253464633
2023-04-28,14.62063752,trend_down,0.9487947462958063
2023-05-04,14.7556566,trend_down,0.8960456922894192
2023-05-05,15.29573292,trend_up,0.4925772999618815
2023-05-08,15.9611841,trend_up,0.8069104725792062
2023-05-09,16.75201014,trend_up,0.43995731997587245
2023-05-10,15.90331878,trend_up,0.7783712092256639
2023-05-11,16.09620318,trend_up,0.9440787294748172
2023-05-12,15.6236364,trend_up,0.9425456408986324
2023-05-15,16.89667344,trend_up,0.8850997871342869
2023-05-16,16.53019308,trend_up,0.9440787294748172
2023-05-17,16.42410666,trend_up,0.9156624169696528
2023-05-18,16.2987318,trend_up,0.9161732212809607
2023-05-19,15.93225144,trend_up,0.7822106959010607
2023-05-22,15.85509768,trend_up,0.7822106959010607
2023-05-23,15.5754153,trend_down,0.47542594699569074
2023-05-24,15.19929072,trend_down,0.6734659194306095
2023-05-25,15.4789731,trend_down,0.47542594699569074
2023-05-26,15.3343098,trend_down,0.46836719269395266
2023-05-29,15.02569476,trend_down,0.7599209231430892
2023-05-30,15.32466558,trend_down,0.7599209231430892
2023-05-31,15.27644448,trend_down,0.7599209231430892
2023-06-01,15.25715604,trend_down,0.7599209231430892
2023-06-02,15.32466558,trend_down,0.8784154790480619
2023-06-05,15.46932888,trend_down,0.8164731192348211
2023-06-06,14.97747366,trend_down,0.9423709533776204
2023-06-07,14.96782944,trend_down,0.8452061671728198
2023-06-08,15.49826154,range,0.6210429185113224
2023-06-09,15.45968466,range,0.8335407204208519
2023-06-12,15.29573292,range,0.6813037943603433
2023-06-13,15.51754998,range,0.836379350546799
2023-06-14,15.85509768,trend_up,0.7606878498523674
2023-06-15,16.0094052,trend_up,0.7096770612318958
2023-06-16,15.95153988,trend_up,0.5954143118264487
2023-06-19,15.8647419,trend_up,0.6653130626592566
2023-06-20,15.82616502,trend_up,0.8656902338736445
2023-06-21,15.50790576,range,0.7870762248465117
2023-06-26,15.15106962,range,0.6052085078829801
2023-06-27,15.24751182,range,0.6052085078829801
2023-06-28,15.18000228,range,0.5751730443407856
2023-06-29,15.10284852,trend_down,0.5724497672398727
2023-06-30,15.32466558,trend_down,0.7120327792700281
2023-07-03,15.6718575,range,0.7372292887434525
2023-07-04,15.77794392,trend_up,0.7700400436625
2023-07-05,15.61399218,trend_up,0.5429638378223092
2023-07-06,15.59470374,trend_up,0.49102642257521434
2023-07-07,15.8165208,trend_up,0.5422999572385219
2023-07-10,15.75865548,trend_up,0.7224166514371863
2023-07-11,15.77794392,trend_up,0.5934129159037295
2023-07-12,15.51754998,range,0.8851589731971736
2023-07-13,15.93225144,trend_up,0.6519587470986764
2023-07-14,15.87438612,range,0.49367613118705433
2023-07-17,15.77794392,range,0.5578470874888187
2023-07-18,15.82616502,range,0.5582723723353322
2023-07-19,16.06727052,trend_up,0.6244726471038445
2023-07-20,15.79723236,trend_up,0.5501585426610773
2023-07-21,15.87438612,trend_up,0.8500151940332742
2023-07-24,15.77794392,trend_up,0.5503363746233976
2023-07-25,17.00275986,trend_up,0.4975047184137909
2023-07-26,17.04133674,trend_up,0.8612978915360555
2023-07-27,16.7327217,trend_up,0.9569306208080132
2023-07-28,18.09255672,breakout_up,0.4452658905757582
2023-07-31,17.68749948,trend_up,0.5195010918436814
2023-08-01,17.4078171,trend_up,0.9074700472430703
2023-08-02,17.4078171,trend_up,0.9679556215260039
2023-08-03,17.90931654,trend_up,0.9679556215260039
2023-08-04,17.71643214,trend_up,0.9074700472430703
2023-08-07,17.58141306,trend_up,0.9742323281814625
2023-08-08,18.49761396,trend_up,0.5195010918436814
2023-08-09,18.0829125,trend_up,0.9679556215260039
2023-08-10,18.806229,trend_up,0.9074700472430703
2023-08-11,17.58141306,trend_up,0.9671356839524399
2023-08-14,17.18600004,trend_down,0.8156601237330515
2023-08-15,17.56212462,trend_down,0.8055128184938566
2023-08-16,17.51390352,trend_up,0.8055128184938566
2023-08-17,17.41746132,trend_up,0.8027671989238353
2023-08-18,17.04133674,trend_down,0.8156601237330515
2023-08-21,16.53019308,trend_down,0.9096603708933312
2023-08-22,16.74500275,trend_down,0.8282807928201137
2023-08-23,16.95980745,trend_down,0.8156601237330515
2023-08-24,16.9305159,trend_down,0.7650296528715809
2023-08-25,16.9109882,trend_down,0.7650296528715809
2023-08-28,17.21366755,trend_up,0.4837419474561697
2023-08-29,17.48705535,trend_up,0.8812855876076623
2023-08-30,17.2624868,trend_up,0.7065708320159619
2023-08-31,16.7547666,trend_down,0.5908897730935444
2023-09-01,16.5204342,trend_down,0.5845824471871092
2023-09-04,16.8914605,range,0.49209851201904514
2023-09-05,16.6571281,trend_down,0.648246343667833
2023-09-06,16.6766558,trend_down,0.7865737659217185
2023-09-07,16.74500275,trend_down,0.74429590927734
2023-09-08,16.84264125,trend_down,0.74429590927734
2023-09-11,16.99886285,range,0.700716910698857
2023-09-12,16.7742943,range,0.7521371808182002
2023-09-13,16.5009065,range,0.7521371808182002
2023-09-14,16.41303185,range,0.5851334218962132
2023-09-15,16.29586565,range,0.7497206378675046
2023-09-18,16.35444875,trend_down,0.691344880344849
2023-09-19,16.3837403,trend_down,0.8754655967026245
2023-09-20,16.3251572,trend_down,0.8754655967026245
2023-09-21,16.27633795,trend_down,0.8754655967026245
2023-09-22,16.6571281,trend_down,0.5894533561033574
2023-09-25,16.3837403,range,0.6299592696573502
2023-09-26,16.33492105,range,0.7851479446904522
2023-09-27,16.3446849,trend_down,0.5331812904942944
2023-09-28,16.2665741,trend_down,0.5331812904942944
2023-10-09,16.0322417,trend_down,0.6655469954415363
2023-10-10,16.06153325,trend_down,0.5386523344814593
2023-10-11,15.8564924,trend_down,0.6221920849792
2023-10-12,15.98342245,trend_down,0.5236131050653243
2023-10-13,15.76861775,trend_down,0.6697004484743548
2023-10-16,15.71003465,trend_down,0.9252994599362988
2023-10-17,15.90531165,trend_down,0.8540433404472647
2023-10-18,15.9346032,trend_down,0.8540433404472647
2023-10-19,15.76861775,trend_down,0.8540433404472647
2023-10-20,15.8564924,trend_down,0.8198187031722957
2023-10-23,15.59286845,trend_down,0.8272273819712703
2023-10-24,16.012714,trend_down,0.49798063652844
2023-10-25,15.92483935,range,0.6951774987088121
2023-10-26,15.9346032,range,0.6951774987088121
2023-10-27,16.06153325,range,0.6130512033176081
2023-10-30,16.13964405,trend_up,0.7159611718510721
2023-10-31,16.0712971,range,0.4963827801658542
2023-11-01,15.96389475,trend_down,0.5255368726491012
2023-11-02,15.82720085,trend_down,0.5255368726491012
2023-11-03,16.06153325,range,0.8559391462599245
2023-11-06,16.56925345,range,0.7042135863715098
2023-11-07,16.90122435,range,0.35308553482116556
2023-11-08,16.7157112,trend_up,0.5059697794206977
2023-11-09,16.64736425,trend_up,0.7599209231430892
2023-11-10,16.54972575,trend_up,0.7599209231430892
2023-11-13,16.49114265,trend_up,0.7599209231430892
2023-11-14,16.6961835,trend_up,0.8840769116367145
2023-11-15,16.6766558,trend_up,0.927690188616068
2023-11-16,16.51067035,trend_up,0.9259188089160423
2023-11-17,16.56925345,trend_up,0.7723910181007572
2023-11-20,16.4618511,trend_up,0.8983132835346506
2023-11-21,16.4618511,trend_up,0.8952284811874971
2023-11-22,16.2665741,trend_down,0.7123691467602389
2023-11-23,16.2861018,trend_down,0.648246343667833
2023-11-24,16.0908248,trend_down,0.648246343667833
2023-11-27,15.92483935,trend_down,0.9563981051889822
2023-11-28,15.9346032,trend_down,0.9049463233551722
2023-11-29,15.84672855,trend_down,0.8753697464663618
2023-11-30,15.86625625,trend_down,0.7171215582709535
2023-12-01,15.90531165,trend_down,0.7122429260535842
2023-12-04,15.84672855,trend_down,0.7124680888866436
2023-12-05,15.5635769,trend_down,0.8898630022896238
2023-12-06,15.4464107,trend_down,0.6655469954415362
2023-12-07,15.5635769,trend_down,0.9578115151458179
2023-12-08,15.26089755,trend_down,0.9675462898052438
2023-12-11,15.57334075,trend_down,0.9586821839929026
2023-12-12,15.57334075,trend_down,0.8927407182097999
2023-12-13,15.3487722,trend_down,0.9679511336517824
2023-12-14,15.3292445,trend_down,0.8927407182097999
2023-12-15,15.3097168,trend_down,0.9679511336517824
2023-12-18,15.1730229,trend_down,0.9742323281814625
2023-12-19,15.1144398,trend_down,0.9261119987479053
2023-12-20,14.7824689,trend_down,0.8225765820481383
2023-12-21,14.85081585,trend_down,0.539313794585776
2023-12-22,14.7824689,trend_down,0.9705246689210671
2023-12-25,14.7238858,trend_down,0.9019048519618212
2023-12-26,14.53837265,trend_down,0.8237904192896002
2023-12-27,14.85081585,trend_down,0.5398157423806391
2023-12-28,15.036329,trend_down,0.933811690513908
2023-12-29,15.0558567,trend_down,0.8749323741866393
2024-01-02,14.8605797,trend_down,0.9705853704545222
2024-01-03,14.92892665,trend_down,0.904808988462874
2024-01-04,14.841052,trend_down,0.9713217933116737
2024-01-05,14.69459425,trend_down,0.9697684139280737
2024-01-08,14.3138041,trend_down,0.9276509167099622
2024-01-09,14.2161656,trend_down,0.643893259029329
2024-01-10,14.10876325,trend_down,0.6516806989816127
2024-01-11,14.2356933,trend_down,0.9705246689210671
2024-01-12,14.059944,trend_down,0.9705246689210671
2024-01-15,14.10876325,trend_down,0.9276509167099622
2024-01-16,14.2942764,trend_down,0.9705246689210671
2024-01-17,14.0013609,trend_down,0.9696978493388541
2024-01-18,14.20640175,trend_down,0.6356700735736908
2024-01-19,14.1185271,trend_down,0.8965282913525047
2024-01-22,13.93301395,trend_down,0.9735686106763175
2024-01-23,14.1966379,trend_down,0.9653094962875512
2024-01-24,15.61239615,trend_up,0.743707073871586
2024-01-25,15.72956235,trend_up,0.6286266675237857
2024-01-26,15.76861775,trend_up,0.7454886979526159
2024-01-29,15.4464107,trend_up,0.7454886979526159
2024-01-30,15.3097168,trend_up,0.9365728327825781
2024-01-31,15.2706614,trend_up,0.9365728327825781
2024-02-01,14.98750975,trend_up,0.9558414499823895
2024-02-02,14.7629412,trend_down,0.5529036999713479
2024-02-05,15.2511337,trend_up,0.7454886979526159
2024-02-06,15.78814545,trend_up,0.7454886979526159
2024-02-07,15.51475765,trend_up,0.9177303842893451
2024-02-08,15.62216,trend_up,0.9526892231117793
2024-02-19,15.5245215,trend_up,0.9423709533776204
2024-02-20,16.012714,trend_up,0.9386742439641551
2024-02-21,15.8955478,trend_up,0.9713217933116737
2024-02-22,16.8524051,trend_up,0.5285379274773762
2024-02-23,16.6376004,trend_up,0.9141124814934338
2024-02-26,16.51067035,trend_up,0.904808988462874
2024-02-27,16.76453045,trend_up,0.9019048519618212
2024-02-28,16.12011635,trend_up,0.9281660121740467
2024-02-29,16.49114265,trend_up,0.7866264597680925
2024-03-01,16.62783655,trend_up,0.7866264597680925
2024-03-04,16.39350415,trend_up,0.7866264597680925
2024-03-05,16.23728255,trend_up,0.7773152170942038
2024-03-06,16.45208725,trend_up,0.9455628718023577
2024-03-07,16.3056295,trend_up,0.7800781715539654
2024-03-08,16.3056295,trend_up,0.7800781715539654
2024-03-11,16.64736425,trend_up,0.8244156377849533
2024-03-12,16.6376004,trend_up,0.8237515454134446
2024-03-13,16.403268,trend_up,0.7694034557279344
2024-03-14,16.15917175,trend_down,0.7174783664142402
2024-03-15,16.29586565,range,0.4842447860690605
2024-03-18,16.62783655,trend_up,0.7010959321612099
2024-03-19,16.4227957,trend_up,0.5110918184132843
2024-03-20,16.5204342,trend_up,0.5110918184132843
2024-03-21,16.5790173,trend_up,0.5534757380526303
2024-03-22,16.43255955,trend_up,0.6463336002171052
2024-03-25,15.94436705,range,0.6356567985997432
2024-03-26,16.0517694,range,0.6113962305188285
2024-03-27,15.7002708,trend_down,0.5182498481931086
2024-03-28,15.8760201,range,0.6125631315948684
2024-03-29,15.96389475,trend_down,0.5142803300338894
2024-04-01,16.1298802,trend_down,0.7591142071493122
2024-04-02,15.9931863,trend_down,0.7547601062651265
2024-04-03,15.8760201,trend_down,0.7547601062651265
2024-04-08,15.43664685,trend_down,0.7010959321612099
2024-04-09,15.37806375,trend_down,0.6925943798714477
2024-04-10,15.0558567,trend_down,0.8614815262232286
2024-04-11,15.06562055,trend_down,0.8728080041461755
2024-04-12,14.8215243,trend_down,0.8592149130772507
2024-04-15,15.29995295,trend_down,0.8579993070247722
2024-04-16,15.0753844,trend_down,0.8579993070247722
2024-04-17,15.31948065,trend_down,0.8579993070247722
2024-04-18,15.39759145,trend_down,0.8202936324525594
2024-04-19,15.3097168,trend_down,0.6692163404760045
2024-04-22,15.1339675,trend_down,0.8579993070247722
2024-04-23,15.24136985,trend_down,0.6692163404760045
2024-04-24,15.3097168,range,0.6951774987088121
2024-04-25,15.1925506,trend_down,0.6518016609119309
2024-04-26,16.13964405,range,0.49063036118522085
2024-04-29,16.2275187,trend_up,0.48698138376979666
2024-04-30,16.1689356,trend_up,0.5908897730935443
2024-05-06,16.2665741,trend_up,0.5953680361634498
2024-05-07,16.207991,trend_up,0.9251993854483096
2024-05-08,15.98342245,trend_up,0.9236042312450827
2024-05-09,16.06153325,trend_up,0.8965282913525047
2024-05-10,16.13964405,trend_up,0.8965282913525047
2024-05-13,16.3837403,trend_up,0.9584953099214758
2024-05-14,16.3446849,trend_up,0.8965282913525047
2024-05-15,15.80767315,trend_up,0.582891918217398
2024-05-16,15.6807431,range,0.5189241709150464
2024-05-17,15.88578395,trend_down,0.900980090619673
2024-05-20,16.31539335,trend_up,0.8147646035175398
2024-05-21,16.15917175,trend_up,0.8525171527028197
2024-05-22,16.43255955,trend_up,0.8169034320649832
2024-05-23,16.0322417,trend_up,0.8156601237330515
2024-05-24,15.62216,trend_down,0.9096603708933312
2024-05-27,15.7783816,trend_down,0.7275557528240247
2024-05-28,15.5245215,trend_down,0.5415660544584266
2024-05-29,15.5635769,range,0.6052085078829801
2024-05-30,15.51475765,trend_down,0.5724497672398727
2024-05-31,15.4073553,trend_down,0.7723910181007572
2024-06-03,15.37806375,trend_down,0.598058567035586
2024-06-04,15.5049938,trend_down,0.5934129159037295
2024-06-05,15.3878276,trend_down,0.5934129159037295
2024-06-06,15.24136985,trend_down,0.7769491061590438
2024-06-07,15.1339675,trend_down,0.8999851324767831
2024-06-11,15.1339675,trend_down,0.8995701894473405
2024-06-12,15.1534952,trend_down,0.7274146089053374
2024-06-13,15.22184215,trend_down,0.7274146089053374
2024-06-14,15.53428535,range,0.5099475599369951
2024-06-17,15.59286845,trend_up,0.6100032138997542
2024-06-18,15.57334075,range,0.4910342603249249
2024-06-19,15.39759145,range,0.7935268396477095
2024-06-20,15.24136985,trend_down,0.5548862772930867
2024-06-21,15.3292445,range,0.7935268396477095
2024-06-24,15.14373135,trend_down,0.5548862772930867
2024-06-25,14.7824689,trend_down,0.6286075448422607
2024-06-26,14.9191628,trend_down,0.6280110041998712
2024-06-27,14.841052,trend_down,0.5018419275526554
2024-06-28,14.2747487,breakout_down,0.48073477249298513
2024-07-01,14.2161656,trend_down,0.9735686106763175
2024-07-02,14.12829095,trend_down,0.967029182099857
2024-07-03,14.0208886,trend_down,0.9742323281814625
2024-07-04,13.9232501,trend_down,0.9742323281814625
2024-07-05,13.89395855,trend_down,0.8219355018305541
2024-07-08,13.30812755,trend_down,0.8212706281870592
2024-07-09,13.67915385,trend_down,0.5387730654631989
2024-07-10,13.79632005,trend_down,0.9679511336517824
2024-07-11,13.87443085,trend_down,0.8927407182097999
2024-07-12,13.9037224,trend_down,0.8927407182097999
2024-07-15,13.864667,trend_down,0.8927407182097999
2024-07-16,13.99159705,trend_down,0.8596638413505254
2024-07-17,14.05018015,trend_down,0.8952284811874971
2024-07-18,14.1185271,trend_down,0.9653094962875512
2024-07-19,14.3919149,trend_down,0.8156601237330515
2024-07-22,14.5090811,trend_up,0.7939991758485883
2024-07-23,14.16734635,trend_down,0.7939991758485883
2024-07-24,14.0989994,trend_down,0.8753697464663617
2024-07-25,14.19856792,range,0.6813037943603433
2024-07-26,14.437534,trend_up,0.7970122181324113
2024-07-29,14.27822328,range,0.43720636478307423
2024-07-30,14.37779248,range,0.43720636478307423
2024-07-31,15.11460456,trend_up,0.3624643509822139
2024-08-01,15.09469072,trend_up,0.8705313301600581
2024-08-02,14.87563848,trend_up,0.9423709533776204
2024-08-05,14.72628468,trend_up,0.9423709533776204
2024-08-06,14.79598312,trend_up,0.9423709533776204
2024-08-07,14.74619852,trend_up,0.934401781259849
2024-08-08,14.72628468,trend_up,0.934401781259849
2024-08-09,14.61675856,trend_up,0.9423709533776204
2024-08-12,14.67650008,trend_up,0.9423709533776204
2024-08-13,14.82585388,trend_up,0.9423709533776204
2024-08-14,14.70637084,trend_up,0.6412619597296555
2024-08-15,14.84576772,trend_up,0.6956124261749731
2024-08-16,14.79598312,trend_up,0.5110918184132843
2024-08-19,14.77606928,trend_up,0.5110918184132843
2024-08-20,14.5371032,range,0.6813037943603433
2024-08-21,14.4873186,range,0.6324362144853907
2024-08-22,14.2383956,trend_down,0.6607923416738336
2024-08-23,14.437534,trend_down,0.5906161733765932
2024-08-26,14.42757708,trend_down,0.5386523344814593
2024-08-27,14.2881802,trend_down,0.6692163404760045
2024-08-28,14.26826636,trend_down,0.5486438442055496
2024-08-29,14.25830944,trend_down,0.6738534638853216
2024-08-30,14.62671548,range,0.788866223379913
2024-09-02,14.40766324,trend_down,0.5507757844364722
2024-09-03,14.437534,trend_down,0.5507757844364722
2024-09-04,14.37779248,range,0.5337863967105769
2024-09-05,14.46740476,range,0.8098109958314111
2024-09-06,14.47736168,range,0.7056467217477775
2024-09-09,14.37779248,range,0.5180600844809882
2024-09-10,14.27822328,trend_down,0.536754946592297
2024-09-11,14.2383956,trend_down,0.5187488591469637
2024-09-12,14.11891256,range,0.5072765235432344
2024-09-13,14.07908488,trend_down,0.5432413560273116
2024-09-18,14.1388264,trend_down,0.5732872608537251
2024-09-19,14.437534,range,0.7903280986758126
2024-09-20,14.59684472,range,0.6990266415765259
2024-09-23,14.57693088,range,0.6655101684469562
2024-09-24,15.26395836,trend_up,0.44608729977261147
2024-09-25,15.54275212,breakout_up,0.4826573267609345
2024-09-26,16.21982268,trend_up,0.5699592919668259
2024-09-27,17.42461,trend_up,0.4524610865915118
2024-09-30,19.167071,breakout_up,0.4452658905757582
2024-10-08,21.08875656,trend_up,0.4524610865915118
2024-10-09,18.97788952,trend_up,0.6969627102459218
2024-10-10,18.00211136,trend_up,0.9074700472430703
2024-10-11,17.99215444,trend_up,0.9074700472430703
2024-10-14,17.7731022,trend_up,0.9679556215260039
2024-10-15,17.1259024,trend_up,0.9671356839524399
2024-10-16,17.06616088,trend_up,0.9647599638050202
2024-10-17,16.8271948,trend_down,0.937195172922291
2024-10-18,17.64366224,trend_up,0.792431113316361
2024-10-21,17.36486848,trend_up,0.8525171527028197
2024-10-22,17.44452384,trend_up,0.884414432399688
2024-10-23,17.3250408,trend_up,0.7065708320159619
2024-10-24,17.2752562,trend_up,0.6726221402503004
2024-10-25,17.41465308,trend_up,0.8107846739053404
2024-10-28,17.4743946,trend_up,0.9162450753751263
2024-10-29,17.18564392,trend_up,0.9448570951446239
2024-10-30,17.11594548,trend_up,0.8357690306418118
2024-10-31,17.25534236,trend_up,0.9448570951446239
2024-11-01,17.06616088,trend_down,0.6491959135829651
2024-11-04,17.49430844,trend_up,0.8724350267186767
2024-11-05,18.20124976,trend_up,0.948724614628351
2024-11-06,18.16142208,trend_up,0.8524080049268566
2024-11-07,19.35625248,trend_up,0.8499605516562849
2024-11-08,18.7687942,trend_up,0.8609773329160698
2024-11-11,18.79866496,trend_up,0.9206961464705191
2024-11-12,18.36056048,trend_up,0.9742323281814625
2024-11-13,18.3705174,trend_up,0.9206961464705191
2024-11-14,18.9679326,trend_up,0.938106489634533
2024-11-15,19.70474468,trend_up,0.9285794203562051
2024-11-18,18.11163748,trend_up,0.737823825568231
2024-11-19,18.25103436,trend_down,0.9096603708933312
2024-11-20,18.09172364,trend_down,0.8164731192348211
2024-11-21,18.63935424,trend_up,0.9423709533776204
2024-11-22,18.1215944,trend_down,0.5529036999713479
2024-11-25,19.07745872,trend_up,0.8204744981771703
2024-11-26,19.64500316,trend_up,0.7934354810771024
2024-11-27,19.88396924,trend_up,0.8581487862286943
2024-11-28,19.37616632,trend_up,0.9558414499823894
2024-11-29,19.60517548,trend_up,0.9500486411119224
2024-12-02,19.7644862,trend_up,0.9500486411119224
2024-12-03,19.415994,trend_up,0.7914172803230098
2024-12-04,19.167071,trend_up,0.7306972135835516
2024-12-05,20.10302148,trend_up,0.9320202897545481
2024-12-06,20.40172908,trend_up,0.931644938256518
2024-12-09,20.80000588,trend_up,0.9126546083935372
2024-12-10,20.51,trend_up,0.5346939402244567
2024-12-11,20.24,trend_up,0.9076386927013654
2024-12-12,20.34,trend_up,0.904808988462874
2024-12-13,19.57,trend_down,0.6167259434089779
2024-12-16,19.18,trend_down,0.7854902754014125
2024-12-17,19.1,trend_down,0.8282807928201137
2024-12-18,19.11,trend_down,0.8282807928201137
2024-12-19,18.96,trend_down,0.9060683318964575
2024-12-20,18.93,trend_down,0.8840769116367145
2024-12-23,18.55,trend_down,0.7650296528715809
2024-12-24,18.82,trend_down,0.7599209231430892
2024-12-25,19.25,trend_up,0.7174783664142402
2024-12-26,19.23,range,0.4842447860690605
2024-12-27,19.27,trend_up,0.6554353925269597
2024-12-30,19.31,trend_up,0.6554353925269597
2024-12-31,18.11,trend_down,0.8156601237330515
2025-01-02,17.31,breakout_down,0.6734919916760659
2025-01-03,16.96,trend_down,0.7926534280397375
2025-01-06,16.86,trend_down,0.7448617846683254
2025-01-07,17.16,trend_down,0.8964466843873214
2025-01-08,17.51,trend_down,0.9332347807542475
2025-01-09,17.29,trend_down,0.8724350267186767
