time,price,market_condition,probability
2019-04-08 11:30:00,6.05426485,trend_up,0.9735686106763175
2019-04-08 14:00:00,6.0136322,trend_down,0.8156601237330515
2019-04-08 15:00:00,6.08677097,trend_down,0.8156601237330515
2019-04-09 10:30:00,6.07864444,trend_up,0.532727735048976
2019-04-09 11:30:00,6.13553015,trend_up,0.6002792785301752
2019-04-09 14:00:00,6.03801179,trend_up,0.6032138335566802
2019-04-09 15:00:00,6.06239138,trend_up,0.5963623155074708
2019-04-10 10:30:00,5.94861996,trend_up,0.5963623155074708
2019-04-10 11:30:00,5.9323669,range,0.5592954350852848
2019-04-10 14:00:00,5.94049343,range,0.4842447860690605
2019-04-10 15:00:00,6.02988526,range,0.5592954350852848
2019-04-11 10:30:00,5.96487302,range,0.8738031437839128
2019-04-11 11:30:00,5.88360772,trend_down,0.6073029387372603
2019-04-11 14:00:00,5.9323669,range,0.4281058360795582
2019-04-11 15:00:00,5.86735466,trend_down,0.6073029387372603
2019-04-12 10:30:00,5.95674649,trend_down,0.9096603708933312
2019-04-12 11:30:00,5.92424037,trend_down,0.8164731192348211
2019-04-12 14:00:00,5.90798731,range,0.6307382521208832
2019-04-12 15:00:00,5.97299955,range,0.8953960049953152
2019-04-15 10:30:00,5.96487302,range,0.7361594540449836
2019-04-15 11:30:00,5.94049343,range,0.8960555700076558
2019-04-15 14:00:00,5.91611384,range,0.9014195498544553
2019-04-15 15:00:00,5.83484854,range,0.63222697833517
2019-04-16 10:30:00,5.7698363,trend_down,0.5151617675913235
2019-04-16 11:30:00,5.94861996,range,0.8947105530629855
2019-04-16 14:00:00,5.9323669,range,0.9088724338911096
2019-04-16 15:00:00,5.96487302,range,0.9088724338911096
2019-04-17 10:30:00,5.96487302,range,0.7826346264475538
2019-04-17 11:30:00,5.94861996,range,0.8095349036905007
2019-04-17 14:00:00,5.97299955,range,0.8095349036905007
2019-04-17 15:00:00,5.95674649,range,0.5634720182948987
2019-04-18 10:30:00,5.95674649,range,0.5223252786344998
2019-04-18 11:30:00,5.9323669,range,0.8064962037434751
2019-04-18 14:00:00,5.92424037,range,0.8064962037434751
2019-04-18 15:00:00,5.89986078,range,0.8064962037434751
2019-04-19 10:30:00,5.91611384,range,0.8862011044689261
2019-04-19 11:30:00,5.91611384,range,0.6101895967861346
2019-04-19 14:00:00,5.89173425,range,0.6624344890154342
2019-04-19 15:00:00,5.96487302,range,0.7687647182774826
2019-04-22 10:30:00,5.92424037,range,0.7040783873140276
2019-04-22 11:30:00,5.89173425,range,0.7826346264475538
2019-04-22 14:00:00,5.86735466,range,0.6289806507036746
2019-04-22 15:00:00,5.81046895,range,0.7839144015868764
2019-04-23 10:30:00,5.7698363,trend_down,0.6015635187922966
2019-04-23 11:30:00,5.71295059,trend_down,0.621068578822023
2019-04-23 14:00:00,5.84297507,trend_down,0.5854820853838951
2019-04-23 15:00:00,5.75358324,trend_down,0.8934098402710774
2019-04-24 10:30:00,5.76170977,trend_down,0.8934098402710774
2019-04-24 11:30:00,5.75358324,trend_down,0.861881937676793
2019-04-24 14:00:00,5.7698363,trend_down,0.8479596777046071
2019-04-24 15:00:00,5.78608936,trend_down,0.7224166514371863
2019-04-25 10:30:00,5.77796283,trend_down,0.8965282913525047
2019-04-25 11:30:00,5.81046895,trend_down,0.8249969428441957
2019-04-25 14:00:00,5.7698363,trend_down,0.8249969428441957
2019-04-25 15:00:00,5.55854652,trend_down,0.7471989241427136
2019-04-26 10:30:00,5.55854652,trend_down,0.8181290563881137
2019-04-26 11:30:00,5.56667305,trend_down,0.850879287182741
2019-04-26 14:00:00,5.59917917,trend_down,0.8516456712124527
2019-04-26 15:00:00,5.57479958,trend_down,0.6785402064872875
2019-04-29 10:30:00,5.32287715,breakout_down,0.4619362514979542
2019-04-29 11:30:00,5.40414245,trend_down,0.861881937676793
2019-04-29 14:00:00,5.40414245,trend_down,0.8995701894473405
2019-04-29 15:00:00,5.2822445,trend_down,0.9697684139280737
2019-04-30 10:30:00,5.42852204,trend_down,0.938106489634533
2019-04-30 11:30:00,5.39601592,trend_down,0.9713217933116737
2019-04-30 14:00:00,5.40414245,trend_down,0.9019048519618212
2019-04-30 15:00:00,5.42039551,trend_down,0.9705246689210671
2019-05-06 10:30:00,5.27411797,trend_down,0.5283018173322191
2019-05-06 11:30:00,5.14409349,trend_down,0.8231946377914303
2019-05-06 14:00:00,4.9571833,trend_down,0.539313794585776
2019-05-06 15:00:00,4.97343636,trend_down,0.5339693347282727
2019-05-07 10:30:00,5.04657513,trend_down,0.9742323281814625
2019-05-07 11:30:00,4.99781595,trend_down,0.8989257226588602
2019-05-07 14:00:00,5.05470166,trend_down,0.9696978493388541
2019-05-07 15:00:00,5.09533431,trend_down,0.9696978493388541
2019-05-08 10:30:00,5.12784043,trend_down,0.9696978493388541
2019-05-08 11:30:00,5.13596696,trend_down,0.8674730476995611
2019-05-08 14:00:00,5.09533431,trend_down,0.8934098402710774
2019-05-08 15:00:00,5.05470166,trend_down,0.9230955164120815
2019-05-09 10:30:00,5.05470166,trend_down,0.9230955164120815
2019-05-09 11:30:00,5.08720778,trend_down,0.9735686106763175
2019-05-09 14:00:00,5.07908125,trend_down,0.9187684356464907
2019-05-09 15:00:00,5.0384486,trend_down,0.9187684356464907
2019-05-10 10:30:00,5.2009792,trend_down,0.5414110904703863
2019-05-10 11:30:00,5.18472614,trend_down,0.5824918233590364
2019-05-10 14:00:00,5.23348532,trend_down,0.790893365222354
2019-05-10 15:00:00,5.24161185,trend_down,0.5824918233590364
2019-05-13 10:30:00,5.17659961,trend_down,0.5754827443311201
2019-05-13 11:30:00,5.18472614,trend_down,0.5754827443311201
2019-05-13 14:00:00,5.16847308,range,0.5542730275260896
2019-05-13 15:00:00,5.16034655,trend_down,0.8037830379511186
2019-05-14 10:30:00,5.16847308,trend_down,0.8156601237330515
2019-05-14 11:30:00,5.09533431,trend_down,0.8336073750509411
2019-05-14 14:00:00,5.1197139,trend_down,0.6933285753589431
2019-05-14 15:00:00,5.06282819,trend_down,0.6933285753589431
2019-05-15 10:30:00,5.08720778,trend_down,0.8689658134381623
2019-05-15 11:30:00,5.08720778,trend_down,0.8050419893449383
2019-05-15 14:00:00,5.12784043,trend_down,0.7530322317007375
2019-05-15 15:00:00,5.12784043,range,0.5096759806726077
2019-05-16 10:30:00,5.13596696,trend_down,0.6409101477555205
2019-05-16 11:30:00,5.10346084,trend_down,0.7026083875862044
2019-05-16 14:00:00,5.1197139,trend_down,0.5489121589774295
2019-05-16 15:00:00,5.12784043,range,0.5035202058056177
2019-05-17 10:30:00,5.06282819,trend_down,0.6933285753589431
2019-05-17 11:30:00,4.99781595,trend_down,0.9000366826602078
2019-05-17 14:00:00,4.94905677,trend_down,0.939308120384116
2019-05-17 15:00:00,4.90029759,trend_down,0.8532603527991378
2019-05-20 10:30:00,4.94905677,trend_down,0.938106489634533
2019-05-20 11:30:00,4.98156289,trend_down,0.9742323281814625
2019-05-20 14:00:00,4.9571833,trend_down,0.9182273385573261
2019-05-20 15:00:00,4.9571833,trend_down,0.8895342149017359
2019-05-21 10:30:00,5.00594248,trend_down,0.9661863672976857
2019-05-21 11:30:00,5.06282819,trend_down,0.790893365222354
2019-05-21 14:00:00,5.04657513,trend_down,0.6491959135829651
2019-05-21 15:00:00,5.04657513,trend_down,0.5824918233590364
2019-05-22 10:30:00,5.03032207,trend_up,0.5693234864679636
2019-05-22 11:30:00,5.02219554,range,0.4998880512009192
2019-05-22 14:00:00,4.98156289,trend_down,0.8992337021191241
2019-05-22 15:00:00,4.98156289,trend_down,0.8992337021191241
2019-05-23 10:30:00,4.98968942,trend_down,0.8724350267186767
2019-05-23 11:30:00,5.01406901,trend_down,0.6910003035373161
2019-05-23 14:00:00,4.97343636,range,0.5073260790094631
2019-05-23 15:00:00,4.97343636,trend_down,0.5570089209018335
2019-05-24 10:30:00,4.97343636,trend_down,0.6359685894540297
2019-05-24 11:30:00,4.97343636,trend_down,0.5079855202092495
2019-05-24 14:00:00,4.97343636,trend_down,0.5145769405993377
2019-05-24 15:00:00,4.96530983,trend_down,0.6463336002171052
2019-05-27 10:30:00,4.99781595,trend_down,0.528801737056278
2019-05-27 11:30:00,5.06282819,range,0.8391249478557303
2019-05-27 14:00:00,5.1197139,range,0.6306344743230079
2019-05-27 15:00:00,5.12784043,range,0.6412288529727601
2019-05-28 10:30:00,5.10346084,trend_up,0.5824918233590364
2019-05-28 11:30:00,5.10346084,trend_up,0.6359685894540297
2019-05-28 14:00:00,5.11158737,trend_up,0.9096603708933312
2019-05-28 15:00:00,5.09533431,trend_up,0.7299086901103473
2019-05-29 10:30:00,5.09533431,trend_up,0.8976590831882497
2019-05-29 11:30:00,5.08720778,trend_up,0.7656634859672273
2019-05-29 14:00:00,5.12784043,trend_up,0.7299086901103473
2019-05-29 15:00:00,5.10346084,trend_up,0.7100613190755783
2019-05-30 10:30:00,5.02219554,range,0.6210429185113224
2019-05-30 11:30:00,5.03032207,trend_down,0.5183425986193364
2019-05-30 14:00:00,5.02219554,trend_down,0.7100613190755783
2019-05-30 15:00:00,5.04657513,range,0.6813037943603433
2019-05-31 10:30:00,5.07095472,trend_down,0.5894533561033574
2019-05-31 11:30:00,5.04657513,trend_down,0.5894533561033574
2019-05-31 14:00:00,5.01406901,trend_down,0.5906161733765932
2019-05-31 15:00:00,5.00594248,trend_down,0.5151617675913235
2019-06-03 10:30:00,5.03032207,trend_down,0.5033600054900631
2019-06-03 11:30:00,5.01406901,trend_down,0.5349396711305817
2019-06-03 14:00:00,5.02219554,trend_down,0.5404470469467834
2019-06-03 15:00:00,4.99781595,trend_down,0.5065754482171815
2019-06-04 10:30:00,5.00594248,trend_down,0.5618073999884746
2019-06-04 11:30:00,4.98968942,trend_down,0.5013131707599661
2019-06-04 14:00:00,4.98156289,trend_down,0.5068154483143258
2019-06-04 15:00:00,4.94905677,trend_down,0.5422999572385219
2019-06-05 10:30:00,5.00594248,range,0.5223252786344998
2019-06-05 11:30:00,4.99781595,trend_down,0.5068154483143258
2019-06-05 14:00:00,5.01406901,range,0.509403156746464
2019-06-05 15:00:00,4.98156289,trend_down,0.4965709995888522
2019-06-06 10:30:00,4.99781595,trend_down,0.5234997825920785
2019-06-06 11:30:00,4.98968942,trend_down,0.5386284000416404
2019-06-06 14:00:00,4.98156289,trend_down,0.4970236273067107
2019-06-06 15:00:00,4.94093024,trend_down,0.5442123874492119
2019-06-10 10:30:00,4.78652617,trend_down,0.5725414493441507
2019-06-10 11:30:00,4.85966494,trend_down,0.884414432399688
2019-06-10 14:00:00,4.85153841,trend_down,0.7174726011309654
2019-06-10 15:00:00,4.83528535,trend_down,0.9259188089160423
2019-06-11 10:30:00,4.93280371,trend_down,0.9177303842893451
2019-06-11 11:30:00,5.07095472,reversal,0.513206421360144
2019-06-11 14:00:00,5.1197139,trend_up,0.7373049382652888
2019-06-11 15:00:00,5.1197139,trend_up,0.672278819941404
2019-06-12 10:30:00,5.11158737,trend_up,0.7249164009497114
2019-06-12 11:30:00,5.08720778,trend_up,0.9037666730924747
2019-06-12 14:00:00,5.09533431,trend_up,0.7599209231430892
2019-06-12 15:00:00,5.08720778,trend_up,0.7065708320159619
2019-06-13 10:30:00,5.12784043,trend_up,0.6519587470986764
2019-06-13 11:30:00,5.19285267,trend_up,0.7166050406687917
2019-06-13 14:00:00,5.18472614,trend_up,0.8307425162253219
2019-06-13 15:00:00,5.17659961,trend_up,0.8965282913525047
2019-06-14 10:30:00,5.1601902,trend_up,0.9689210597843152
2019-06-14 11:30:00,5.1109674,trend_up,0.9581306173140381
2019-06-14 14:00:00,5.1191712,trend_up,0.9581306173140381
2019-06-14 15:00:00,5.0371332,trend_down,0.5442715107740077
2019-06-17 10:30:00,5.0945598,range,0.6130512033176081
2019-06-17 11:30:00,5.0699484,range,0.830606635488362
2019-06-17 14:00:00,5.0699484,range,0.830606635488362
2019-06-17 15:00:00,5.0699484,range,0.830606635488362
2019-06-18 10:30:00,5.0535408,trend_down,0.5894533561033574
2019-06-18 11:30:00,5.0781522,range,0.8335407204208519
2019-06-18 14:00:00,5.0371332,trend_down,0.5894533561033574
2019-06-18 15:00:00,5.0535408,range,0.6356567985997432
2019-06-19 10:30:00,5.2258206,trend_up,0.5020722753886461
2019-06-19 11:30:00,5.209413,trend_up,0.8724350267186767
2019-06-19 14:00:00,5.1930054,trend_up,0.8754655967026245
2019-06-19 15:00:00,5.127375,trend_up,0.6554353925269597
2019-06-20 10:30:00,5.2750434,trend_up,0.907952725797846
2019-06-20 11:30:00,5.4883422,trend_up,0.7922654191810825
2019-06-20 14:00:00,5.373489,trend_up,0.7991902473970328
2019-06-20 15:00:00,5.3898966,trend_up,0.9052286302355669
2019-06-21 10:30:00,5.4637308,trend_up,0.938106489634533
2019-06-21 11:30:00,5.4637308,trend_up,0.9230955164120815
2019-06-21 14:00:00,5.414508,trend_up,0.9742323281814625
2019-06-21 15:00:00,5.4227118,trend_up,0.968840342841616
2019-06-24 10:30:00,5.4309156,trend_up,0.9742323281814625
2019-06-24 11:30:00,5.3981004,trend_up,0.968840342841616
2019-06-24 14:00:00,5.3981004,trend_up,0.9230955164120815
2019-06-24 15:00:00,5.4063042,trend_up,0.9230955164120815
2019-06-25 10:30:00,5.4391194,trend_up,0.9742323281814625
2019-06-25 11:30:00,5.3160624,trend_up,0.8156601237330515
2019-06-25 14:00:00,5.414508,trend_up,0.9423709533776204
2019-06-25 15:00:00,5.4719346,trend_up,0.9423709533776204
2019-06-26 10:30:00,5.3570814,trend_up,0.7970122181324113
2019-06-26 11:30:00,5.3570814,trend_up,0.7939991758485883
2019-06-26 14:00:00,5.3488776,range,0.4998880512009192
2019-06-26 15:00:00,5.3406738,range,0.4998880512009192
2019-06-27 10:30:00,5.4391194,trend_up,0.7669471332468414
2019-06-27 11:30:00,5.4391194,trend_up,0.5079855202092495
2019-06-27 14:00:00,5.4309156,trend_up,0.5079855202092495
2019-06-27 15:00:00,5.3981004,range,0.7722451375612671
2019-06-28 10:30:00,5.3488776,range,0.6356567985997432
2019-06-28 11:30:00,5.3406738,range,0.7544736893571622
2019-06-28 14:00:00,5.3242662,range,0.5076080356158018
2019-06-28 15:00:00,5.3652852,range,0.7544736893571622
2019-07-01 10:30:00,5.5047498,trend_up,0.7982733579830396
2019-07-01 11:30:00,5.4801384,trend_up,0.7328010352646416
2019-07-01 14:00:00,5.4719346,trend_up,0.7510017898309987
2019-07-01 15:00:00,5.4801384,trend_up,0.7510017898309987
2019-07-02 10:30:00,5.4473232,trend_up,0.9399253461109718
2019-07-02 11:30:00,5.4473232,trend_up,0.8101823525557476
2019-07-02 14:00:00,5.4227118,trend_up,0.7585322054351483
2019-07-02 15:00:00,5.4309156,trend_up,0.7585322054351483
2019-07-03 10:30:00,5.373489,trend_up,0.6491959135829651
2019-07-03 11:30:00,5.3652852,range,0.4998880512009192
2019-07-03 14:00:00,5.3406738,range,0.4998880512009192
2019-07-03 15:00:00,5.3570814,range,0.4998880512009192
2019-07-04 10:30:00,5.496546,trend_up,0.4898799703859407
2019-07-04 11:30:00,5.455527,trend_up,0.7123691467602389
2019-07-04 14:00:00,5.4719346,trend_up,0.7495505910828448
2019-07-04 15:00:00,5.4637308,trend_up,0.9237558618896627
2019-07-05 10:30:00,5.414508,trend_down,0.7123691467602389
2019-07-05 11:30:00,5.3981004,range,0.4463221082749991
2019-07-05 14:00:00,5.4227118,range,0.6941415031866094
2019-07-05 15:00:00,5.4309156,range,0.566292616252631
2019-07-08 10:30:00,5.3488776,reversal,0.4918807138681568
2019-07-08 11:30:00,5.414508,range,0.4463221082749991
2019-07-08 14:00:00,5.3406738,range,0.43720636478307423
2019-07-08 15:00:00,5.3570814,trend_down,0.4702253666007526
2019-07-09 10:30:00,5.3570814,trend_down,0.4702253666007526
2019-07-09 11:30:00,5.2996548,trend_down,0.6615824891304735
2019-07-09 14:00:00,5.33247,range,0.5785881912725127
2019-07-09 15:00:00,5.4473232,range,0.632630144067792
2019-07-10 10:30:00,5.4391194,range,0.6181897121652762
2019-07-10 11:30:00,5.6278068,trend_up,0.753978365241268
2019-07-10 14:00:00,5.6113992,trend_up,0.9221638918828787
2019-07-10 15:00:00,5.6442144,trend_up,0.8385540002081114
2019-07-11 10:30:00,5.5949916,trend_up,0.8385540002081114
2019-07-11 11:30:00,5.5621764,trend_up,0.9452333998711213
2019-07-11 14:00:00,5.5457688,trend_up,0.8237515454134446
2019-07-11 15:00:00,5.619603,trend_up,0.9452333998711213
2019-07-12 10:30:00,5.5457688,trend_up,0.9452333998711213
2019-07-12 11:30:00,5.5621764,trend_up,0.9254264981159408
2019-07-12 14:00:00,5.5867878,trend_up,0.8237515454134446
2019-07-12 15:00:00,5.537565,trend_up,0.9438657732455722
2019-07-15 10:30:00,5.5621764,trend_up,0.9254264981159408
2019-07-15 11:30:00,5.701641,trend_up,0.8210849409383071
2019-07-15 14:00:00,5.660622,trend_up,0.9032947504131683
2019-07-15 15:00:00,5.6770296,trend_up,0.7563989646609167
2019-07-16 10:30:00,5.6113992,trend_up,0.7563989646609167
2019-07-16 11:30:00,5.619603,trend_up,0.7671682660063865
2019-07-16 14:00:00,5.6031954,trend_up,0.7585322054351483
2019-07-16 15:00:00,5.619603,trend_up,0.8061339348240945
2019-07-17 10:30:00,5.5949916,trend_up,0.5145769405993377
2019-07-17 11:30:00,5.578584,range,0.8766633165993692
2019-07-17 14:00:00,5.6031954,range,0.7587811733891006
2019-07-17 15:00:00,5.5703802,range,0.8766633165993692
2019-07-18 10:30:00,5.4801384,range,0.458553068294544
2019-07-18 11:30:00,5.4637308,range,0.7071529133931204
2019-07-18 14:00:00,5.4473232,range,0.5076080356158018
2019-07-18 15:00:00,5.4063042,trend_down,0.9096603708933312
2019-07-19 10:30:00,5.4801384,trend_down,0.8941029787259807
2019-07-19 11:30:00,5.496546,trend_down,0.8037830379511186
2019-07-19 14:00:00,5.4637308,trend_down,0.8037830379511186
2019-07-19 15:00:00,5.4637308,trend_down,0.8037830379511186
2019-07-22 10:30:00,5.373489,trend_down,0.7805250234756919
2019-07-22 11:30:00,5.3816928,trend_down,0.9423709533776204
2019-07-22 14:00:00,5.3570814,trend_down,0.8964466843873214
2019-07-22 15:00:00,5.291451,trend_down,0.9504791664353219
2019-07-23 10:30:00,5.3242662,trend_down,0.968840342841616
2019-07-23 11:30:00,5.3078586,trend_down,0.9230955164120815
2019-07-23 14:00:00,5.33247,trend_down,0.9230955164120815
2019-07-23 15:00:00,5.3242662,trend_down,0.9230955164120815
2019-07-24 10:30:00,5.4063042,trend_down,0.9735686106763175
2019-07-24 11:30:00,5.3898966,trend_down,0.9212211388208612
2019-07-24 14:00:00,5.3652852,trend_down,0.8983132835346506
2019-07-24 15:00:00,5.3488776,trend_down,0.9053335040930582
2019-07-25 10:30:00,5.3488776,trend_down,0.9355279931890701
2019-07-25 11:30:00,5.3488776,trend_down,0.8983132835346506
2019-07-25 14:00:00,5.3406738,trend_down,0.8983132835346506
2019-07-25 15:00:00,5.3570814,trend_down,0.7137135907345468
2019-07-26 10:30:00,5.3406738,trend_down,0.7137135907345468
2019-07-26 11:30:00,5.3160624,trend_down,0.5901611865688013
2019-07-26 14:00:00,5.3242662,trend_down,0.5901611865688013
2019-07-26 15:00:00,5.3488776,trend_down,0.5210372069591409
2019-07-29 10:30:00,5.3160624,trend_down,0.5210372069591409
2019-07-29 11:30:00,5.3242662,trend_down,0.5693664605098077
2019-07-29 14:00:00,5.2996548,trend_down,0.886942038506704
2019-07-29 15:00:00,5.2996548,trend_down,0.7029048452034654
2019-07-30 10:30:00,5.3816928,range,0.4431127668422914
2019-07-30 11:30:00,5.3981004,trend_up,0.596558045177641
2019-07-30 14:00:00,5.373489,range,0.836379350546799
2019-07-30 15:00:00,5.3652852,range,0.836379350546799
2019-07-31 10:30:00,5.3406738,trend_down,0.8375576247161503
2019-07-31 11:30:00,5.373489,range,0.6289200282351567
2019-07-31 14:00:00,5.3652852,range,0.8034067673847938
2019-07-31 15:00:00,5.3652852,range,0.9014195498544553
2019-08-01 10:30:00,5.3242662,range,0.7240131848057194
2019-08-01 11:30:00,5.291451,range,0.481413749214466
2019-08-01 14:00:00,5.2750434,trend_down,0.5151617675913234
2019-08-01 15:00:00,5.2996548,range,0.5180600844809882
2019-08-02 10:30:00,5.168394,trend_down,0.5882384266495331
2019-08-02 11:30:00,5.1191712,trend_down,0.9029496097852948
2019-08-02 14:00:00,5.1027636,trend_down,0.7437327736490063
2019-08-02 15:00:00,5.127375,trend_down,0.9569306208080132
2019-08-05 10:30:00,5.1355788,trend_down,0.938106489634533
2019-08-05 11:30:00,5.086356,trend_down,0.9696978493388541
2019-08-05 14:00:00,5.0781522,trend_down,0.8989257226588602
2019-08-05 15:00:00,5.0207256,trend_down,0.8231946377914303
2019-08-06 10:30:00,4.8648534,breakout_down,0.47683102472388567
2019-08-06 11:30:00,4.9058724,trend_down,0.5387744558789236
2019-08-06 14:00:00,4.9879104,trend_down,0.9074700472430703
2019-08-06 15:00:00,4.9715028,trend_down,0.9679556215260039
2019-08-07 10:30:00,4.9468914,trend_down,0.9679556215260039
2019-08-07 11:30:00,4.9386876,trend_down,0.8958711337427966
2019-08-07 14:00:00,4.9550952,trend_down,0.968840342841616
2019-08-07 15:00:00,4.8976686,trend_down,0.9742323281814625
2019-08-08 10:30:00,4.9961142,trend_down,0.9112393647271799
2019-08-08 11:30:00,5.004318,trend_down,0.9569493631443057
2019-08-08 14:00:00,4.9715028,trend_down,0.8902144987503774
2019-08-08 15:00:00,4.963299,trend_down,0.886942038506704
2019-08-09 10:30:00,4.9715028,trend_down,0.9661863672976857
2019-08-09 11:30:00,4.9468914,trend_down,0.9735686106763175
2019-08-09 14:00:00,4.9058724,trend_down,0.9742323281814625
2019-08-09 15:00:00,4.8976686,trend_down,0.8096764468495843
2019-08-12 10:30:00,4.9715028,range,0.6006761026585881
2019-08-12 11:30:00,4.9715028,range,0.5289927392457532
2019-08-12 14:00:00,4.9715028,range,0.7699950043755834
2019-08-12 15:00:00,5.0125218,range,0.8071915136673933
2019-08-13 10:30:00,4.9550952,range,0.7738946113840957
2019-08-13 11:30:00,4.9386876,range,0.8105769839318411
2019-08-13 14:00:00,4.9304838,range,0.6683038589322503
2019-08-13 15:00:00,4.9386876,range,0.6683038589322503
2019-08-14 10:30:00,4.9961142,range,0.8196254322347024
2019-08-14 11:30:00,4.9879104,range,0.9075020440909478
2019-08-14 14:00:00,4.9715028,range,0.9075020440909478
2019-08-14 15:00:00,4.9550952,range,0.8072668076257075
2019-08-15 10:30:00,4.8894648,trend_down,0.47899857866950385
2019-08-15 11:30:00,4.8894648,range,0.7722451375612671
2019-08-15 14:00:00,4.8976686,trend_down,0.6412619597296555
2019-08-15 15:00:00,4.9468914,range,0.6299592696573502
2019-08-16 10:30:00,4.9715028,range,0.6299592696573502
2019-08-16 11:30:00,4.9961142,range,0.795484194260536
2019-08-16 14:00:00,4.9879104,range,0.7687647182774826
2019-08-16 15:00:00,4.9715028,range,0.795484194260536
2019-08-19 10:30:00,5.045337,trend_up,0.5118735956804523
2019-08-19 11:30:00,5.1848016,breakout_up,0.5022688982744855
2019-08-19 14:00:00,5.1765978,trend_up,0.7832397224426562
2019-08-19 15:00:00,5.2258206,trend_up,0.4794525638545215
2019-08-20 10:30:00,5.291451,breakout_up,0.4504133168008771
2019-08-20 11:30:00,5.2668396,trend_up,0.9567949741861582
2019-08-20 14:00:00,5.2750434,trend_up,0.907635003707718
2019-08-20 15:00:00,5.2668396,trend_up,0.9742323281814625
2019-08-21 10:30:00,5.2996548,trend_up,0.9742323281814625
2019-08-21 11:30:00,5.291451,trend_up,0.8958711337427966
2019-08-21 14:00:00,5.3242662,trend_up,0.968840342841616
2019-08-21 15:00:00,5.3078586,trend_up,0.8958711337427966
2019-08-22 10:30:00,5.3981004,trend_up,0.5278023342409506
2019-08-22 11:30:00,5.3816928,trend_up,0.968840342841616
2019-08-22 14:00:00,5.373489,trend_up,0.9679511336517824
2019-08-22 15:00:00,5.3981004,trend_up,0.9679511336517824
2019-08-23 10:30:00,5.4309156,trend_up,0.8219355018305541
2019-08-23 11:30:00,5.4473232,trend_up,0.5384873087544113
2019-08-23 14:00:00,5.3981004,trend_up,0.967029182099857
2019-08-23 15:00:00,5.4227118,trend_up,0.8895342149017359
2019-08-26 10:30:00,5.4063042,trend_up,0.967029182099857
2019-08-26 11:30:00,5.4227118,trend_up,0.886942038506704
2019-08-26 14:00:00,5.4063042,trend_up,0.9661863672976857
2019-08-26 15:00:00,5.414508,trend_up,0.886942038506704
2019-08-27 10:30:00,5.5129536,trend_up,0.7911662785474877
2019-08-27 11:30:00,5.5293612,breakout_up,0.48333533514877697
2019-08-27 14:00:00,5.4719346,trend_up,0.9661863672976857
2019-08-27 15:00:00,5.4637308,trend_up,0.9661863672976857
2019-08-28 10:30:00,5.373489,trend_up,0.5529036999713479
2019-08-28 11:30:00,5.414508,trend_down,0.790893365222354
2019-08-28 14:00:00,5.4063042,range,0.5455324485346053
2019-08-28 15:00:00,5.3652852,trend_down,0.5693234864679636
2019-08-29 10:30:00,5.3406738,trend_down,0.5739474073462888
2019-08-29 11:30:00,5.3242662,trend_down,0.6073029387372603
2019-08-29 14:00:00,5.3488776,range,0.43720636478307423
2019-08-29 15:00:00,5.2996548,trend_down,0.6545920166124131
2019-08-30 10:30:00,5.3160624,trend_down,0.5297699603102178
2019-08-30 11:30:00,5.2832472,trend_down,0.5972235963934063
2019-08-30 14:00:00,5.2668396,trend_down,0.8501880361966522
2019-08-30 15:00:00,5.250432,trend_down,0.8452931260129471
2019-09-02 10:30:00,5.2996548,trend_down,0.6173492686774498
2019-09-02 11:30:00,5.3242662,trend_down,0.7332437925139978
2019-09-02 14:00:00,5.33247,trend_down,0.7332437925139978
2019-09-02 15:00:00,5.3242662,trend_down,0.49081920708544224
2019-09-03 10:30:00,5.2668396,trend_down,0.7332437925139978
2019-09-03 11:30:00,5.2668396,trend_down,0.6101992619600677
2019-09-03 14:00:00,5.2586358,trend_down,0.6052085078829801
2019-09-03 15:00:00,5.2996548,trend_down,0.7275557528240247
2019-09-04 10:30:00,5.33247,reversal,0.45631320544866105
2019-09-04 11:30:00,5.3242662,range,0.5602312386351099
2019-09-04 14:00:00,5.2996548,range,0.8840769116367145
2019-09-04 15:00:00,5.3652852,range,0.7650296528715808
2019-09-05 10:30:00,5.6442144,trend_up,0.4765771887008
2019-09-05 11:30:00,5.578584,trend_up,0.8268928487385393
2019-09-05 14:00:00,5.537565,trend_up,0.9423709533776204
2019-09-05 15:00:00,5.4801384,trend_up,0.9075479579203247
2019-09-06 10:30:00,5.5211574,trend_up,0.9742323281814625
2019-09-06 11:30:00,5.496546,trend_up,0.9679511336517824
2019-09-06 14:00:00,5.4801384,trend_up,0.8895342149017359
2019-09-06 15:00:00,5.537565,trend_up,0.966073424863376
2019-09-09 10:30:00,5.5949916,trend_up,0.9314258120147536
2019-09-09 11:30:00,5.578584,trend_up,0.967029182099857
2019-09-09 14:00:00,5.6031954,trend_up,0.967029182099857
2019-09-09 15:00:00,5.6113992,trend_up,0.8895342149017359
2019-09-10 10:30:00,5.5621764,trend_up,0.967029182099857
2019-09-10 11:30:00,5.6031954,trend_up,0.9742323281814625
2019-09-10 14:00:00,5.6442144,trend_up,0.9742323281814625
2019-09-10 15:00:00,5.6524182,trend_up,0.8895342149017359
2019-09-11 10:30:00,5.660622,trend_up,0.8212706281870592
2019-09-11 11:30:00,5.7098448,trend_up,0.967029182099857
2019-09-11 14:00:00,5.6770296,trend_up,0.5387730654631989
2019-09-11 15:00:00,5.6442144,trend_up,0.8927407182097999
2019-09-12 10:30:00,5.5047498,trend_up,0.5529036999713479
2019-09-12 11:30:00,5.5621764,trend_down,0.7939991758485883
2019-09-12 14:00:00,5.5621764,trend_down,0.5894533561033574
2019-09-12 15:00:00,5.619603,trend_up,0.934401781259849
2019-09-16 10:30:00,5.6113992,trend_up,0.8414240059105436
2019-09-16 11:30:00,5.5867878,range,0.4463221082749991
2019-09-16 14:00:00,5.5703802,range,0.4463221082749991
2019-09-16 15:00:00,5.5539726,range,0.6941415031866094
2019-09-17 10:30:00,5.496546,trend_down,0.45769042081438654
2019-09-17 11:30:00,5.4637308,range,0.4998880512009192
2019-09-17 14:00:00,5.414508,trend_down,0.9503266430238095
2019-09-17 15:00:00,5.414508,trend_down,0.8917846466156887
2019-09-18 10:30:00,5.4063042,trend_down,0.8550188519021347
2019-09-18 11:30:00,5.3898966,trend_down,0.6826739095759736
2019-09-18 14:00:00,5.3898966,trend_down,0.6824516971972323
2019-09-18 15:00:00,5.373489,trend_down,0.8719882017397161
2019-09-19 10:30:00,5.4063042,trend_down,0.929356564652179
2019-09-19 11:30:00,5.3488776,trend_down,0.939525812953996
2019-09-19 14:00:00,5.3898966,trend_down,0.8693229371688215
2019-09-19 15:00:00,5.414508,trend_down,0.9423709533776204
2019-09-20 10:30:00,5.4227118,trend_down,0.9423709533776204
2019-09-20 11:30:00,5.3981004,trend_down,0.9735686106763175
2019-09-20 14:00:00,5.3981004,trend_down,0.9735686106763175
2019-09-20 15:00:00,5.4309156,trend_up,0.6080942679989582
2019-09-23 10:30:00,5.3242662,trend_down,0.4887748091926124
2019-09-23 11:30:00,5.3160624,trend_down,0.8325009323973218
2019-09-23 14:00:00,5.291451,trend_down,0.871543152426647
2019-09-23 15:00:00,5.3242662,trend_down,0.9085912955960314
2019-09-24 10:30:00,5.3242662,trend_down,0.8540433404472647
2019-09-24 11:30:00,5.3652852,trend_down,0.8155130958834124
2019-09-24 14:00:00,5.3160624,trend_down,0.8540433404472647
2019-09-24 15:00:00,5.2996548,trend_down,0.5657993980880497
2019-09-25 10:30:00,5.2996548,trend_down,0.9230955164120815
2019-09-25 11:30:00,5.3160624,trend_down,0.9053335040930582
2019-09-25 14:00:00,5.291451,trend_down,0.8153836840655707
2019-09-25 15:00:00,5.2586358,trend_down,0.8837076528569102
2019-09-26 10:30:00,5.2832472,trend_down,0.9236042312450827
2019-09-26 11:30:00,5.2012092,trend_down,0.9268955060706154
2019-09-26 14:00:00,5.209413,trend_down,0.6516806989816127
2019-09-26 15:00:00,5.1519864,trend_down,0.6516806989816127
2019-09-27 10:30:00,5.1765978,trend_down,0.9705246689210671
2019-09-27 11:30:00,5.168394,trend_down,0.9019048519618212
2019-09-27 14:00:00,5.1848016,trend_down,0.927690188616068
2019-09-27 15:00:00,5.1848016,trend_down,0.927690188616068
2019-09-30 10:30:00,5.0945598,trend_down,0.6356700735736908
2019-09-30 11:30:00,5.086356,trend_down,0.9019048519618212
2019-09-30 14:00:00,5.1191712,trend_down,0.9713217933116737
2019-09-30 15:00:00,5.0535408,trend_down,0.9705246689210671
2019-10-08 10:30:00,5.1027636,trend_down,0.9696978493388541
2019-10-08 11:30:00,5.1027636,trend_down,0.9254264981159408
2019-10-08 14:00:00,5.0699484,trend_down,0.9254264981159408
2019-10-08 15:00:00,5.0699484,trend_down,0.9254264981159408
2019-10-09 10:30:00,5.086356,trend_down,0.8226829336580879
2019-10-09 11:30:00,5.0699484,trend_down,0.9735686106763175
2019-10-09 14:00:00,5.086356,trend_down,0.9212211388208612
2019-10-09 15:00:00,5.1027636,trend_down,0.8952284811874971
2019-10-10 10:30:00,5.127375,trend_down,0.8596638413505254
2019-10-10 11:30:00,5.1027636,trend_down,0.7124680888866436
2019-10-10 14:00:00,5.1191712,trend_down,0.6518016609119309
2019-10-10 15:00:00,5.127375,trend_down,0.5995452105459698
2019-10-11 10:30:00,5.0945598,trend_down,0.6463336002171052
2019-10-11 11:30:00,5.168394,range,0.8034067673847938
2019-10-11 14:00:00,5.1930054,range,0.6472884511743875
2019-10-11 15:00:00,5.1765978,range,0.7535994836059334
2019-10-14 10:30:00,5.3160624,breakout_up,0.5829860898991573
2019-10-14 11:30:00,5.2832472,trend_up,0.8528484063173296
2019-10-14 14:00:00,5.2750434,trend_up,0.9025533180197977
2019-10-14 15:00:00,5.2668396,trend_up,0.9005271499839334
2019-10-15 10:30:00,5.2422282,trend_up,0.8581487862286942
2019-10-15 11:30:00,5.2422282,trend_up,0.8722053219439818
2019-10-15 14:00:00,5.2422282,trend_up,0.8722053219439818
2019-10-15 15:00:00,5.2176168,trend_up,0.9450935403116844
2019-10-16 10:30:00,5.250432,trend_up,0.9487246146283509
2019-10-16 11:30:00,5.2258206,trend_up,0.9558414499823895
2019-10-16 14:00:00,5.209413,trend_up,0.808111438353901
2019-10-16 15:00:00,5.2012092,trend_up,0.9096603708933312
2019-10-17 10:30:00,5.1930054,trend_down,0.8156601237330515
2019-10-17 11:30:00,5.209413,range,0.4998880512009192
2019-10-17 14:00:00,5.1848016,trend_down,0.8156601237330515
2019-10-17 15:00:00,5.1848016,range,0.6356567985997432
2019-10-18 10:30:00,5.209413,trend_down,0.5824918233590364
2019-10-18 11:30:00,5.1191712,trend_down,0.8375576247161503
2019-10-18 14:00:00,5.0945598,trend_down,0.9468542648081081
2019-10-18 15:00:00,5.0781522,trend_down,0.8353571071692284
2019-10-21 10:30:00,5.086356,trend_down,0.7805250234756919
2019-10-21 11:30:00,5.1027636,trend_down,0.8835923464260621
2019-10-21 14:00:00,5.0781522,trend_down,0.9652070575927774
2019-10-21 15:00:00,5.1109674,trend_down,0.9652070575927774
2019-10-22 10:30:00,5.0945598,trend_down,0.9652070575927774
2019-10-22 11:30:00,5.0699484,trend_down,0.966073424863376
2019-10-22 14:00:00,5.0617446,trend_down,0.88625147446568
2019-10-22 15:00:00,5.1027636,trend_down,0.9652070575927774
2019-10-23 10:30:00,5.0699484,trend_down,0.9652070575927774
2019-10-23 11:30:00,5.086356,trend_down,0.8835923464260621
2019-10-23 14:00:00,5.0699484,trend_down,0.8835923464260621
2019-10-23 15:00:00,5.0617446,trend_down,0.8835923464260621
2019-10-24 10:30:00,5.1027636,trend_down,0.47857153795217305
2019-10-24 11:30:00,5.0699484,trend_down,0.8515062925947642
2019-10-24 14:00:00,5.086356,range,0.6606895095186037
2019-10-24 15:00:00,5.0945598,range,0.6900963490162731
2019-10-25 10:30:00,5.0699484,range,0.5233487015796652
2019-10-25 11:30:00,5.127375,range,0.7976161822689268
2019-10-25 14:00:00,5.1191712,range,0.9091523182718814
2019-10-25 15:00:00,5.1355788,range,0.8881710623963003
2019-10-28 10:30:00,5.127375,range,0.7809057648076925
2019-10-28 11:30:00,5.2012092,range,0.46034280339655637
2019-10-28 14:00:00,5.168394,range,0.49518799825224424
2019-10-28 15:00:00,5.1930054,range,0.4987464144289901
2019-10-29 10:30:00,5.1765978,trend_up,0.791011945543973
2019-10-29 11:30:00,5.168394,trend_up,0.7547601062651265
2019-10-29 14:00:00,5.1437826,trend_up,0.8164731192348211
2019-10-29 15:00:00,5.1109674,range,0.43720636478307423
2019-10-30 10:30:00,5.1355788,range,0.5744299068230354
2019-10-30 11:30:00,5.1601902,range,0.6384837358914196
2019-10-30 14:00:00,5.1601902,range,0.7687647182774826
2019-10-30 15:00:00,5.127375,range,0.8862011044689261
2019-10-31 10:30:00,5.1765978,range,0.6849825743510449
2019-10-31 11:30:00,5.1765978,range,0.7826346264475538
2019-10-31 14:00:00,5.1765978,range,0.8095349036905007
2019-10-31 15:00:00,5.168394,range,0.7826346264475538
2019-11-01 10:30:00,5.1930054,range,0.516177559255072
2019-11-01 11:30:00,5.2176168,range,0.516177559255072
2019-11-01 14:00:00,5.2258206,trend_up,0.5330421831421172
2019-11-01 15:00:00,5.209413,trend_up,0.5022776346676564
2019-11-04 10:30:00,5.2012092,trend_up,0.5422999572385219
2019-11-04 11:30:00,5.2176168,trend_up,0.5262297554970035
2019-11-04 14:00:00,5.1848016,trend_up,0.562760449523541
2019-11-04 15:00:00,5.168394,range,0.6440708278961718
2019-11-05 10:30:00,5.2258206,trend_up,0.5064099405952334
2019-11-05 11:30:00,5.2750434,trend_up,0.7487028855071993
2019-11-05 14:00:00,5.2586358,trend_up,0.8525171527028197
2019-11-05 15:00:00,5.2422282,trend_up,0.6573542631442072
2019-11-06 10:30:00,5.2258206,trend_up,0.6785402064872875
2019-11-06 11:30:00,5.1601902,range,0.7100399516877395
2019-11-06 14:00:00,5.1519864,range,0.6427911771304253
2019-11-06 15:00:00,5.086356,trend_down,0.40165284326409245
2019-11-07 10:30:00,5.1519864,trend_down,0.5399094434744496
2019-11-07 11:30:00,5.1191712,trend_down,0.812621349618431
2019-11-07 14:00:00,5.127375,trend_down,0.9705853704545222
2019-11-07 15:00:00,5.127375,trend_down,0.7822106959010607
2019-11-08 10:30:00,5.1765978,trend_down,0.7321433425985422
2019-11-08 11:30:00,5.209413,trend_down,0.48857625313101755
2019-11-08 14:00:00,5.1765978,trend_down,0.7321433425985422
2019-11-08 15:00:00,5.127375,trend_down,0.9079162633781166
2019-11-11 10:30:00,5.1027636,trend_down,0.7174726011309656
2019-11-11 11:30:00,5.0781522,trend_down,0.7700400436625
2019-11-11 14:00:00,5.0781522,trend_down,0.8135595274273851
2019-11-11 15:00:00,5.0207256,trend_down,0.9238422072145235
2019-11-12 10:30:00,5.004318,trend_down,0.8863644856693637
2019-11-12 11:30:00,4.9715028,trend_down,0.5253364874270217
2019-11-12 14:00:00,4.9879104,trend_down,0.9696978493388541
2019-11-12 15:00:00,4.9879104,trend_down,0.8989257226588602
2019-11-13 10:30:00,4.9386876,trend_down,0.8231946377914303
2019-11-13 11:30:00,4.9304838,trend_down,0.8989257226588602
2019-11-13 14:00:00,4.92228,trend_down,0.8989257226588602
2019-11-13 15:00:00,4.9304838,trend_down,0.8989257226588602
2019-11-14 10:30:00,4.9140762,trend_down,0.968840342841616
2019-11-14 11:30:00,4.92228,trend_down,0.8958711337427966
2019-11-14 14:00:00,4.9386876,trend_down,0.9679511336517824
2019-11-14 15:00:00,4.92228,trend_down,0.9679511336517824
2019-11-15 10:30:00,4.881261,trend_down,0.9252994599362988
2019-11-15 11:30:00,4.9140762,trend_down,0.9679511336517824
2019-11-15 14:00:00,4.9058724,trend_down,0.8927407182097999
2019-11-15 15:00:00,4.8566496,trend_down,0.9252994599362988
2019-11-18 10:30:00,4.8894648,trend_down,0.967029182099857
2019-11-18 11:30:00,4.92228,trend_down,0.9557253993927181
2019-11-18 14:00:00,4.9140762,trend_down,0.855628419547505
2019-11-18 15:00:00,4.9140762,trend_down,0.855628419547505
2019-11-19 10:30:00,4.9304838,trend_down,0.8106573326538037
2019-11-19 11:30:00,4.92228,trend_down,0.5946728142793603
2019-11-19 14:00:00,4.92228,trend_down,0.5898751691437624
2019-11-19 15:00:00,4.9550952,trend_down,0.5039668211840818
2019-11-20 10:30:00,4.9386876,range,0.6900963490162731
2019-11-20 11:30:00,4.92228,range,0.5035202058056177
2019-11-20 14:00:00,4.8976686,range,0.5035202058056177
2019-11-20 15:00:00,4.881261,trend_down,0.5545577042650239
2019-11-21 10:30:00,4.8976686,trend_down,0.6981159566911366
2019-11-21 11:30:00,4.8894648,trend_down,0.5838886751055224
2019-11-21 14:00:00,4.881261,trend_down,0.5838886751055224
2019-11-21 15:00:00,4.8976686,trend_down,0.7075252337545701
2019-11-22 10:30:00,4.92228,range,0.5294037623753223
2019-11-22 11:30:00,4.8730572,trend_down,0.6412619597296555
2019-11-22 14:00:00,4.8648534,trend_down,0.5239737120696346
2019-11-22 15:00:00,4.881261,trend_down,0.5239737120696346
2019-11-25 10:30:00,4.8976686,range,0.7482809570184261
2019-11-25 11:30:00,4.8648534,trend_down,0.6573104566453738
2019-11-25 14:00:00,4.881261,trend_down,0.6573104566453738
2019-11-25 15:00:00,4.8894648,range,0.6440097607953776
2019-11-26 10:30:00,4.8894648,range,0.6440097607953776
2019-11-26 11:30:00,4.8730572,trend_down,0.5210372069591409
2019-11-26 14:00:00,4.8730572,trend_down,0.5956707526178575
2019-11-26 15:00:00,4.8894648,range,0.6031083875428548
2019-11-27 10:30:00,4.8894648,range,0.7980726928403753
2019-11-27 11:30:00,4.8976686,range,0.8947105530629855
2019-11-27 14:00:00,4.881261,range,0.7839144015868764
2019-11-27 15:00:00,4.8730572,range,0.516177559255072
2019-11-28 10:30:00,4.8730572,range,0.7826346264475538
2019-11-28 11:30:00,4.8894648,range,0.9068654402922653
2019-11-28 14:00:00,4.8894648,range,0.9068654402922653
2019-11-28 15:00:00,4.881261,range,0.8095349036905007
2019-11-29 10:30:00,4.9140762,range,0.794173851647344
2019-11-29 11:30:00,4.9140762,range,0.9088724338911096
2019-11-29 14:00:00,4.9058724,range,0.9087239378754662
2019-11-29 15:00:00,4.9058724,range,0.8939982410047287
2019-12-02 10:30:00,4.963299,range,0.4380414169591712
2019-12-02 11:30:00,4.9304838,range,0.4910342603249249
2019-12-02 14:00:00,4.9058724,range,0.4910342603249249
2019-12-02 15:00:00,4.9304838,trend_up,0.7757646083214381
2019-12-03 10:30:00,4.8894648,reversal,0.45101763990060156
2019-12-03 11:30:00,4.8976686,range,0.6049488934198607
2019-12-03 14:00:00,4.8894648,range,0.7935268396477095
2019-12-03 15:00:00,4.9140762,range,0.8537784559146615
2019-12-04 10:30:00,4.8894648,trend_down,0.532727735048976
2019-12-04 11:30:00,4.8730572,trend_down,0.6519587470986764
2019-12-04 14:00:00,4.8730572,trend_down,0.5175517101619567
2019-12-04 15:00:00,4.8894648,trend_down,0.7010959321612099
2019-12-05 10:30:00,4.9386876,range,0.6384837358914196
2019-12-05 11:30:00,4.92228,range,0.795484194260536
2019-12-05 14:00:00,4.9304838,range,0.795484194260536
2019-12-05 15:00:00,4.9550952,trend_up,0.5059697794206977
2019-12-06 10:30:00,4.9468914,trend_up,0.9221638918828787
2019-12-06 11:30:00,4.9468914,trend_up,0.7478098839523799
2019-12-06 14:00:00,4.9468914,trend_up,0.7428243732053119
2019-12-06 15:00:00,4.9715028,trend_up,0.9053335040930582
2019-12-09 10:30:00,4.9797066,trend_up,0.9491690617288101
2019-12-09 11:30:00,4.9797066,trend_up,0.8989257226588602
2019-12-09 14:00:00,4.9797066,trend_up,0.8989257226588602
2019-12-09 15:00:00,4.9879104,trend_up,0.9696978493388541
2019-12-10 10:30:00,4.9715028,trend_up,0.9696978493388541
2019-12-10 11:30:00,4.9468914,trend_up,0.9666699543776186
2019-12-10 14:00:00,4.9715028,trend_up,0.952555408724359
2019-12-10 15:00:00,4.9797066,trend_up,0.952555408724359
2019-12-11 10:30:00,4.963299,trend_up,0.900980090619673
2019-12-11 11:30:00,5.0125218,trend_up,0.8273627485107009
2019-12-11 14:00:00,4.9961142,trend_up,0.9705246689210671
2019-12-11 15:00:00,5.004318,trend_up,0.9533532414337434
2019-12-12 10:30:00,4.9961142,trend_up,0.9569306208080132
2019-12-12 11:30:00,4.9961142,trend_up,0.9019048519618212
2019-12-12 14:00:00,4.9797066,trend_up,0.6684341537707239
2019-12-12 15:00:00,4.9879104,trend_up,0.7274146089053374
2019-12-13 10:30:00,5.0535408,trend_up,0.8309334660473521
2019-12-13 11:30:00,5.0699484,trend_up,0.8385540002081114
2019-12-13 14:00:00,5.1765978,breakout_up,0.4452658905757582
2019-12-13 15:00:00,5.168394,trend_up,0.7991902473970328
2019-12-16 10:30:00,5.1519864,trend_up,0.9074700472430703
2019-12-16 11:30:00,5.168394,trend_up,0.9679556215260039
2019-12-16 14:00:00,5.2340244,trend_up,0.7779103232958292
2019-12-16 15:00:00,5.2340244,trend_up,0.938106489634533
2019-12-17 10:30:00,5.373489,breakout_up,0.47683102472388567
2019-12-17 11:30:00,5.7590676,breakout_up,0.4452658905757582
2019-12-17 14:00:00,5.7590676,trend_up,0.8608443373251631
2019-12-17 15:00:00,5.7590676,trend_up,0.8883657240708963
2019-12-18 10:30:00,6.1364424,breakout_up,0.47683102472388567
2019-12-18 11:30:00,6.0462006,trend_up,0.9074700472430703
2019-12-18 14:00:00,6.1774614,trend_up,0.9074700472430703
2019-12-18 15:00:00,6.1200348,trend_up,0.9679556215260039
2019-12-19 10:30:00,5.865717,trend_up,0.9074700472430703
2019-12-19 11:30:00,5.9313474,trend_up,0.9679556215260039
2019-12-19 14:00:00,5.8903284,trend_up,0.9679556215260039
2019-12-19 15:00:00,5.8903284,trend_up,0.967029182099857
2019-12-20 10:30:00,5.9149398,trend_up,0.9365728327825781
2019-12-20 11:30:00,6.1446462,trend_up,0.9314258120147536
2019-12-20 14:00:00,6.0544044,trend_up,0.967029182099857
2019-12-20 15:00:00,5.9231436,trend_up,0.9557253993927181
2019-12-23 10:30:00,5.8903284,trend_up,0.9557253993927181
2019-12-23 11:30:00,5.9641626,trend_up,0.9661863672976857
2019-12-23 14:00:00,5.8985322,trend_up,0.8920597894315797
2019-12-23 15:00:00,5.7344562,trend_up,0.8156601237330515
2019-12-24 10:30:00,5.7672714,trend_down,0.6491959135829651
2019-12-24 11:30:00,5.74266,trend_down,0.8156601237330515
2019-12-24 14:00:00,5.7590676,trend_up,0.6554353925269597
2019-12-24 15:00:00,5.7918828,trend_down,0.648246343667833
2019-12-25 10:30:00,5.74266,trend_down,0.7865737659217185
2019-12-25 11:30:00,5.7262524,trend_down,0.648246343667833
2019-12-25 14:00:00,5.783679,trend_down,0.4639852444248265
2019-12-25 15:00:00,5.8082904,trend_up,0.6491959135829651
2019-12-26 10:30:00,5.8411056,trend_up,0.6491959135829651
2019-12-26 11:30:00,5.8739208,trend_up,0.9332347807542475
2019-12-26 14:00:00,5.8329018,trend_up,0.8375576247161503
2019-12-26 15:00:00,6.0544044,trend_up,0.8144270115893723
2019-12-27 10:30:00,5.9969778,trend_up,0.8612978915360555
2019-12-27 11:30:00,6.0133854,trend_up,0.9075479579203247
2019-12-27 14:00:00,5.865717,trend_up,0.9423709533776204
2019-12-27 15:00:00,5.74266,trend_down,0.8156601237330515
2019-12-30 10:30:00,5.8082904,reversal,0.6191690191516286
2019-12-30 11:30:00,5.988774,trend_up,0.7999342837378464
2019-12-30 14:00:00,6.0379968,trend_up,0.9487784068619115
2019-12-30 15:00:00,5.9641626,trend_up,0.7806749976032626
2019-12-31 10:30:00,5.988774,trend_up,0.8768205175429769
2019-12-31 11:30:00,6.0051816,trend_up,0.861881937676793
2019-12-31 14:00:00,6.0133854,trend_up,0.6738534638853216
2019-12-31 15:00:00,5.988774,trend_up,0.5934129159037295
2020-01-02 10:30:00,6.0954234,trend_up,0.7064453560795783
2020-01-02 11:30:00,6.029793,trend_up,0.5668873503186098
2020-01-02 14:00:00,6.0462006,trend_up,0.5668873503186098
2020-01-02 15:00:00,5.9641626,range,0.7800781715539653
2020-01-03 10:30:00,6.0790158,trend_up,0.6573542631442072
2020-01-03 11:30:00,5.9969778,range,0.7419692446177366
2020-01-03 14:00:00,6.029793,trend_up,0.5209065123849376
2020-01-03 15:00:00,6.0051816,trend_up,0.7224773335313012
2020-01-06 10:30:00,6.1692576,trend_up,0.809787476279255
2020-01-06 11:30:00,6.234888,trend_up,0.9071920553044953
2020-01-06 14:00:00,6.1856652,trend_up,0.9098009843105702
2020-01-06 15:00:00,6.1446462,trend_up,0.9289377514701382
2020-01-07 10:30:00,6.111831,trend_up,0.9108298511038888
2020-01-07 11:30:00,6.1036272,trend_up,0.9013151139342803
2020-01-07 14:00:00,6.1200348,trend_up,0.7674418169778482
2020-01-07 15:00:00,6.1692576,trend_up,0.9236042312450827
2020-01-08 10:30:00,5.988774,range,0.5521940070910742
2020-01-08 11:30:00,5.9969778,trend_up,0.7224773335313012
2020-01-08 14:00:00,5.8821246,trend_down,0.7224773335313012
2020-01-08 15:00:00,5.8903284,trend_down,0.6682431340454679
2020-01-09 10:30:00,6.2512956,trend_up,0.5077862867245584
2020-01-09 11:30:00,6.1692576,trend_up,0.9079162633781166
2020-01-09 14:00:00,6.193869,trend_up,0.8116685291489101
2020-01-09 15:00:00,6.1856652,trend_up,0.8116685291489101
2020-01-10 10:30:00,6.1364424,trend_up,0.9142201593963152
2020-01-10 11:30:00,6.0544044,trend_up,0.6794429596005211
2020-01-10 14:00:00,6.0626082,range,0.5376925074681689
2020-01-10 15:00:00,6.0133854,range,0.5376925074681689
2020-01-13 10:30:00,5.9231436,trend_down,0.6851951747712559
2020-01-13 11:30:00,5.9641626,trend_down,0.775078054677678
2020-01-13 14:00:00,5.9805702,trend_down,0.6734659194306095
2020-01-13 15:00:00,6.1856652,trend_up,0.4867538997757239
2020-01-14 10:30:00,6.111831,trend_up,0.7700400436625
2020-01-14 11:30:00,6.0626082,trend_up,0.6735886903367564
2020-01-14 14:00:00,6.0790158,trend_up,0.7120327792700281
2020-01-14 15:00:00,6.0462006,range,0.5521940070910742
2020-01-15 10:30:00,6.0626082,range,0.47633243362523947
2020-01-15 11:30:00,6.0133854,range,0.47633243362523947
2020-01-15 14:00:00,6.0544044,range,0.47633243362523947
2020-01-15 15:00:00,6.0462006,trend_down,0.6545920166124131
2020-01-16 10:30:00,5.9969778,trend_down,0.648246343667833
2020-01-16 11:30:00,5.9805702,trend_down,0.648246343667833
2020-01-16 14:00:00,5.9969778,trend_down,0.648246343667833
2020-01-16 15:00:00,5.947755,trend_down,0.8493096640531225
2020-01-17 10:30:00,6.029793,trend_down,0.8549653353372122
2020-01-17 11:30:00,5.9723664,trend_down,0.8460384384782231
2020-01-17 14:00:00,5.9641626,range,0.5882663822619455
2020-01-17 15:00:00,5.9395512,trend_down,0.5182498481931086
2020-01-20 10:30:00,5.947755,trend_down,0.5182498481931086
2020-01-20 11:30:00,5.9723664,trend_down,0.5783064637189992
2020-01-20 14:00:00,6.0051816,range,0.9075020440909478
2020-01-20 15:00:00,6.0379968,range,0.6679497269299622
2020-01-21 10:30:00,5.988774,range,0.7863367821971079
2020-01-21 11:30:00,5.9805702,range,0.810331639320977
2020-01-21 14:00:00,5.9395512,range,0.8953960049953154
2020-01-21 15:00:00,5.9313474,range,0.8098109958314111
2020-01-22 10:30:00,5.8903284,range,0.5788842403780124
2020-01-22 11:30:00,5.9313474,range,0.6289806507036746
2020-01-22 14:00:00,5.9805702,range,0.8939982410047287
2020-01-22 15:00:00,5.988774,range,0.7826346264475538
2020-01-23 10:30:00,5.947755,range,0.7826346264475538
2020-01-23 11:30:00,5.9313474,range,0.7813070530221972
2020-01-23 14:00:00,5.7262524,trend_down,0.6403020011378171
2020-01-23 15:00:00,5.7180486,trend_down,0.8477645816050058
2020-02-03 10:30:00,5.1437826,breakout_down,0.46656795700881015
2020-02-03 11:30:00,5.1437826,trend_down,0.8708584308813446
2020-02-03 14:00:00,5.1437826,trend_down,0.8870571817206062
2020-02-03 15:00:00,5.1437826,trend_down,0.9119887865116667
2020-02-04 10:30:00,5.0617446,breakout_down,0.47574677951898986
2020-02-04 11:30:00,5.004318,trend_down,0.9705246689210671
2020-02-04 14:00:00,5.0699484,trend_down,0.9705246689210671
2020-02-04 15:00:00,5.0535408,trend_down,0.9742323281814625
2020-02-05 10:30:00,5.2176168,trend_down,0.938106489634533
2020-02-05 11:30:00,5.209413,trend_down,0.9705246689210671
2020-02-05 14:00:00,5.1191712,trend_down,0.9696978493388541
2020-02-05 15:00:00,5.1437826,trend_down,0.8958711337427966
2020-02-06 10:30:00,5.1437826,trend_down,0.9680422957267861
2020-02-06 11:30:00,5.2340244,trend_down,0.9569493631443057
2020-02-06 14:00:00,5.3160624,trend_down,0.9569493631443057
2020-02-06 15:00:00,5.291451,trend_down,0.9569493631443057
2020-02-07 10:30:00,5.3242662,trend_down,0.9177303842893451
2020-02-07 11:30:00,5.2668396,trend_down,0.9423709533776204
2020-02-07 14:00:00,5.3078586,trend_down,0.8375576247161503
2020-02-07 15:00:00,5.33247,trend_down,0.5824918233590364
2020-02-10 10:30:00,5.3652852,trend_up,0.5739474073462888
2020-02-10 11:30:00,5.3242662,trend_up,0.6073029387372603
2020-02-10 14:00:00,5.4063042,trend_up,0.5784702925237408
2020-02-10 15:00:00,5.4309156,range,0.5278516112988646
2020-02-11 10:30:00,5.4391194,trend_up,0.5715714501298917
2020-02-11 11:30:00,5.3981004,trend_up,0.5784702925237408
2020-02-11 14:00:00,5.414508,range,0.4963827801658542
2020-02-11 15:00:00,5.3652852,range,0.4963827801658542
2020-02-12 10:30:00,5.5457688,trend_up,0.7249164009497114
2020-02-12 11:30:00,5.5129536,trend_up,0.7757646083214381
2020-02-12 14:00:00,5.8985322,trend_up,0.5945804423040643
2020-02-12 15:00:00,5.8985322,trend_up,0.9095309364386871
2020-02-13 10:30:00,5.7590676,trend_up,0.7387241672517241
2020-02-13 11:30:00,5.7262524,trend_up,0.9558414499823895
2020-02-13 14:00:00,5.7180486,trend_up,0.9098701378212136
2020-02-13 15:00:00,5.7180486,trend_up,0.9558414499823895
2020-02-14 10:30:00,5.7754752,trend_up,0.9558414499823895
2020-02-14 11:30:00,5.9805702,trend_up,0.938106489634533
2020-02-14 14:00:00,5.824698,trend_up,0.9705246689210671
2020-02-14 15:00:00,5.824698,trend_up,0.927690188616068
2020-02-17 10:30:00,5.8493094,trend_up,0.938106489634533
2020-02-17 11:30:00,5.8821246,trend_up,0.9254264981159408
2020-02-17 14:00:00,6.029793,trend_up,0.968840342841616
2020-02-17 15:00:00,6.029793,trend_up,0.7966730071888287
2020-02-18 10:30:00,5.9395512,trend_up,0.8927407182097999
2020-02-18 11:30:00,5.9313474,trend_up,0.8927407182097999
2020-02-18 14:00:00,5.9231436,trend_up,0.8927407182097999
2020-02-18 15:00:00,5.9559588,trend_up,0.8927407182097999
2020-02-19 10:30:00,6.0626082,trend_up,0.9322810957908073
2020-02-19 11:30:00,6.0626082,trend_up,0.9310376619313472
2020-02-19 14:00:00,6.0051816,trend_up,0.9679511336517824
2020-02-19 15:00:00,5.9641626,trend_up,0.8596638413505254
2020-02-20 10:30:00,6.0544044,trend_up,0.9661863672976857
2020-02-20 11:30:00,6.193869,trend_up,0.9666251089342732
2020-02-20 14:00:00,6.3743526,breakout_up,0.46218918195948067
2020-02-20 15:00:00,6.56304,trend_up,0.47171885530460705
2020-02-21 10:30:00,6.6532818,trend_up,0.6008592647342703
2020-02-21 11:30:00,7.137306,breakout_up,0.49294818700759757
2020-02-21 14:00:00,6.9075996,trend_up,0.5195010918436814
2020-02-21 15:00:00,6.7845426,trend_up,0.9679556215260039
2020-02-24 10:30:00,6.9404148,trend_up,0.9074700472430703
2020-02-24 11:30:00,7.1126946,trend_up,0.9679556215260039
2020-02-24 14:00:00,7.0060452,trend_up,0.9679556215260039
2020-02-24 15:00:00,7.0470642,trend_up,0.9626327006777528
2020-02-25 10:30:00,6.9978414,trend_up,0.938106489634533
2020-02-25 11:30:00,6.809154,trend_up,0.9680422957267861
2020-02-25 14:00:00,7.0716756,trend_up,0.968840342841616
2020-02-25 15:00:00,7.014249,trend_up,0.968840342841616
2020-02-26 10:30:00,6.8255616,trend_up,0.9581306173140381
2020-02-26 11:30:00,6.8665806,trend_up,0.9653094962875512
2020-02-26 14:00:00,6.7517274,trend_up,0.9653094962875512
2020-02-26 15:00:00,6.6368742,trend_down,0.9423709533776204
2020-02-27 10:30:00,6.7845426,trend_up,0.8156601237330515
2020-02-27 11:30:00,6.850173,trend_up,0.8754655967026245
2020-02-27 14:00:00,6.7517274,trend_up,0.6554353925269597
2020-02-27 15:00:00,6.7435236,range,0.4463221082749991
2020-02-28 10:30:00,6.4563906,trend_down,0.4639852444248265
2020-02-28 11:30:00,6.4645944,trend_down,0.4639852444248265
2020-02-28 14:00:00,6.4645944,range,0.4894973456229394
2020-02-28 15:00:00,6.316926,trend_down,0.45639312986655606
2020-03-02 10:30:00,6.5712438,trend_down,0.8037830379511186
2020-03-02 11:30:00,6.8583768,range,0.4645701428517306
2020-03-02 14:00:00,6.9486186,trend_up,0.8912103162014117
2020-03-02 15:00:00,6.891192,trend_up,0.5720665698542748
2020-03-03 10:30:00,6.9978414,trend_up,0.8187449596986969
2020-03-03 11:30:00,6.850173,trend_up,0.7524824829551136
2020-03-03 14:00:00,6.8009502,trend_up,0.5808672690341824
2020-03-03 15:00:00,6.8419692,trend_up,0.5547125544476372
2020-03-04 10:30:00,7.0388604,trend_up,0.7346578540352959
2020-03-04 11:30:00,6.9650262,trend_up,0.7126798518325818
2020-03-04 14:00:00,6.9650262,trend_up,0.6981159566911366
2020-03-04 15:00:00,7.4818656,trend_up,0.8499605516562848
2020-03-05 10:30:00,7.342401,trend_up,0.938106489634533
2020-03-05 11:30:00,7.6787568,trend_up,0.5353414024884853
2020-03-05 14:00:00,7.752591,trend_up,0.504032890722713
2020-03-05 15:00:00,7.5146808,trend_up,0.9742323281814625
2020-03-06 10:30:00,7.2685668,trend_up,0.9365728327825781
2020-03-06 11:30:00,7.2439554,trend_up,0.9671310851438669
2020-03-06 14:00:00,7.219344,trend_up,0.8902144987503774
2020-03-06 15:00:00,7.1619174,trend_up,0.8952284811874971
2020-03-09 10:30:00,7.2685668,trend_up,0.9735686106763175
2020-03-09 11:30:00,7.0798794,trend_down,0.6073029387372603
2020-03-09 14:00:00,7.2357516,trend_up,0.8156601237330515
2020-03-09 15:00:00,7.1701212,trend_down,0.6073029387372603
2020-03-10 10:30:00,7.178325,range,0.4463221082749991
2020-03-10 11:30:00,7.4982732,trend_up,0.6554353925269597
2020-03-10 14:00:00,7.4818656,trend_up,0.8964466843873214
2020-03-10 15:00:00,7.5721074,trend_up,0.5591100434898039
2020-03-11 10:30:00,7.4818656,trend_up,0.551160654911573
2020-03-11 11:30:00,7.4900694,trend_up,0.757483659280673
2020-03-11 14:00:00,7.4408466,trend_up,0.7585322054351483
2020-03-11 15:00:00,7.3259934,trend_up,0.7570383629962445
2020-03-12 10:30:00,7.1865288,range,0.455445798709778
2020-03-12 11:30:00,7.2275478,range,0.8766633165993692
2020-03-12 14:00:00,7.137306,range,0.8072668076257075
2020-03-12 15:00:00,7.137306,range,0.8076301088394207
2020-03-13 10:30:00,6.850173,breakout_down,0.33482230655124945
2020-03-13 11:30:00,6.727116,trend_down,0.842675196427748
2020-03-13 14:00:00,6.9896376,trend_down,0.808111438353901
2020-03-13 15:00:00,7.0224528,trend_down,0.5783064637189993
2020-03-16 10:30:00,6.8337654,trend_down,0.8959112403874824
2020-03-16 11:30:00,6.8009502,trend_down,0.8375576247161503
2020-03-16 14:00:00,6.5056134,trend_down,0.932723525730623
2020-03-16 15:00:00,6.316926,trend_down,0.5742554104154445
2020-03-17 10:30:00,6.1774614,trend_down,0.5293985367695945
2020-03-17 11:30:00,6.4645944,trend_down,0.9679511336517824
2020-03-17 14:00:00,6.3415374,trend_down,0.9742323281814625
2020-03-17 15:00:00,6.3661488,trend_down,0.8927407182097999
2020-03-18 10:30:00,6.3415374,trend_down,0.8927407182097999
2020-03-18 11:30:00,6.4481868,trend_down,0.9206961464705191
2020-03-18 14:00:00,6.2594994,trend_down,0.9742323281814625
2020-03-18 15:00:00,6.070812,trend_down,0.9742323281814625
2020-03-19 10:30:00,6.2102766,trend_down,0.9679511336517824
2020-03-19 11:30:00,6.2184804,trend_down,0.9679511336517824
2020-03-19 14:00:00,6.4153716,trend_down,0.9431821837555779
2020-03-19 15:00:00,6.4235754,trend_down,0.8596638413505254
2020-03-20 10:30:00,6.357945,trend_down,0.8902144987503774
2020-03-20 11:30:00,6.316926,trend_down,0.8927407182097999
2020-03-20 14:00:00,6.3743526,trend_down,0.9557253993927181
2020-03-20 15:00:00,6.439983,trend_down,0.8920597894315797
2020-03-23 10:30:00,6.3661488,trend_down,0.886942038506704
2020-03-23 11:30:00,6.439983,trend_down,0.6463336002171052
2020-03-23 14:00:00,6.3661488,trend_down,0.7075252337545701
2020-03-23 15:00:00,6.234888,trend_down,0.7467088075887622
2020-03-24 10:30:00,6.5548362,range,0.5337937449726453
2020-03-24 11:30:00,6.481002,range,0.8881710623963003
2020-03-24 14:00:00,6.5056134,range,0.8881710623963003
2020-03-24 15:00:00,6.6696894,range,0.4701744239248355
2020-03-25 10:30:00,6.6778932,trend_up,0.6471674165598903
2020-03-25 11:30:00,6.6532818,trend_up,0.6956124261749731
2020-03-25 14:00:00,6.7517274,trend_up,0.8754655967026245
2020-03-25 15:00:00,6.7107084,trend_up,0.7547601062651265
2020-03-26 10:30:00,6.6614856,range,0.5578470874888187
2020-03-26 11:30:00,6.6122628,range,0.5525671821101094
2020-03-26 14:00:00,6.5548362,range,0.8862011044689261
2020-03-26 15:00:00,6.5548362,range,0.9070860827310898
2020-03-27 10:30:00,6.6204666,range,0.8064962037434751
2020-03-27 11:30:00,6.7927464,range,0.6767270180912871
2020-03-27 14:00:00,6.686097,range,0.6763089245300044
2020-03-27 15:00:00,6.5958552,range,0.8559391462599245
2020-03-30 10:30:00,6.4481868,range,0.5442741467079024
2020-03-30 11:30:00,6.4153716,trend_down,0.5016488489938569
2020-03-30 14:00:00,6.5138172,range,0.5180600844809882
2020-03-30 15:00:00,6.4563906,trend_down,0.5349396711305818
2020-03-31 10:30:00,6.56304,range,0.6767270180912871
2020-03-31 11:30:00,6.4727982,range,0.5198817745810702
2020-03-31 14:00:00,6.439983,trend_down,0.5331812904942944
2020-03-31 15:00:00,6.3333336,trend_down,0.5534757380526303
2020-04-01 10:30:00,6.357945,range,0.5179186491818901
2020-04-01 11:30:00,6.3661488,trend_down,0.5055433521750154
2020-04-01 14:00:00,6.2430918,trend_down,0.5385236232492221
2020-04-01 15:00:00,6.15285,trend_down,0.8454240985707783
2020-04-02 10:30:00,6.1774614,trend_down,0.9569087689327896
2020-04-02 11:30:00,6.2266842,trend_down,0.9661863672976857
2020-04-02 14:00:00,6.2266842,trend_down,0.886942038506704
2020-04-02 15:00:00,6.3661488,trend_down,0.9250018769839693
2020-04-03 10:30:00,6.2923146,trend_down,0.886942038506704
2020-04-03 11:30:00,6.234888,trend_down,0.9487246146283509
2020-04-03 14:00:00,6.2184804,trend_down,0.6578067227736748
2020-04-03 15:00:00,6.193869,trend_down,0.8364706572086146
2020-04-07 10:30:00,6.275907,trend_down,0.7768352100011643
2020-04-07 11:30:00,6.316926,trend_down,0.5367166107313713
2020-04-07 14:00:00,6.3415374,range,0.836379350546799
2020-04-07 15:00:00,6.3415374,trend_up,0.4348970672860595
2020-04-08 10:30:00,6.2677032,range,0.6340762323724056
2020-04-08 11:30:00,6.2430918,trend_down,0.49916722069826164
2020-04-08 14:00:00,6.2677032,range,0.7960741648574148
2020-04-08 15:00:00,6.2512956,range,0.6476432824118017
2020-04-09 10:30:00,6.4974096,range,0.7035069938718933
2020-04-09 11:30:00,6.4481868,range,0.7874824008533569
2020-04-09 14:00:00,6.439983,range,0.9091523182718814
2020-04-09 15:00:00,6.3907602,range,0.9091523182718814
2020-04-10 10:30:00,6.3415374,range,0.7829051940719706
2020-04-10 11:30:00,6.2841108,range,0.8960555700076558
2020-04-10 14:00:00,6.2266842,range,0.6635394563209284
2020-04-10 15:00:00,6.2020728,trend_down,0.5010189048170285
2020-04-13 10:30:00,6.2020728,trend_down,0.5395489541498575
2020-04-13 11:30:00,6.1610538,trend_down,0.5055433521750154
2020-04-13 14:00:00,6.1282386,trend_down,0.5616673865229777
2020-04-13 15:00:00,6.15285,trend_down,0.5061675142375545
2020-04-14 10:30:00,6.2020728,trend_down,0.5061675142375545
2020-04-14 11:30:00,6.2184804,range,0.5586478735761402
2020-04-14 14:00:00,6.2512956,trend_down,0.6044901311552546
2020-04-14 15:00:00,6.316926,range,0.7295709662527802
2020-04-15 10:30:00,6.2184804,range,0.7172378895645664
2020-04-15 11:30:00,6.2184804,trend_down,0.6444135550300908
2020-04-15 14:00:00,6.2184804,trend_down,0.5255368726491012
2020-04-15 15:00:00,6.15285,trend_down,0.7159611718510721
2020-04-16 10:30:00,6.2020728,trend_down,0.5585329125631213
2020-04-16 11:30:00,6.1364424,trend_down,0.6261284597162167
2020-04-16 14:00:00,6.1610538,trend_down,0.6221920849792
2020-04-16 15:00:00,6.1364424,trend_down,0.6221920849792
2020-04-17 10:30:00,6.193869,range,0.5260256456459346
2020-04-17 11:30:00,6.1692576,range,0.5260256456459346
2020-04-17 14:00:00,6.193869,range,0.7992461104283038
2020-04-17 15:00:00,6.1364424,range,0.5260256456459346
2020-04-20 10:30:00,6.1610538,trend_down,0.5369144893070597
2020-04-20 11:30:00,6.15285,range,0.5537895366448894
2020-04-20 14:00:00,6.1610538,range,0.5543668809139047
2020-04-20 15:00:00,6.1610538,range,0.5604425702404716
2020-04-21 10:30:00,5.9559588,trend_down,0.4577993466430794
2020-04-21 11:30:00,5.8903284,trend_down,0.8285342894760335
2020-04-21 14:00:00,5.8985322,trend_down,0.49175954600186494
2020-04-21 15:00:00,5.9313474,trend_down,0.8747281281567539
2020-04-22 10:30:00,5.8821246,trend_down,0.9310376619313472
2020-04-22 11:30:00,5.8493094,trend_down,0.7646930085095981
2020-04-22 14:00:00,5.906736,trend_down,0.967029182099857
2020-04-22 15:00:00,5.9149398,trend_down,0.7169948963330696
2020-04-23 10:30:00,5.865717,trend_down,0.967029182099857
2020-04-23 11:30:00,5.8575132,trend_down,0.9182273385573261
2020-04-23 14:00:00,5.8821246,trend_down,0.9182273385573261
2020-04-23 15:00:00,5.8411056,trend_down,0.9182273385573261
2020-04-24 10:30:00,5.824698,trend_down,0.8264601616968841
2020-04-24 11:30:00,5.824698,trend_down,0.9742323281814625
2020-04-24 14:00:00,5.7508638,trend_down,0.5407135016471885
2020-04-24 15:00:00,5.7262524,trend_down,0.5384873087544113
2020-04-27 10:30:00,5.783679,trend_down,0.967029182099857
2020-04-27 11:30:00,5.7590676,trend_down,0.8895342149017359
2020-04-27 14:00:00,5.7508638,trend_down,0.8895342149017359
2020-04-27 15:00:00,5.7098448,trend_down,0.8533842709695522
2020-04-28 10:30:00,5.7754752,trend_down,0.8216770192964161
2020-04-28 11:30:00,5.865717,trend_down,0.5824918233590364
2020-04-28 14:00:00,5.8493094,trend_down,0.5824918233590364
2020-04-28 15:00:00,5.8164942,trend_down,0.5754827443311201
2020-04-29 10:30:00,5.824698,range,0.5799617300945734
2020-04-29 11:30:00,5.7754752,trend_down,0.6307169833089916
2020-04-29 14:00:00,5.7590676,trend_down,0.5800803947794174
2020-04-29 15:00:00,5.7508638,trend_down,0.5553693520790846
2020-04-30 10:30:00,5.8903284,trend_up,0.4575409025288313
2020-04-30 11:30:00,5.947755,range,0.6498108345124656
2020-04-30 14:00:00,5.947755,range,0.7722451375612671
2020-04-30 15:00:00,5.947755,range,0.4998880512009192
2020-05-06 10:30:00,5.8575132,reversal,0.5326470624383202
2020-05-06 11:30:00,5.8985322,range,0.455445798709778
2020-05-06 14:00:00,5.9313474,range,0.7587811733891004
2020-05-06 15:00:00,5.988774,range,0.455445798709778
2020-05-07 10:30:00,6.0133854,range,0.602533493181723
2020-05-07 11:30:00,6.0462006,trend_up,0.7040978686100972
2020-05-07 14:00:00,5.9805702,trend_up,0.7040978686100972
2020-05-07 15:00:00,5.9641626,trend_up,0.7040978686100972
2020-05-08 10:30:00,6.0051816,trend_up,0.7040978686100972
2020-05-08 11:30:00,6.193869,breakout_up,0.4764239788371595
2020-05-08 14:00:00,6.1446462,breakout_up,0.47854180268871205
2020-05-08 15:00:00,6.1446462,trend_up,0.9005271499839334
2020-05-11 10:30:00,6.111831,trend_up,0.9558414499823895
2020-05-11 11:30:00,6.1200348,trend_up,0.9742323281814625
2020-05-11 14:00:00,6.0790158,trend_up,0.8924256327184921
2020-05-11 15:00:00,6.1036272,trend_up,0.9206961464705191
2020-05-12 10:30:00,6.111831,trend_up,0.9742323281814625
2020-05-12 11:30:00,5.9969778,trend_down,0.8156601237330515
2020-05-12 14:00:00,6.0544044,trend_down,0.8156601237330515
2020-05-12 15:00:00,6.070812,trend_up,0.641881695646907
2020-05-13 10:30:00,6.0051816,trend_down,0.641881695646907
2020-05-13 11:30:00,6.0133854,trend_down,0.641881695646907
2020-05-13 14:00:00,6.0379968,range,0.5731823569743637
2020-05-13 15:00:00,6.0462006,range,0.7521371808182002
2020-05-14 10:30:00,6.0051816,range,0.7521371808182002
2020-05-14 11:30:00,6.0133854,range,0.5882663822619455
2020-05-14 14:00:00,5.9805702,range,0.7521371808182002
2020-05-14 15:00:00,5.9559588,range,0.5882663822619455
2020-05-15 10:30:00,5.9723664,trend_down,0.9384338008120603
2020-05-15 11:30:00,6.0051816,trend_down,0.5079855202092495
2020-05-15 14:00:00,5.9805702,trend_down,0.5000303864163241
2020-05-15 15:00:00,5.9641626,trend_down,0.5065582907550579
2020-05-18 10:30:00,5.8985322,trend_down,0.5720765775005304
2020-05-18 11:30:00,5.9313474,trend_down,0.5172241142358186
2020-05-18 14:00:00,5.9231436,trend_down,0.5223710006302904
2020-05-18 15:00:00,5.8575132,trend_down,0.618329329741333
2020-05-19 10:30:00,5.9149398,trend_down,0.6601022639809804
2020-05-19 11:30:00,5.8821246,trend_down,0.618329329741333
2020-05-19 14:00:00,5.8821246,trend_down,0.5223710006302904
2020-05-19 15:00:00,5.8985322,trend_down,0.5223710006302904
2020-05-20 10:30:00,5.8739208,trend_down,0.8537198224700129
2020-05-20 11:30:00,5.8903284,trend_down,0.8540433404472647
2020-05-20 14:00:00,5.8739208,trend_down,0.7124680888866436
2020-05-20 15:00:00,5.8493094,trend_down,0.7124680888866436
2020-05-21 10:30:00,5.8575132,trend_down,0.7124680888866436
2020-05-21 11:30:00,5.8493094,trend_down,0.5593734999415976
2020-05-21 14:00:00,5.8164942,trend_down,0.6931259865653578
2020-05-21 15:00:00,5.7672714,trend_down,0.6512932984250939
2020-05-22 10:30:00,5.74266,trend_down,0.6512932984250939
2020-05-22 11:30:00,5.74266,trend_down,0.6512932984250939
2020-05-22 14:00:00,5.7098448,trend_down,0.5390484451925946
2020-05-22 15:00:00,5.6031954,trend_down,0.4850766622556711
2020-05-25 10:30:00,5.6031954,trend_down,0.5407135016471885
2020-05-25 11:30:00,5.6113992,trend_down,0.9206961464705191
2020-05-25 14:00:00,5.5621764,trend_down,0.8264601616968841
2020-05-25 15:00:00,5.5867878,trend_down,0.968840342841616
2020-05-26 10:30:00,5.6442144,trend_down,0.968840342841616
2020-05-26 11:30:00,5.6688258,trend_down,0.9212211388208612
2020-05-26 14:00:00,5.6770296,trend_down,0.863612138995893
2020-05-26 15:00:00,5.7098448,trend_down,0.863612138995893
2020-05-27 10:30:00,5.6770296,trend_down,0.9569493631443057
2020-05-27 11:30:00,5.6688258,trend_down,0.9204558658492991
2020-05-27 14:00:00,5.660622,trend_down,0.9029645626213624
2020-05-27 15:00:00,5.6442144,trend_down,0.8778388329315164
2020-05-28 10:30:00,5.7918828,trend_up,0.7299086901103473
2020-05-28 11:30:00,5.7344562,trend_up,0.8976590831882497
2020-05-28 14:00:00,5.7098448,trend_up,0.8959112403874824
2020-05-28 15:00:00,5.8411056,trend_up,0.737823825568231
2020-05-29 10:30:00,5.8164942,trend_up,0.9423709533776204
2020-05-29 11:30:00,5.8000866,trend_up,0.8993481562721959
2020-05-29 14:00:00,5.8164942,trend_up,0.8452061671728198
2020-05-29 15:00:00,5.824698,trend_up,0.8705313301600581
2020-06-01 10:30:00,6.0133854,trend_up,0.5945804423040643
2020-06-01 11:30:00,6.070812,trend_up,0.8528484063173296
2020-06-01 14:00:00,6.1446462,trend_up,0.7431059212739862
2020-06-01 15:00:00,6.0954234,trend_up,0.9569306208080132
2020-06-02 10:30:00,6.070812,trend_up,0.938106489634533
2020-06-02 11:30:00,6.0379968,trend_up,0.9742323281814625
2020-06-02 14:00:00,6.070812,trend_up,0.9230955164120815
2020-06-02 15:00:00,6.0462006,trend_up,0.968840342841616
2020-06-03 10:30:00,6.029793,trend_up,0.968840342841616
2020-06-03 11:30:00,6.0215892,trend_up,0.9230955164120815
2020-06-03 14:00:00,6.0133854,trend_up,0.9230955164120815
2020-06-03 15:00:00,5.8985322,trend_down,0.7310250647575071
2020-06-04 10:30:00,5.9231436,trend_down,0.8993481562721959
2020-06-04 11:30:00,5.906736,trend_down,0.9355279931890701
2020-06-04 14:00:00,5.8739208,trend_down,0.8452061671728198
2020-06-04 15:00:00,5.8821246,trend_down,0.8452061671728198
2020-06-05 10:30:00,5.8821246,trend_down,0.9096603708933312
2020-06-05 11:30:00,5.8329018,trend_down,0.9423709533776204
2020-06-05 14:00:00,5.865717,trend_down,0.8724350267186767
2020-06-05 15:00:00,5.9313474,reversal,0.6191690191516286
2020-06-08 10:30:00,5.8821246,trend_down,0.790893365222354
2020-06-08 11:30:00,5.8821246,trend_down,0.5824918233590364
2020-06-08 14:00:00,5.8329018,trend_down,0.5824918233590364
2020-06-08 15:00:00,5.8493094,range,0.5067820346763223
2020-06-09 10:30:00,5.8575132,trend_down,0.7896842717487778
2020-06-09 11:30:00,5.906736,range,0.5542730275260896
2020-06-09 14:00:00,5.8821246,range,0.6412288529727601
2020-06-09 15:00:00,5.8739208,range,0.7874824008533569
2020-06-10 10:30:00,5.8000866,trend_down,0.6074300957818275
2020-06-10 11:30:00,5.783679,trend_down,0.5222735168249278
2020-06-10 14:00:00,5.7918828,trend_down,0.538858316387197
2020-06-10 15:00:00,5.783679,trend_down,0.5240190104749266
2020-06-11 10:30:00,5.7918828,trend_down,0.5403174766940462
2020-06-11 11:30:00,5.8575132,range,0.7839144015868764
2020-06-11 14:00:00,5.7918828,range,0.5180600844809882
2020-06-11 15:00:00,5.783679,range,0.5077243257208134
2020-06-12 10:30:00,5.7098448,range,0.4695191504526937
2020-06-12 11:30:00,5.7344562,trend_down,0.6519587470986764
2020-06-12 14:00:00,5.7672714,trend_down,0.7224166514371863
2020-06-12 15:00:00,5.7344562,trend_down,0.7224166514371863
2020-06-15 10:30:00,5.8329018,range,0.6849825743510449
2020-06-15 11:30:00,5.8082904,range,0.8939982410047287
2020-06-15 14:00:00,5.74266,range,0.7826346264475538
2020-06-15 15:00:00,5.6770296,trend_down,0.7126098734898108
2020-06-16 10:30:00,5.74266,trend_down,0.6519587470986764
2020-06-16 11:30:00,5.7262524,trend_down,0.536754946592297
2020-06-16 14:00:00,5.7508638,trend_down,0.5013131707599661
2020-06-16 15:00:00,5.783679,range,0.9087239378754662
2020-06-17 10:30:00,5.6934372,range,0.478853735896158
2020-06-17 11:30:00,5.6852334,trend_down,0.5027302696050886
2020-06-17 14:00:00,5.6688258,range,0.5068112843596163
2020-06-17 15:00:00,5.701641,range,0.5142326823164493
2020-06-18 10:30:00,5.3816928,breakout_down,0.48512049459319745
2020-06-18 11:30:00,5.4637308,trend_down,0.7991902473970328
2020-06-18 14:00:00,5.3898966,trend_down,0.9569306208080132
2020-06-18 15:00:00,5.3570814,trend_down,0.8229286847696428
2020-06-19 10:30:00,5.2996548,trend_down,0.8003153026697971
2020-06-19 11:30:00,5.3406738,trend_down,0.9742323281814625
2020-06-19 14:00:00,5.3981004,trend_down,0.9742323281814625
2020-06-19 15:00:00,5.4719346,trend_down,0.9365728327825781
2020-06-22 10:30:00,5.6770296,trend_up,0.6433232816460183
2020-06-22 11:30:00,5.6524182,trend_up,0.9423709533776204
2020-06-22 14:00:00,5.5949916,trend_down,0.8156601237330515
2020-06-22 15:00:00,5.578584,trend_down,0.8156601237330515
2020-06-23 10:30:00,5.5621764,trend_up,0.6073029387372603
2020-06-23 11:30:00,5.6031954,trend_up,0.6073029387372603
2020-06-23 14:00:00,5.6031954,range,0.6805761434856741
2020-06-23 15:00:00,5.6360106,range,0.6805761434856741
2020-06-24 10:30:00,5.5867878,trend_up,0.4702253666007526
2020-06-24 11:30:00,5.5867878,trend_up,0.648246343667833
2020-06-24 14:00:00,5.578584,trend_down,0.808111438353901
2020-06-24 15:00:00,5.5867878,range,0.8034067673847938
2020-06-29 10:30:00,5.4227118,trend_down,0.5824918233590364
2020-06-29 11:30:00,5.3898966,trend_down,0.8639326827781951
2020-06-29 14:00:00,5.3652852,trend_down,0.6826739095759736
2020-06-29 15:00:00,5.3406738,trend_down,0.9025533180197977
2020-06-30 10:30:00,5.4801384,trend_down,0.9557253993927181
2020-06-30 11:30:00,5.4801384,trend_down,0.8888063780690166
2020-06-30 14:00:00,5.5949916,trend_up,0.5645989289760663
2020-06-30 15:00:00,5.6031954,trend_up,0.7876930355509575
2020-07-01 10:30:00,5.5539726,range,0.5542730275260896
2020-07-01 11:30:00,5.6688258,reversal,0.4294407346396299
2020-07-01 14:00:00,5.6113992,trend_up,0.7551989029526169
2020-07-01 15:00:00,5.6770296,trend_up,0.932025720133591
2020-07-02 10:30:00,5.6852334,trend_up,0.8105915465586094
2020-07-02 11:30:00,6.029793,trend_up,0.5812890593453363
2020-07-02 14:00:00,6.0133854,trend_up,0.8268928487385393
2020-07-02 15:00:00,6.2430918,trend_up,0.4636947344470649
2020-07-03 10:30:00,6.4235754,breakout_up,0.4452658905757582
2020-07-03 11:30:00,6.3087222,trend_up,0.9679556215260039
2020-07-03 14:00:00,6.522021,trend_up,0.8219387378340791
2020-07-03 15:00:00,6.6696894,trend_up,0.7779103232958292
2020-07-06 10:30:00,6.9354766,trend_up,0.47675406878691773
2020-07-06 11:30:00,7.17634944,trend_up,0.5387744558789236
2020-07-06 14:00:00,7.1015958,trend_up,0.5387744558789236
2020-07-06 15:00:00,7.20126732,trend_up,0.9679556215260039
2020-07-07 10:30:00,6.91055872,trend_up,0.9074700472430703
2020-07-07 11:30:00,7.02684216,trend_up,0.9617548446648646
2020-07-07 14:00:00,6.9354766,trend_up,0.9679511336517824
2020-07-07 15:00:00,6.90225276,trend_up,0.9679511336517824
2020-07-08 10:30:00,7.04345408,trend_up,0.9322810957908073
2020-07-08 11:30:00,7.1846554,trend_up,0.9252994599362988
2020-07-08 14:00:00,7.29263288,trend_up,0.9252994599362988
2020-07-08 15:00:00,7.37569248,trend_up,0.9252994599362988
2020-07-09 10:30:00,7.36738652,trend_up,0.4832842696407707
2020-07-09 11:30:00,7.61656532,trend_up,0.967029182099857
2020-07-09 14:00:00,7.58334148,trend_up,0.5387730654631989
2020-07-09 15:00:00,7.57503552,trend_up,0.9679511336517824
2020-07-10 10:30:00,7.37569248,trend_up,0.9679511336517824
2020-07-10 11:30:00,7.46705804,trend_up,0.9671310851438669
2020-07-10 14:00:00,7.45875208,trend_up,0.9187684356464907
2020-07-10 15:00:00,7.32585672,trend_up,0.9653094962875512
2020-07-13 10:30:00,7.45875208,trend_up,0.9671310851438669
2020-07-13 11:30:00,7.5168938,trend_up,0.9187684356464907
2020-07-13 14:00:00,7.5168938,trend_up,0.9206961464705191
2020-07-13 15:00:00,7.48366996,trend_up,0.9162450753751263
2020-07-14 10:30:00,7.81590836,trend_up,0.6280895024558242
2020-07-14 11:30:00,7.7245428,trend_up,0.9671310851438669
2020-07-14 14:00:00,7.52519976,trend_up,0.9569493631443057
2020-07-14 15:00:00,7.5999534,trend_up,0.9671310851438669
2020-07-15 10:30:00,7.21787924,trend_up,0.5529036999713479
2020-07-15 11:30:00,7.1846554,trend_down,0.8452061671728198
2020-07-15 14:00:00,7.3507746,trend_up,0.7999342837378464
2020-07-15 15:00:00,7.12651368,trend_up,0.6676344334317177
2020-07-16 10:30:00,7.21787924,trend_down,0.8840769116367145
2020-07-16 11:30:00,7.16804348,trend_down,0.8614997794086688
2020-07-16 14:00:00,7.11820772,trend_down,0.8614997794086688
2020-07-16 15:00:00,6.77766336,trend_down,0.8614997794086688
2020-07-17 10:30:00,6.73613356,trend_down,0.824715997557153
2020-07-17 11:30:00,6.53679052,trend_down,0.8882120017704905
2020-07-17 14:00:00,6.52848456,trend_down,0.8111184004675462
2020-07-17 15:00:00,6.55340244,trend_down,0.8594906003022483
2020-07-20 10:30:00,6.75274548,trend_down,0.7902094389769325
2020-07-20 11:30:00,6.98531236,trend_down,0.9096603708933312
2020-07-20 14:00:00,6.8939468,trend_down,0.8320224970205874
2020-07-20 15:00:00,7.00192428,trend_down,0.43205384327491203
2020-07-21 10:30:00,6.95208852,range,0.4918742735548611
2020-07-21 11:30:00,6.90225276,range,0.7826849826654572
2020-07-21 14:00:00,6.8939468,range,0.7826849826654572
2020-07-21 15:00:00,6.86902892,range,0.6059263082798054
2020-07-22 10:30:00,7.07667792,trend_up,0.6167259434089779
2020-07-22 11:30:00,7.05176004,trend_up,0.5415660544584266
2020-07-22 14:00:00,6.96039448,range,0.7446388367843573
2020-07-22 15:00:00,6.88564084,range,0.7669299850682175
2020-07-23 10:30:00,6.77766336,range,0.6241366913594073
2020-07-23 11:30:00,6.76105144,range,0.6299592696573502
2020-07-23 14:00:00,6.88564084,range,0.5731823569743637
2020-07-23 15:00:00,6.92717064,range,0.7722451375612671
2020-07-24 10:30:00,6.79427528,range,0.6356567985997432
2020-07-24 11:30:00,6.66137992,trend_down,0.5783064637189992
2020-07-24 14:00:00,6.52848456,trend_down,0.6901246879786478
2020-07-24 15:00:00,6.4786488,trend_down,0.6986415934094408
2020-07-27 10:30:00,6.38728324,trend_down,0.8358085929549446
2020-07-27 11:30:00,6.37897728,trend_down,0.8859197621083211
2020-07-27 14:00:00,6.48695476,trend_down,0.9526653257474966
2020-07-27 15:00:00,6.45373092,trend_down,0.886942038506704
2020-07-28 10:30:00,6.52848456,trend_down,0.9105308622735405
2020-07-28 11:30:00,6.45373092,trend_down,0.9735686106763175
2020-07-28 14:00:00,6.47034284,trend_down,0.9162450753751263
2020-07-28 15:00:00,6.46203688,trend_down,0.9162450753751263
2020-07-29 10:30:00,6.6862978,trend_up,0.5529036999713479
2020-07-29 11:30:00,6.58662628,trend_up,0.790893365222354
2020-07-29 14:00:00,6.61985012,trend_up,0.5824918233590364
2020-07-29 15:00:00,6.644768,trend_up,0.7604757499852173
2020-07-30 10:30:00,6.62815608,trend_up,0.5111506662096559
2020-07-30 11:30:00,6.6032382,range,0.7722451375612671
2020-07-30 14:00:00,6.62815608,range,0.8072668076257075
2020-07-30 15:00:00,6.55340244,range,0.810331639320977
2020-07-31 10:30:00,6.75274548,range,0.7071601563822434
2020-07-31 11:30:00,6.6862978,range,0.7839144015868764
2020-07-31 14:00:00,6.66137992,range,0.8098109958314111
2020-07-31 15:00:00,6.71952164,range,0.7839144015868764
2020-08-03 10:30:00,7.07667792,trend_up,0.5256026693431192
2020-08-03 11:30:00,7.20126732,trend_up,0.8528484063173296
2020-08-03 14:00:00,7.15973752,trend_up,0.9569306208080132
2020-08-03 15:00:00,7.3923044,trend_up,0.8273627485107009
2020-08-04 10:30:00,7.15973752,trend_up,0.938106489634533
2020-08-04 11:30:00,7.20957328,trend_up,0.9742323281814625
2020-08-04 14:00:00,7.30093884,trend_up,0.8264601616968841
2020-08-04 15:00:00,7.27602096,trend_up,0.8264601616968841
2020-08-05 10:30:00,7.30093884,trend_up,0.938106489634533
2020-08-05 11:30:00,7.59164744,trend_up,0.5293985367695945
2020-08-05 14:00:00,7.45044612,trend_up,0.9742323281814625
2020-08-05 15:00:00,7.52519976,trend_up,0.9742323281814625
2020-08-06 10:30:00,7.31755076,trend_up,0.9735686106763175
2020-08-06 11:30:00,7.30093884,trend_up,0.9697684139280737
2020-08-06 14:00:00,7.2261852,trend_up,0.9603701744438654
2020-08-06 15:00:00,7.5584236,trend_up,0.6520540232133426
2020-08-07 10:30:00,7.060066,trend_up,0.545632599966392
2020-08-07 11:30:00,7.00192428,trend_down,0.7970122181324113
2020-08-07 14:00:00,7.03514812,trend_down,0.7970122181324113
2020-08-07 15:00:00,7.06837196,trend_up,0.7970122181324113
2020-08-10 10:30:00,7.00192428,trend_down,0.900980090619673
2020-08-10 11:30:00,7.11820772,trend_down,0.855581000415728
2020-08-10 14:00:00,7.12651368,trend_down,0.6609137486792392
2020-08-10 15:00:00,7.07667792,trend_down,0.855581000415728
2020-08-11 10:30:00,7.05176004,trend_down,0.8524900881344755
2020-08-11 11:30:00,7.0185362,trend_down,0.648246343667833
2020-08-11 14:00:00,7.06837196,trend_down,0.641881695646907
2020-08-11 15:00:00,6.81919316,trend_down,0.8455619703373614
2020-08-12 10:30:00,6.76105144,trend_down,0.8487143361534752
2020-08-12 11:30:00,6.69460376,trend_down,0.8989569418665566
2020-08-12 14:00:00,6.70290972,trend_down,0.8992812728295866
2020-08-12 15:00:00,6.78596932,trend_down,0.8812855876076623
2020-08-13 10:30:00,6.79427528,trend_down,0.5356352519973492
2020-08-13 11:30:00,6.76105144,trend_down,0.707697177671514
2020-08-13 14:00:00,6.88564084,trend_down,0.8012175061479045
2020-08-13 15:00:00,6.80258124,trend_down,0.5243183935254211
2020-08-14 10:30:00,6.8108872,trend_down,0.5243183935254211
2020-08-14 11:30:00,6.8108872,trend_down,0.5479601070525126
2020-08-14 14:00:00,6.86902892,range,0.6381327813644275
2020-08-14 15:00:00,6.94378256,range,0.7935268396477095
2020-08-17 10:30:00,7.13481964,range,0.7056467217477775
2020-08-17 11:30:00,7.24279712,trend_up,0.6239494654896343
2020-08-17 14:00:00,7.24279712,trend_up,0.7920041626206118
2020-08-17 15:00:00,7.20957328,trend_up,0.907635003707718
2020-08-18 10:30:00,7.6414832,trend_up,0.897989906797047
2020-08-18 11:30:00,7.6414832,trend_up,0.897989906797047
2020-08-18 14:00:00,7.54181168,trend_up,0.9742323281814625
2020-08-18 15:00:00,7.58334148,trend_up,0.9360297430545271
2020-08-19 10:30:00,7.3923044,trend_up,0.938106489634533
2020-08-19 11:30:00,7.56672956,trend_up,0.9742323281814625
2020-08-19 14:00:00,7.55011764,trend_up,0.9742323281814625
2020-08-19 15:00:00,7.40891632,trend_up,0.9735686106763175
2020-08-20 10:30:00,7.34246864,trend_up,0.9680422957267861
2020-08-20 11:30:00,7.31755076,trend_up,0.863612138995893
2020-08-20 14:00:00,7.3092448,trend_up,0.9581306173140381
2020-08-20 15:00:00,7.23449116,trend_up,0.8156601237330515
2020-08-21 10:30:00,7.5168938,trend_up,0.8152824523550809
2020-08-21 11:30:00,7.55011764,trend_up,0.9423709533776204
2020-08-21 14:00:00,7.45044612,trend_up,0.9423709533776204
2020-08-21 15:00:00,7.475364,trend_up,0.8036700552552861
2020-08-24 10:30:00,7.33416268,range,0.6241366913594073
2020-08-24 11:30:00,7.28432692,range,0.5592954350852848
2020-08-24 14:00:00,7.35908056,range,0.7472219107038316
2020-08-24 15:00:00,7.32585672,range,0.7497206378675046
2020-08-25 10:30:00,7.52519976,trend_up,0.5823844606452684
2020-08-25 11:30:00,7.50028188,range,0.4987464144289901
2020-08-25 14:00:00,7.41722228,range,0.7722451375612671
2020-08-25 15:00:00,7.37569248,range,0.7738946113840957
2020-08-26 10:30:00,7.54181168,trend_up,0.6307169833089916
2020-08-26 11:30:00,7.49197592,trend_up,0.5730927016032309
2020-08-26 14:00:00,7.5168938,trend_up,0.6412619597296555
2020-08-26 15:00:00,7.4338342,range,0.5662926162526309
2020-08-27 10:30:00,6.852417,trend_down,0.5421220280052813
2020-08-27 11:30:00,6.86902892,trend_down,0.9185084996151938
2020-08-27 14:00:00,6.852417,trend_down,0.7865737659217185
2020-08-27 15:00:00,6.79427528,trend_down,0.9185084996151938
2020-08-28 10:30:00,6.69460376,trend_down,0.9719927446022949
2020-08-28 11:30:00,6.75274548,trend_down,0.8958711337427966
2020-08-28 14:00:00,6.83580508,trend_down,0.9230955164120815
2020-08-28 15:00:00,6.96870044,trend_down,0.9680422957267861
2020-08-31 10:30:00,7.66640108,trend_up,0.8204744981771703
2020-08-31 11:30:00,7.63317724,trend_up,0.8061753562504116
2020-08-31 14:00:00,7.66640108,trend_up,0.9072718521831746
2020-08-31 15:00:00,7.475364,trend_up,0.9526892231117793
2020-09-01 10:30:00,7.5584236,trend_up,0.9365728327825781
2020-09-01 11:30:00,7.57503552,trend_up,0.9735686106763175
2020-09-01 14:00:00,7.54181168,trend_up,0.8934098402710774
2020-09-01 15:00:00,7.69131896,trend_up,0.9676266672416617
2020-09-02 10:30:00,7.49197592,trend_up,0.9676266672416617
2020-09-02 11:30:00,7.50858784,trend_up,0.9187684356464907
2020-09-02 14:00:00,7.54181168,trend_up,0.886942038506704
2020-09-02 15:00:00,7.55011764,trend_up,0.6601022639809804
2020-09-03 10:30:00,7.49197592,trend_up,0.8106573326538037
2020-09-03 11:30:00,7.42552824,range,0.6356567985997432
2020-09-03 14:00:00,7.40891632,range,0.6356567985997432
2020-09-03 15:00:00,7.35908056,range,0.6356567985997432
2020-09-04 10:30:00,7.3092448,range,0.5455324485346053
2020-09-04 11:30:00,7.25940904,trend_down,0.5126015124029761
2020-09-04 14:00:00,7.24279712,trend_down,0.5126015124029761
2020-09-04 15:00:00,7.25110308,range,0.6356599762255449
2020-09-07 10:30:00,7.08498388,trend_down,0.5812297646283645
2020-09-07 11:30:00,7.09328984,trend_down,0.6775356582527537
2020-09-07 14:00:00,7.01023024,trend_down,0.6775356582527537
2020-09-07 15:00:00,6.852417,trend_down,0.7389684426449548
2020-09-08 10:30:00,6.88564084,trend_down,0.9659655492834992
2020-09-08 11:30:00,6.8939468,trend_down,0.88625147446568
2020-09-08 14:00:00,7.0185362,trend_down,0.9652070575927774
2020-09-08 15:00:00,7.060066,trend_down,0.8515062925947642
2020-09-09 10:30:00,6.86902892,trend_down,0.9652070575927774
2020-09-09 11:30:00,6.92717064,trend_down,0.9656701498629056
2020-09-09 14:00:00,6.8939468,trend_down,0.88625147446568
2020-09-09 15:00:00,6.852417,trend_down,0.9156880955987667
2020-09-10 10:30:00,6.91886468,trend_down,0.966073424863376
2020-09-10 11:30:00,6.86902892,trend_down,0.9742323281814625
2020-09-10 14:00:00,6.87733488,trend_down,0.9738222142033667
2020-09-10 15:00:00,6.71952164,trend_down,0.9738222142033667
2020-09-11 10:30:00,6.70290972,trend_down,0.9578115151458179
2020-09-11 11:30:00,6.65307396,trend_down,0.9742323281814625
2020-09-11 14:00:00,6.71121568,trend_down,0.7226967175805254
2020-09-11 15:00:00,6.7278276,trend_down,0.7226967175805254
2020-09-14 10:30:00,6.75274548,trend_down,0.7226967175805254
2020-09-14 11:30:00,6.7278276,trend_down,0.7174331767668176
2020-09-14 14:00:00,6.71952164,trend_down,0.8934098402710774
2020-09-14 15:00:00,6.75274548,trend_down,0.7174331767668176
2020-09-15 10:30:00,6.71121568,trend_down,0.7174331767668176
2020-09-15 11:30:00,6.7278276,trend_down,0.7174331767668176
2020-09-15 14:00:00,6.69460376,trend_down,0.7174331767668176
2020-09-15 15:00:00,6.74443952,trend_down,0.6573104566453738
2020-09-16 10:30:00,6.76105144,trend_down,0.863612138995893
2020-09-16 11:30:00,6.74443952,trend_down,0.6573104566453738
2020-09-16 14:00:00,6.71952164,trend_down,0.7174331767668176
2020-09-16 15:00:00,6.71952164,trend_down,0.7226967175805254
2020-09-17 10:30:00,6.61154416,trend_down,0.7436233879813204
2020-09-17 11:30:00,6.54509648,trend_down,0.5941630668818751
2020-09-17 14:00:00,6.66137992,trend_down,0.861881937676793
2020-09-17 15:00:00,6.61985012,trend_down,0.8579993070247722
2020-09-18 10:30:00,6.65307396,trend_down,0.7674418169778481
2020-09-18 11:30:00,6.66968588,range,0.5049031794764315
2020-09-18 14:00:00,6.84411104,trend_up,0.5071335978923915
2020-09-18 15:00:00,6.98531236,breakout_up,0.41215414412935947
2020-09-21 10:30:00,7.23449116,breakout_up,0.5021561055244707
2020-09-21 11:30:00,7.28432692,trend_up,0.9177303842893451
2020-09-21 14:00:00,7.2261852,trend_up,0.9365728327825781
2020-09-21 15:00:00,7.16804348,trend_up,0.7949667203703941
2020-09-22 10:30:00,7.67470704,trend_up,0.5195010918436814
2020-09-22 11:30:00,7.88235604,trend_up,0.5195010918436814
2020-09-22 14:00:00,7.88235604,trend_up,0.9174585307035468
2020-09-22 15:00:00,7.74115472,trend_up,0.7991902473970328
2020-09-23 10:30:00,7.5584236,trend_up,0.6229716458371054
2020-09-23 11:30:00,7.49197592,trend_up,0.9742323281814625
2020-09-23 14:00:00,7.62487128,trend_up,0.9742323281814625
2020-09-23 15:00:00,7.45875208,trend_up,0.9735686106763175
2020-09-24 10:30:00,7.46705804,trend_up,0.9735686106763175
2020-09-24 11:30:00,7.45875208,trend_up,0.9042349703146398
2020-09-24 14:00:00,7.44214016,trend_up,0.9013151139342803
2020-09-24 15:00:00,7.35908056,trend_up,0.9653094962875512
2020-09-25 10:30:00,7.38399844,trend_up,0.9653094962875512
2020-09-25 11:30:00,7.24279712,trend_down,0.6073029387372603
2020-09-25 14:00:00,7.5999534,trend_up,0.834783115380119
2020-09-25 15:00:00,7.4338342,trend_down,0.6073029387372603
2020-09-28 10:30:00,7.36738652,trend_down,0.4702253666007526
2020-09-28 11:30:00,7.35908056,range,0.68742754267119
2020-09-28 14:00:00,7.37569248,range,0.68742754267119
2020-09-28 15:00:00,7.35908056,range,0.6941415031866094
2020-09-29 10:30:00,7.4338342,trend_up,0.7123691467602389
2020-09-29 11:30:00,7.45044612,range,0.7497206378675046
2020-09-29 14:00:00,7.44214016,range,0.8068890267785982
2020-09-29 15:00:00,7.40891632,range,0.9075020440909478
2020-09-30 10:30:00,7.3923044,range,0.788532315932384
2020-09-30 11:30:00,7.33416268,range,0.907698005859044
2020-09-30 14:00:00,7.25110308,range,0.8881710623963003
2020-09-30 15:00:00,7.28432692,range,0.8872046872473589
2020-10-09 10:30:00,7.23449116,range,0.7273820636921624
2020-10-09 11:30:00,7.28432692,range,0.6453051112718295
2020-10-09 14:00:00,7.27602096,range,0.6453051112718295
2020-10-09 15:00:00,7.3507746,range,0.9005066852388817
2020-10-12 10:30:00,7.61656532,trend_up,0.7458250809582583
2020-10-12 11:30:00,7.5999534,trend_up,0.6444135550300908
2020-10-12 14:00:00,7.57503552,trend_up,0.6490366243540849
2020-10-12 15:00:00,7.60825936,trend_up,0.7172619588291982
2020-10-13 10:30:00,7.3092448,trend_up,0.44634502277909194
2020-10-13 11:30:00,7.34246864,range,0.6720283126002974
2020-10-13 14:00:00,7.37569248,range,0.7669299850682175
2020-10-13 15:00:00,7.40061036,range,0.8851589731971736
2020-10-14 10:30:00,7.3092448,trend_down,0.5356352519973492
2020-10-14 11:30:00,7.3092448,range,0.5785881912725127
2020-10-14 14:00:00,7.3092448,range,0.5785881912725127
2020-10-14 15:00:00,7.267715,trend_down,0.5175517101619567
2020-10-15 10:30:00,7.29263288,trend_down,0.5972235963934063
2020-10-15 11:30:00,7.24279712,range,0.5785881912725127
2020-10-15 14:00:00,7.21787924,trend_down,0.6925943798714477
2020-10-15 15:00:00,7.060066,trend_down,0.797979168842993
2020-10-16 10:30:00,6.98531236,trend_down,0.7555797732263134
2020-10-16 11:30:00,6.99361832,trend_down,0.9661863672976857
2020-10-16 14:00:00,7.08498388,trend_down,0.9661863672976857
2020-10-16 15:00:00,7.08498388,trend_down,0.886942038506704
2020-10-19 10:30:00,7.31755076,reversal,0.6191690191516286
2020-10-19 11:30:00,7.25110308,trend_down,0.5693234864679636
2020-10-19 14:00:00,7.25940904,trend_up,0.5754827443311201
2020-10-19 15:00:00,7.1846554,trend_down,0.932025720133591
2020-10-20 10:30:00,7.06837196,trend_down,0.9567949741861582
2020-10-20 11:30:00,7.21787924,trend_up,0.7876930355509575
2020-10-20 14:00:00,7.1846554,trend_up,0.7876930355509575
2020-10-20 15:00:00,7.27602096,trend_up,0.5039668211840818
2020-10-21 10:30:00,7.16804348,trend_down,0.5039668211840818
2020-10-21 11:30:00,7.17634944,range,0.5543668809139047
2020-10-21 14:00:00,7.16804348,range,0.664060939026449
2020-10-21 15:00:00,7.19296136,range,0.8076301088394207
2020-10-22 10:30:00,7.23449116,range,0.7738946113840957
2020-10-22 11:30:00,7.17634944,range,0.8076301088394207
2020-10-22 14:00:00,7.21787924,range,0.8076301088394207
2020-10-22 15:00:00,7.27602096,range,0.7722451375612671
2020-10-23 10:30:00,7.20126732,range,0.810331639320977
2020-10-23 11:30:00,7.2261852,range,0.8072668076257075
2020-10-23 14:00:00,7.1846554,range,0.6635394563209284
2020-10-23 15:00:00,7.060066,range,0.5216441438981175
2020-10-26 10:30:00,6.88564084,trend_down,0.5120672176704079
2020-10-26 11:30:00,6.87733488,trend_down,0.635333649758702
2020-10-26 14:00:00,6.78596932,trend_down,0.8071904022140928
2020-10-26 15:00:00,6.8108872,trend_down,0.9179802441287964
2020-10-27 10:30:00,6.8108872,trend_down,0.9661863672976857
2020-10-27 11:30:00,6.77766336,trend_down,0.9679511336517824
2020-10-27 14:00:00,6.82749912,trend_down,0.8927407182097999
2020-10-27 15:00:00,6.80258124,trend_down,0.9206961464705191
2020-10-28 10:30:00,6.79427528,trend_down,0.9742323281814625
2020-10-28 11:30:00,6.84411104,trend_down,0.9206961464705191
2020-10-28 14:00:00,6.84411104,trend_down,0.9206961464705191
2020-10-28 15:00:00,6.852417,trend_down,0.9206961464705191
2020-10-29 10:30:00,6.76105144,trend_down,0.8264601616968841
2020-10-29 11:30:00,6.82749912,trend_down,0.9735686106763175
2020-10-29 14:00:00,6.87733488,trend_down,0.9653094962875512
2020-10-29 15:00:00,6.86902892,trend_down,0.9557253993927181
2020-10-30 10:30:00,6.80258124,trend_down,0.9661863672976857
2020-10-30 11:30:00,6.77766336,trend_down,0.8895342149017359
2020-10-30 14:00:00,6.71952164,trend_down,0.8400112954921015
2020-10-30 15:00:00,6.61154416,trend_down,0.5525669123803235
2020-11-02 10:30:00,6.63646204,trend_down,0.5998956942093435
2020-11-02 11:30:00,6.61154416,trend_down,0.6659364707332064
2020-11-02 14:00:00,6.57001436,trend_down,0.8996563904350625
2020-11-02 15:00:00,6.57832032,trend_down,0.9182273385573261
2020-11-03 10:30:00,6.73613356,trend_down,0.9297390133172877
2020-11-03 11:30:00,6.80258124,trend_down,0.5399094434744496
2020-11-03 14:00:00,6.79427528,trend_down,0.5754827443311201
2020-11-03 15:00:00,6.8108872,trend_down,0.5754827443311201
2020-11-04 10:30:00,6.74443952,trend_down,0.7876930355509575
2020-11-04 11:30:00,6.80258124,trend_down,0.7876930355509575
2020-11-04 14:00:00,6.79427528,range,0.4645701428517306
2020-11-04 15:00:00,6.76105144,range,0.4645701428517306
2020-11-05 10:30:00,6.852417,reversal,0.5934125670213152
2020-11-05 11:30:00,6.87733488,range,0.5455324485346053
2020-11-05 14:00:00,6.88564084,range,0.5455324485346053
2020-11-05 15:00:00,6.88564084,range,0.5455324485346053
2020-11-06 10:30:00,6.8939468,trend_up,0.7299086901103473
2020-11-06 11:30:00,6.82749912,trend_up,0.8976590831882497
2020-11-06 14:00:00,6.80258124,range,0.5367232051589758
2020-11-06 15:00:00,6.82749912,trend_up,0.5739474073462888
2020-11-09 10:30:00,6.8939468,reversal,0.6017897605048871
2020-11-09 11:30:00,7.03514812,trend_up,0.5366100519903155
2020-11-09 14:00:00,7.03514812,trend_up,0.9418612547060601
2020-11-09 15:00:00,7.01023024,trend_up,0.7124592383610923
2020-11-10 10:30:00,6.81919316,trend_up,0.6437301637719163
2020-11-10 11:30:00,6.86072296,range,0.795484194260536
2020-11-10 14:00:00,6.75274548,trend_down,0.7707603053954855
2020-11-10 15:00:00,6.76105144,trend_down,0.7707603053954855
2020-11-11 10:30:00,6.67799184,trend_down,0.9517279395223786
2020-11-11 11:30:00,6.71952164,trend_down,0.9072718521831746
2020-11-11 14:00:00,6.66968588,trend_down,0.9741497011086431
2020-11-11 15:00:00,6.66137992,trend_down,0.7269708128231741
2020-11-12 10:30:00,6.65307396,trend_down,0.7721263943894163
2020-11-12 11:30:00,6.71121568,trend_down,0.7723910181007572
2020-11-12 14:00:00,6.69460376,trend_down,0.5934129159037295
2020-11-12 15:00:00,6.69460376,trend_down,0.7224166514371863
2020-11-13 10:30:00,6.65307396,trend_down,0.7174331767668176
2020-11-13 11:30:00,6.66137992,trend_down,0.7174331767668176
2020-11-13 14:00:00,6.62815608,trend_down,0.7174331767668176
2020-11-13 15:00:00,6.67799184,trend_down,0.8934098402710774
2020-11-16 10:30:00,6.67799184,trend_down,0.8934098402710774
2020-11-16 11:30:00,6.73613356,range,0.5278516112988646
2020-11-16 14:00:00,6.71952164,range,0.6241366913594073
2020-11-16 15:00:00,6.7278276,range,0.7851479446904522
2020-11-17 10:30:00,6.67799184,range,0.72067736070684
2020-11-17 11:30:00,6.6862978,range,0.6813037943603433
2020-11-17 14:00:00,6.71952164,range,0.8335407204208519
2020-11-17 15:00:00,6.75274548,range,0.8953960049953154
2020-11-18 10:30:00,6.79427528,range,0.7725570048365904
2020-11-18 11:30:00,6.82749912,range,0.9090151530166732
2020-11-18 14:00:00,6.79427528,range,0.6675815409009122
2020-11-18 15:00:00,6.77766336,range,0.6629975606461551
2020-11-19 10:30:00,6.71121568,range,0.8881710623963003
2020-11-19 11:30:00,6.7278276,range,0.8960555700076558
2020-11-19 14:00:00,6.79427528,range,0.8953960049953154
2020-11-19 15:00:00,6.80258124,range,0.8953960049953154
2020-11-20 10:30:00,6.78596932,range,0.8953960049953154
2020-11-20 11:30:00,6.78596932,range,0.8953960049953154
2020-11-20 14:00:00,6.80258124,range,0.6324362144853908
2020-11-20 15:00:00,6.80258124,range,0.6675815409009122
2020-11-23 10:30:00,6.87733488,range,0.481413749214466
2020-11-23 11:30:00,6.88564084,trend_up,0.5119790026152701
2020-11-23 14:00:00,6.96870044,breakout_up,0.5164359895389079
2020-11-23 15:00:00,6.91055872,trend_up,0.9272834127062634
2020-11-24 10:30:00,6.86902892,trend_up,0.9452333998711213
2020-11-24 11:30:00,6.8939468,trend_up,0.7769491061590438
2020-11-24 14:00:00,6.852417,trend_up,0.7723910181007572
2020-11-24 15:00:00,6.82749912,range,0.49367613118705433
2020-11-25 10:30:00,6.83580508,range,0.6181897121652762
2020-11-25 11:30:00,6.81919316,range,0.6077386527835211
2020-11-25 14:00:00,6.7693574,trend_down,0.6615824891304735
2020-11-25 15:00:00,6.71121568,trend_down,0.8164731192348211
2020-11-26 10:30:00,6.69460376,trend_down,0.9091723009582408
2020-11-26 11:30:00,6.7278276,trend_down,0.9288321601726123
2020-11-26 14:00:00,6.71121568,trend_down,0.8199282075881936
2020-11-26 15:00:00,6.71121568,trend_down,0.8199282075881936
2020-11-27 10:30:00,6.71952164,trend_down,0.9735686106763175
2020-11-27 11:30:00,6.6862978,trend_down,0.8965282913525047
2020-11-27 14:00:00,6.70290972,trend_down,0.7276226055667202
2020-11-27 15:00:00,6.77766336,trend_down,0.532727735048976
2020-11-30 10:30:00,6.91886468,trend_up,0.44634502277909194
2020-11-30 11:30:00,6.9354766,trend_up,0.737823825568231
2020-11-30 14:00:00,6.84411104,trend_up,0.8156601237330515
2020-11-30 15:00:00,6.76105144,trend_up,0.6073029387372603
2020-12-01 10:30:00,6.78596932,trend_down,0.6073029387372603
2020-12-01 11:30:00,6.83580508,trend_up,0.8156601237330515
2020-12-01 14:00:00,6.852417,trend_up,0.9355279931890701
2020-12-01 15:00:00,6.92717064,trend_up,0.7487028855071993
2020-12-02 10:30:00,6.9354766,trend_up,0.6401706852213175
2020-12-02 11:30:00,6.98531236,trend_up,0.8346208184060658
2020-12-02 14:00:00,6.92717064,trend_up,0.9455628718023577
2020-12-02 15:00:00,6.95208852,trend_up,0.9472054170521309
2020-12-03 10:30:00,7.02684216,trend_up,0.897989906797047
2020-12-03 11:30:00,7.060066,trend_up,0.9742323281814625
2020-12-03 14:00:00,7.05176004,trend_up,0.8948389168459503
2020-12-03 15:00:00,7.06837196,trend_up,0.9742323281814625
2020-12-04 10:30:00,6.95208852,trend_up,0.9735686106763175
2020-12-04 11:30:00,6.91886468,trend_up,0.8560459848379303
2020-12-04 14:00:00,6.9770064,trend_up,0.9529657004947667
2020-12-04 15:00:00,6.96870044,trend_up,0.6794429596005211
2020-12-07 10:30:00,6.91886468,trend_up,0.8156601237330515
2020-12-07 11:30:00,6.86072296,trend_down,0.8156601237330515
2020-12-07 14:00:00,6.83580508,trend_down,0.6672066495870825
2020-12-07 15:00:00,6.80258124,trend_down,0.6672066495870825
2020-12-08 10:30:00,6.84411104,trend_down,0.9079162633781166
2020-12-08 11:30:00,6.82749912,trend_down,0.7650296528715809
2020-12-08 14:00:00,6.86072296,trend_down,0.769503398034262
2020-12-08 15:00:00,6.83580508,trend_down,0.9423709533776204
2020-12-09 10:30:00,6.86072296,trend_down,0.9423709533776204
2020-12-09 11:30:00,6.83580508,trend_down,0.6465933116478583
2020-12-09 14:00:00,6.71952164,trend_down,0.8429167736405846
2020-12-09 15:00:00,6.55340244,trend_down,0.6735750649012734
2020-12-10 10:30:00,6.58662628,trend_down,0.9410831301048292
2020-12-10 11:30:00,6.54509648,trend_down,0.8778388329315164
2020-12-10 14:00:00,6.54509648,trend_down,0.9182273385573261
2020-12-10 15:00:00,6.57832032,trend_down,0.9742323281814625
2020-12-11 10:30:00,6.55340244,trend_down,0.967029182099857
2020-12-11 11:30:00,6.5201786,trend_down,0.8212706281870592
2020-12-11 14:00:00,6.52848456,trend_down,0.967029182099857
2020-12-11 15:00:00,6.54509648,trend_down,0.967029182099857
2020-12-14 10:30:00,6.55340244,trend_down,0.967029182099857
2020-12-14 11:30:00,6.55340244,trend_down,0.9182273385573261
2020-12-14 14:00:00,6.51187264,trend_down,0.9182273385573261
2020-12-14 15:00:00,6.55340244,trend_down,0.9182273385573261
2020-12-15 10:30:00,6.5617084,trend_down,0.9162450753751263
2020-12-15 11:30:00,6.55340244,trend_down,0.9735686106763175
2020-12-15 14:00:00,6.5617084,trend_down,0.9162450753751263
2020-12-15 15:00:00,6.5617084,trend_down,0.9162450753751263
2020-12-16 10:30:00,6.51187264,trend_down,0.8226829336580879
2020-12-16 11:30:00,6.52848456,trend_down,0.886942038506704
2020-12-16 14:00:00,6.50356668,trend_down,0.7075252337545701
2020-12-16 15:00:00,6.45373092,trend_down,0.8161062313644247
2020-12-17 10:30:00,6.29591768,trend_down,0.49200707268621524
2020-12-17 11:30:00,6.51187264,trend_down,0.9365728327825781
2020-12-17 14:00:00,6.5201786,trend_down,0.9653094962875512
2020-12-17 15:00:00,6.58662628,trend_down,0.5529036999713479
2020-12-18 10:30:00,6.53679052,trend_down,0.8156601237330515
2020-12-18 11:30:00,6.52848456,trend_down,0.6491959135829651
2020-12-18 14:00:00,6.52848456,trend_down,0.790893365222354
2020-12-18 15:00:00,6.48695476,trend_down,0.8375576247161503
2020-12-21 10:30:00,6.52848456,trend_down,0.9332347807542475
2020-12-21 11:30:00,6.5201786,trend_down,0.9557253993927181
2020-12-21 14:00:00,6.49526072,trend_down,0.757483659280673
2020-12-21 15:00:00,6.51187264,trend_down,0.7516158153162651
2020-12-22 10:30:00,6.45373092,trend_down,0.9028419690136968
2020-12-22 11:30:00,6.437119,trend_down,0.7516158153162651
2020-12-22 14:00:00,6.32914152,trend_down,0.8172310226061863
2020-12-22 15:00:00,6.19624616,trend_down,0.504032890722713
2020-12-23 10:30:00,6.22947,trend_down,0.9569306208080132
2020-12-23 11:30:00,6.2709998,trend_down,0.5353414024884853
2020-12-23 14:00:00,6.21285808,trend_down,0.9742323281814625
2020-12-23 15:00:00,6.26269384,trend_down,0.8927407182097999
2020-12-24 10:30:00,6.26269384,trend_down,0.9679511336517824
2020-12-24 11:30:00,6.20455212,trend_down,0.9742323281814625
2020-12-24 14:00:00,6.08826868,trend_down,0.9719927446022949
2020-12-24 15:00:00,6.1048806,trend_down,0.9679511336517824
2020-12-25 10:30:00,6.11318656,trend_down,0.5390484451925946
2020-12-25 11:30:00,6.22116404,trend_down,0.9680422957267861
2020-12-25 14:00:00,6.26269384,trend_down,0.9581306173140381
2020-12-25 15:00:00,6.26269384,trend_down,0.863612138995893
2020-12-28 10:30:00,6.28761172,trend_down,0.7970122181324113
2020-12-28 11:30:00,6.30422364,trend_down,0.7970122181324113
2020-12-28 14:00:00,6.26269384,trend_down,0.5963623155074708
2020-12-28 15:00:00,6.27930576,trend_down,0.5963623155074708
2020-12-29 10:30:00,6.37897728,trend_up,0.7310250647575071
2020-12-29 11:30:00,6.42881304,trend_up,0.7282468649670701
2020-12-29 14:00:00,6.37897728,range,0.4281058360795582
2020-12-29 15:00:00,6.37067132,range,0.7428245249135514
2020-12-30 10:30:00,6.40389516,trend_up,0.9096603708933312
2020-12-30 11:30:00,6.437119,trend_up,0.8993481562721959
2020-12-30 14:00:00,6.38728324,trend_up,0.8993481562721959
2020-12-30 15:00:00,6.45373092,trend_up,0.8993481562721959
2020-12-31 10:30:00,6.66137992,trend_up,0.49393255959955096
2020-12-31 11:30:00,6.57832032,trend_up,0.9423709533776204
2020-12-31 14:00:00,6.62815608,trend_up,0.9423709533776204
2020-12-31 15:00:00,6.644768,trend_up,0.9558414499823895
2021-01-04 10:30:00,6.6862978,trend_up,0.8581487862286942
2021-01-04 11:30:00,6.852417,trend_up,0.6372585403282438
2021-01-04 14:00:00,6.82749912,trend_up,0.5407135016471885
2021-01-04 15:00:00,6.83580508,trend_up,0.9742323281814625
2021-01-05 10:30:00,6.77766336,trend_up,0.938106489634533
2021-01-05 11:30:00,6.75274548,trend_up,0.9742323281814625
2021-01-05 14:00:00,6.81919316,trend_up,0.9696978493388541
2021-01-05 15:00:00,6.77766336,trend_up,0.9696978493388541
2021-01-06 10:30:00,6.7278276,trend_up,0.9322710059005765
2021-01-06 11:30:00,6.67799184,trend_up,0.8674730476995611
2021-01-06 14:00:00,6.6862978,trend_up,0.9581306173140381
2021-01-06 15:00:00,6.70290972,trend_up,0.863612138995893
2021-01-07 10:30:00,6.62815608,trend_up,0.7970122181324113
2021-01-07 11:30:00,6.6862978,trend_down,0.6073029387372603
2021-01-07 14:00:00,6.57001436,trend_down,0.6073029387372603
2021-01-07 15:00:00,6.6862978,trend_up,0.8156601237330515
2021-01-08 10:30:00,6.6862978,trend_up,0.6615824891304735
2021-01-08 11:30:00,6.66137992,trend_down,0.4639852444248265
2021-01-08 14:00:00,6.644768,range,0.6941415031866094
2021-01-08 15:00:00,6.63646204,range,0.700716910698857
2021-01-11 10:30:00,6.6032382,range,0.8766633165993692
2021-01-11 11:30:00,6.51187264,range,0.5731823569743637
2021-01-11 14:00:00,6.49526072,trend_down,0.5559885329829126
2021-01-11 15:00:00,6.44542496,trend_down,0.5530440598952263
2021-01-12 10:30:00,6.3955892,trend_down,0.8141049382603157
2021-01-12 11:30:00,6.42050708,trend_down,0.9192935734477851
2021-01-12 14:00:00,6.59493224,trend_down,0.5645989289760663
2021-01-12 15:00:00,6.63646204,reversal,0.6191690191516286
2021-01-13 10:30:00,6.47034284,trend_down,0.5529036999713479
2021-01-13 11:30:00,6.42050708,trend_down,0.9558414499823894
2021-01-13 14:00:00,6.3125296,trend_down,0.9554362301355613
2021-01-13 15:00:00,6.29591768,trend_down,0.8912890561309901
2021-01-14 10:30:00,6.15471636,trend_down,0.5293985367695945
2021-01-14 11:30:00,6.1879402,trend_down,0.88625147446568
2021-01-14 14:00:00,6.1879402,trend_down,0.5135729959019175
2021-01-14 15:00:00,6.1048806,trend_down,0.8212706281870592
2021-01-15 10:30:00,6.1464104,trend_down,0.8895342149017359
2021-01-15 11:30:00,6.0633508,trend_down,0.8212706281870592
2021-01-15 14:00:00,6.08826868,trend_down,0.5135729959019175
2021-01-15 15:00:00,6.0633508,trend_down,0.8895342149017359
2021-01-18 10:30:00,6.0633508,trend_down,0.7646930085095981
2021-01-18 11:30:00,6.08826868,trend_down,0.9182273385573261
2021-01-18 14:00:00,6.09657464,trend_down,0.9742323281814625
2021-01-18 15:00:00,6.07165676,trend_down,0.9182273385573261
2021-01-19 10:30:00,6.08826868,trend_down,0.9310376619313472
2021-01-19 11:30:00,6.1464104,trend_down,0.9653094962875512
2021-01-19 14:00:00,6.09657464,trend_down,0.9735686106763175
2021-01-19 15:00:00,6.12979848,trend_down,0.8920597894315797
2021-01-20 10:30:00,6.1048806,trend_down,0.9162450753751263
2021-01-20 11:30:00,6.12149252,trend_down,0.6463336002171052
2021-01-20 14:00:00,6.1048806,trend_down,0.7075252337545701
2021-01-20 15:00:00,6.12149252,trend_down,0.6463336002171052
2021-01-21 10:30:00,6.09657464,trend_down,0.855628419547505
2021-01-21 11:30:00,6.20455212,range,0.6289200282351567
2021-01-21 14:00:00,6.17132828,range,0.8034067673847938
2021-01-21 15:00:00,6.15471636,range,0.8881710623963003
2021-01-22 10:30:00,6.0633508,trend_down,0.6359685894540297
2021-01-22 11:30:00,5.91384352,trend_down,0.5119062822159777
2021-01-22 14:00:00,5.92214948,trend_down,0.7818698123521098
2021-01-22 15:00:00,5.91384352,trend_down,0.7981810015063306
2021-01-25 10:30:00,5.92214948,trend_down,0.8101823525557476
2021-01-25 11:30:00,5.88061968,trend_down,0.9310376619313472
2021-01-25 14:00:00,5.83078392,trend_down,0.6504743209313293
2021-01-25 15:00:00,5.83908988,trend_down,0.650891337907891
2021-01-26 10:30:00,5.72280644,breakout_down,0.4835645679925929
2021-01-26 11:30:00,5.69788856,trend_down,0.650891337907891
2021-01-26 14:00:00,5.67297068,trend_down,0.8927407182097999
2021-01-26 15:00:00,5.66466472,trend_down,0.8927407182097999
2021-01-27 10:30:00,5.70619452,trend_down,0.8219355018305541
2021-01-27 11:30:00,5.68127664,trend_down,0.9206961464705191
2021-01-27 14:00:00,5.66466472,trend_down,0.9206961464705191
2021-01-27 15:00:00,5.6895826,trend_down,0.9206961464705191
2021-01-28 10:30:00,5.63144088,trend_down,0.8264601616968841
2021-01-28 11:30:00,5.62313492,trend_down,0.5407135016471885
2021-01-28 14:00:00,5.63974684,trend_down,0.9742323281814625
2021-01-28 15:00:00,5.6480528,trend_down,0.9735686106763175
2021-01-29 10:30:00,5.63144088,trend_down,0.9735686106763175
2021-01-29 11:30:00,5.6480528,trend_down,0.9735686106763175
2021-01-29 14:00:00,5.59821704,trend_down,0.9735686106763175
2021-01-29 15:00:00,5.58991108,trend_down,0.9569087689327896
2021-02-01 10:30:00,5.49854552,trend_down,0.9226129546285158
2021-02-01 11:30:00,5.49023956,trend_down,0.6504743209313293
2021-02-01 14:00:00,5.4819336,trend_down,0.8895342149017359
2021-02-01 15:00:00,5.49023956,trend_down,0.8895342149017359
2021-02-02 10:30:00,5.54007532,trend_down,0.9306137682501783
2021-02-02 11:30:00,5.54007532,trend_down,0.6646317013055155
2021-02-02 14:00:00,5.49023956,trend_down,0.9735686106763175
2021-02-02 15:00:00,5.58991108,trend_down,0.8155130958834124
2021-02-03 10:30:00,5.55668724,trend_down,0.8155130958834124
2021-02-03 11:30:00,5.58991108,trend_down,0.8155130958834124
2021-02-03 14:00:00,5.54007532,trend_down,0.8540433404472647
2021-02-03 15:00:00,5.5234634,trend_down,0.6646317013055155
2021-02-04 10:30:00,5.4404038,trend_down,0.6735750649012734
2021-02-04 11:30:00,5.38226208,trend_down,0.8112434389537377
2021-02-04 14:00:00,5.34903824,trend_down,0.6431226394626396
2021-02-04 15:00:00,5.34903824,trend_down,0.9508698508057122
2021-02-05 10:30:00,5.38226208,trend_down,0.9206961464705191
2021-02-05 11:30:00,5.33242632,trend_down,0.9230955164120815
2021-02-05 14:00:00,5.3573442,trend_down,0.772069769738
2021-02-05 15:00:00,5.28259056,trend_down,0.9261119987479053
2021-02-08 10:30:00,5.33242632,trend_down,0.968840342841616
2021-02-08 11:30:00,5.36565016,trend_down,0.9680422957267861
2021-02-08 14:00:00,5.3573442,trend_down,0.8934098402710774
2021-02-08 15:00:00,5.33242632,trend_down,0.8902144987503774
2021-02-09 10:30:00,5.37395612,trend_down,0.9557253993927181
2021-02-09 11:30:00,5.43209784,trend_down,0.790893365222354
2021-02-09 14:00:00,5.4404038,trend_down,0.790893365222354
2021-02-09 15:00:00,5.47362764,trend_down,0.5414110904703863
2021-02-10 10:30:00,5.42379188,trend_down,0.8156601237330515
2021-02-10 11:30:00,5.4404038,range,0.685759807008504
2021-02-10 14:00:00,5.44870976,trend_down,0.5111506662096559
2021-02-10 15:00:00,5.45701572,range,0.836379350546799
2021-02-18 10:30:00,5.53176936,range,0.432171630039265
2021-02-18 11:30:00,5.55668724,trend_up,0.8959112403874824
2021-02-18 14:00:00,5.55668724,trend_up,0.8375576247161503
2021-02-18 15:00:00,5.54007532,trend_up,0.8375576247161503
2021-02-19 10:30:00,5.61482896,trend_up,0.7282464342081905
2021-02-19 11:30:00,5.606523,trend_up,0.7551989029526169
2021-02-19 14:00:00,5.67297068,trend_up,0.9378022645594624
2021-02-19 15:00:00,5.71450048,trend_up,0.7383340364879549
2021-02-22 10:30:00,5.83078392,breakout_up,0.46727494187248475
2021-02-22 11:30:00,5.814172,trend_up,0.9567949741861582
2021-02-22 14:00:00,5.78094816,trend_up,0.9567949741861582
2021-02-22 15:00:00,5.66466472,trend_up,0.8491236163364417
2021-02-23 10:30:00,5.6480528,trend_up,0.9526892231117793
2021-02-23 11:30:00,5.63974684,trend_up,0.8639326827781951
2021-02-23 14:00:00,5.63974684,trend_up,0.8639326827781951
2021-02-23 15:00:00,5.61482896,trend_down,0.8959112403874824
2021-02-24 10:30:00,5.68127664,trend_down,0.790893365222354
2021-02-24 11:30:00,5.6480528,trend_down,0.8156601237330515
2021-02-24 14:00:00,5.6480528,trend_down,0.6491959135829651
2021-02-24 15:00:00,5.62313492,trend_down,0.5824918233590364
2021-02-25 10:30:00,5.62313492,trend_down,0.7071502087268331
2021-02-25 11:30:00,5.68127664,trend_down,0.45769042081438654
2021-02-25 14:00:00,5.65635876,trend_down,0.6491959135829651
2021-02-25 15:00:00,5.63974684,range,0.6356567985997432
2021-02-26 10:30:00,5.63974684,trend_down,0.5111506662096559
2021-02-26 11:30:00,5.62313492,range,0.7863367821971079
2021-02-26 14:00:00,5.61482896,range,0.7863367821971079
2021-02-26 15:00:00,5.59821704,range,0.7863367821971079
2021-03-01 10:30:00,5.61482896,range,0.7240131848057194
2021-03-01 11:30:00,5.59821704,trend_down,0.5369144893070597
2021-03-01 14:00:00,5.606523,trend_down,0.5352321757677013
2021-03-01 15:00:00,5.62313492,range,0.5436543697154081
2021-03-02 10:30:00,5.62313492,trend_down,0.5307928254133126
2021-03-02 11:30:00,5.63974684,range,0.7874824008533569
2021-03-02 14:00:00,5.61482896,range,0.5590753329608682
2021-03-02 15:00:00,5.62313492,range,0.8105769839318411
2021-03-03 10:30:00,5.59821704,range,0.4862657206461071
2021-03-03 11:30:00,5.65635876,range,0.8960555700076558
2021-03-03 14:00:00,5.63974684,range,0.810331639320977
2021-03-03 15:00:00,5.66466472,range,0.6679497269299622
2021-03-04 10:30:00,5.59821704,range,0.7722451375612671
2021-03-04 11:30:00,5.606523,trend_down,0.49531233898561716
2021-03-04 14:00:00,5.58991108,range,0.5586815927789716
2021-03-04 15:00:00,5.59821704,range,0.5081553146653878
2021-03-05 10:30:00,5.68127664,range,0.6825633457674583
2021-03-05 11:30:00,5.69788856,range,0.6324362144853908
2021-03-05 14:00:00,5.69788856,trend_up,0.5151617675913234
2021-03-05 15:00:00,5.69788856,trend_up,0.5355572095786205
2021-03-08 10:30:00,5.71450048,trend_up,0.7443493825313643
2021-03-08 11:30:00,5.68127664,trend_up,0.7174331767668176
2021-03-08 14:00:00,5.6895826,trend_up,0.7174331767668176
2021-03-08 15:00:00,5.63974684,range,0.795484194260536
2021-03-09 10:30:00,5.54007532,breakout_down,0.5668941391079838
2021-03-09 11:30:00,5.55668724,trend_down,0.8812855876076623
2021-03-09 14:00:00,5.55668724,trend_down,0.8812855876076623
2021-03-09 15:00:00,5.49023956,trend_down,0.907635003707718
2021-03-10 10:30:00,5.4819336,trend_down,0.9230955164120815
2021-03-10 11:30:00,5.50685148,trend_down,0.9254264981159408
2021-03-10 14:00:00,5.49023956,trend_down,0.9742323281814625
2021-03-10 15:00:00,5.44870976,trend_down,0.8264601616968841
2021-03-11 10:30:00,5.46532168,trend_down,0.9742323281814625
2021-03-11 11:30:00,5.44870976,trend_down,0.9742323281814625
2021-03-11 14:00:00,5.49854552,trend_down,0.9742323281814625
2021-03-11 15:00:00,5.5234634,trend_down,0.9735686106763175
2021-03-12 10:30:00,5.45701572,trend_down,0.9742323281814625
2021-03-12 11:30:00,5.47362764,trend_down,0.9254264981159408
2021-03-12 14:00:00,5.55668724,trend_up,0.8093365967006667
2021-03-12 15:00:00,5.53176936,trend_up,0.582891918217398
2021-03-15 10:30:00,5.4819336,trend_down,0.7999342837378464
2021-03-15 11:30:00,5.44870976,trend_down,0.9470025662049734
2021-03-15 14:00:00,5.46532168,trend_down,0.7707603053954855
2021-03-15 15:00:00,5.47362764,trend_down,0.5297699603102178
2021-03-16 10:30:00,5.47362764,trend_down,0.6044901311552546
2021-03-16 11:30:00,5.4819336,trend_down,0.6518016609119309
2021-03-16 14:00:00,5.46532168,range,0.5592688849138736
2021-03-16 15:00:00,5.47362764,range,0.5643366602093215
2021-03-17 10:30:00,5.47362764,range,0.5260256456459346
2021-03-17 11:30:00,5.45701572,range,0.5647446427071999
2021-03-17 14:00:00,5.44870976,range,0.5651371840221496
2021-03-17 15:00:00,5.44870976,range,0.516580671348073
2021-03-18 10:30:00,5.42379188,range,0.5436543697154081
2021-03-18 11:30:00,5.42379188,trend_down,0.8515953649462172
2021-03-18 14:00:00,5.398874,trend_down,0.5969627856621146
2021-03-18 15:00:00,5.36565016,trend_down,0.5998956942093435
2021-03-19 10:30:00,5.33242632,trend_down,0.6504743209313293
2021-03-19 11:30:00,5.32412036,trend_down,0.8892108789204528
2021-03-19 14:00:00,5.29920248,trend_down,0.9244569324478901
2021-03-19 15:00:00,5.32412036,trend_down,0.8927407182097999
2021-03-22 10:30:00,5.37395612,trend_down,0.9671310851438669
2021-03-22 11:30:00,5.41548592,trend_up,0.7299086901103473
2021-03-22 14:00:00,5.40717996,trend_up,0.7939991758485883
2021-03-22 15:00:00,5.40717996,trend_up,0.5739474073462888
2021-03-23 10:30:00,5.398874,trend_up,0.5739474073462888
2021-03-23 11:30:00,5.37395612,trend_down,0.7939991758485883
2021-03-23 14:00:00,5.4404038,reversal,0.6017897605048871
2021-03-23 15:00:00,5.4404038,range,0.6210429185113224
2021-03-24 10:30:00,5.46532168,reversal,0.4259377254201318
2021-03-24 11:30:00,5.49854552,range,0.5315109158384542
2021-03-24 14:00:00,5.49023956,trend_up,0.8164731192348211
2021-03-24 15:00:00,5.4819336,trend_up,0.9096603708933312
2021-03-25 10:30:00,5.47362764,trend_up,0.9096603708933312
2021-03-25 11:30:00,5.47362764,trend_up,0.8123414493055849
2021-03-25 14:00:00,5.46532168,trend_up,0.8123414493055849
2021-03-25 15:00:00,5.44870976,trend_up,0.8123414493055849
2021-03-26 10:30:00,5.44870976,trend_up,0.8976590831882497
2021-03-26 11:30:00,5.46532168,trend_up,0.9096603708933312
2021-03-26 14:00:00,5.46532168,trend_up,0.8754655967026245
2021-03-26 15:00:00,5.46532168,range,0.5067820346763223
2021-03-29 10:30:00,5.44870976,range,0.6289200282351567
2021-03-29 11:30:00,5.43209784,range,0.7863367821971079
2021-03-29 14:00:00,5.42379188,range,0.7863367821971079
2021-03-29 15:00:00,5.41548592,trend_down,0.5371582702527435
2021-03-30 10:30:00,5.37395612,trend_down,0.8722053219439818
2021-03-30 11:30:00,5.38226208,trend_down,0.7029048452034654
2021-03-30 14:00:00,5.38226208,trend_down,0.9162450753751263
2021-03-30 15:00:00,5.34073228,trend_down,0.9630431473640584
2021-03-31 10:30:00,5.32412036,trend_down,0.967029182099857
2021-03-31 11:30:00,5.3158144,trend_down,0.8809636631528646
2021-03-31 14:00:00,5.3158144,trend_down,0.9656701498629056
2021-03-31 15:00:00,5.30750844,trend_down,0.9666251089342732
2021-04-01 10:30:00,5.32412036,trend_down,0.967029182099857
2021-04-01 11:30:00,5.30750844,trend_down,0.8895342149017359
2021-04-01 14:00:00,5.30750844,trend_down,0.8895342149017359
2021-04-01 15:00:00,5.32412036,trend_down,0.967029182099857
2021-04-02 10:30:00,5.32412036,trend_down,0.9314258120147536
2021-04-02 11:30:00,5.3158144,trend_down,0.967029182099857
2021-04-02 14:00:00,5.29920248,trend_down,0.8895342149017359
2021-04-02 15:00:00,5.33242632,trend_down,0.9557253993927181
2021-04-06 10:30:00,5.34073228,trend_down,0.855628419547505
2021-04-06 11:30:00,5.32412036,trend_down,0.886942038506704
2021-04-06 14:00:00,5.30750844,trend_down,0.9661863672976857
2021-04-06 15:00:00,5.3158144,trend_down,0.6519047507389444
2021-04-07 10:30:00,5.3573442,range,0.434889322393725
2021-04-07 11:30:00,5.3158144,trend_down,0.5111506662096559
2021-04-07 14:00:00,5.30750844,range,0.685759807008504
2021-04-07 15:00:00,5.32412036,range,0.836379350546799
2021-04-08 10:30:00,5.34073228,range,0.5813666543680974
2021-04-08 11:30:00,5.398874,range,0.5786709267565583
2021-04-08 14:00:00,5.37395612,range,0.8872046872473589
2021-04-08 15:00:00,5.3573442,range,0.8872046872473589
2021-04-09 10:30:00,5.3158144,trend_down,0.6956124261749731
2021-04-09 11:30:00,5.3158144,range,0.5030095503666082
2021-04-09 14:00:00,5.30750844,range,0.6125631315948684
2021-04-09 15:00:00,5.3158144,range,0.6299592696573502
2021-04-12 10:30:00,5.3158144,trend_down,0.6518016609119309
2021-04-12 11:30:00,5.30750844,trend_down,0.7624714097997891
2021-04-12 14:00:00,5.29089652,trend_down,0.5869865257032929
2021-04-12 15:00:00,5.18291904,trend_down,0.5542224033527986
2021-04-13 10:30:00,5.18291904,trend_down,0.8434095799572288
2021-04-13 11:30:00,5.14138924,trend_down,0.5326212738562783
2021-04-13 14:00:00,5.13308328,trend_down,0.53343926420863
2021-04-13 15:00:00,5.1496952,trend_down,0.8958711337427966
2021-04-14 10:30:00,5.14138924,trend_down,0.968840342841616
2021-04-14 11:30:00,5.15800116,trend_down,0.9742323281814625
2021-04-14 14:00:00,5.16630712,trend_down,0.9230955164120815
2021-04-14 15:00:00,5.15800116,trend_down,0.9230955164120815
2021-04-15 10:30:00,5.1081654,trend_down,0.5407135016471885
2021-04-15 11:30:00,5.09155348,trend_down,0.8219355018305541
2021-04-15 14:00:00,5.09985944,trend_down,0.8927407182097999
2021-04-15 15:00:00,5.1081654,trend_down,0.8895342149017359
2021-04-16 10:30:00,5.13308328,trend_down,0.967029182099857
2021-04-16 11:30:00,5.1496952,trend_down,0.8920597894315797
2021-04-16 14:00:00,5.1496952,trend_down,0.8920597894315797
2021-04-16 15:00:00,5.16630712,trend_down,0.8920597894315797
2021-04-19 10:30:00,5.20783692,trend_up,0.8959112403874824
2021-04-19 11:30:00,5.20783692,trend_up,0.8375576247161503
2021-04-19 14:00:00,5.20783692,trend_up,0.5824918233590364
2021-04-19 15:00:00,5.24106076,reversal,0.6191690191516286
2021-04-20 10:30:00,5.22444884,trend_up,0.737823825568231
2021-04-20 11:30:00,5.21614288,trend_up,0.8123414493055849
2021-04-20 14:00:00,5.191225,trend_up,0.4639852444248265
2021-04-20 15:00:00,5.17461308,range,0.700716910698857
2021-04-21 10:30:00,5.15800116,trend_down,0.8938647944710887
2021-04-21 11:30:00,5.19953096,trend_up,0.45769042081438654
2021-04-21 14:00:00,5.16630712,trend_down,0.7071502087268331
2021-04-21 15:00:00,5.15800116,trend_down,0.7071502087268331
2021-04-22 10:30:00,5.17461308,range,0.5731823569743637
2021-04-22 11:30:00,5.18291904,range,0.7587811733891006
2021-04-22 14:00:00,5.16630712,trend_down,0.5079855202092495
2021-04-22 15:00:00,5.16630712,trend_down,0.49531233898561716
2021-04-23 10:30:00,5.13308328,trend_down,0.5396748250599501
2021-04-23 11:30:00,5.12477732,trend_down,0.6614523778828112
2021-04-23 14:00:00,5.13308328,trend_down,0.6740526491068864
2021-04-23 15:00:00,5.13308328,trend_down,0.6653130626592566
2021-04-26 10:30:00,5.14138924,trend_down,0.861881937676793
2021-04-26 11:30:00,5.14138924,trend_down,0.7224166514371863
2021-04-26 14:00:00,5.11647136,trend_down,0.861881937676793
2021-04-26 15:00:00,5.0666356,trend_down,0.8287848147027161
2021-04-27 10:30:00,5.01679984,trend_down,0.7437327736490063
2021-04-27 11:30:00,5.04171772,trend_down,0.9567949741861582
2021-04-27 14:00:00,5.0666356,trend_down,0.9742323281814625
2021-04-27 15:00:00,5.04171772,trend_down,0.9254264981159408
2021-04-28 10:30:00,5.05002368,trend_down,0.9705246689210671
2021-04-28 11:30:00,5.05002368,trend_down,0.9019048519618212
2021-04-28 14:00:00,5.03341176,trend_down,0.927690188616068
2021-04-28 15:00:00,5.05002368,trend_down,0.927690188616068
2021-04-29 10:30:00,5.1496952,trend_up,0.7331434232518944
2021-04-29 11:30:00,5.1496952,trend_up,0.9376630151002645
2021-04-29 14:00:00,5.12477732,trend_up,0.9025564970643071
2021-04-29 15:00:00,5.12477732,trend_up,0.8156601237330515
2021-04-30 10:30:00,5.07494156,trend_down,0.5529036999713479
2021-04-30 11:30:00,5.08324752,trend_down,0.7999342837378464
2021-04-30 14:00:00,5.05832964,trend_down,0.7970122181324113
2021-04-30 15:00:00,5.05832964,trend_down,0.7656634859672273
2021-05-06 10:30:00,5.09155348,trend_down,0.6980736040839369
2021-05-06 11:30:00,5.05002368,trend_down,0.8754655967026245
2021-05-06 14:00:00,5.05832964,trend_down,0.9029645626213624
2021-05-06 15:00:00,5.05832964,trend_down,0.6956124261749731
2021-05-07 10:30:00,5.05832964,trend_down,0.6412619597296555
2021-05-07 11:30:00,5.0666356,range,0.5049031794764315
2021-05-07 14:00:00,5.05832964,trend_down,0.5946728142793603
2021-05-07 15:00:00,5.05002368,trend_down,0.5946728142793603
2021-05-10 10:30:00,5.0585004,trend_down,0.8057285278724651
2021-05-10 11:30:00,5.0500272,trend_down,0.5898751691437624
2021-05-10 14:00:00,5.041554,trend_down,0.5898751691437624
2021-05-10 15:00:00,5.0330808,trend_down,0.6615021956795386
2021-05-11 10:30:00,5.041554,trend_down,0.8455987928024591
2021-05-11 11:30:00,5.0585004,range,0.7439056749090449
2021-05-11 14:00:00,5.1178128,range,0.861983580007161
2021-05-11 15:00:00,5.0923932,range,0.7240131848057194
2021-05-12 10:30:00,5.08392,range,0.8580254413004866
2021-05-12 11:30:00,5.0669736,range,0.8953960049953154
2021-05-12 14:00:00,5.0754468,range,0.9090151530166732
2021-05-12 15:00:00,5.08392,range,0.9090151530166732
2021-05-13 10:30:00,5.0923932,range,0.8947105530629855
2021-05-13 11:30:00,5.1008664,range,0.8939982410047287
2021-05-13 14:00:00,5.0923932,range,0.6668008229354877
2021-05-13 15:00:00,5.1008664,range,0.6668008229354877
2021-05-14 10:30:00,5.168652,trend_up,0.7404646660220476
2021-05-14 11:30:00,5.2449108,breakout_up,0.5260962626401691
2021-05-14 14:00:00,5.3042232,trend_up,0.4636947344470649
2021-05-14 15:00:00,5.3465892,trend_up,0.4636947344470649
2021-05-17 10:30:00,5.2618572,trend_up,0.938106489634533
2021-05-17 11:30:00,5.2449108,trend_up,0.9742323281814625
2021-05-17 14:00:00,5.2194912,trend_up,0.9742323281814625
2021-05-17 15:00:00,5.2364376,trend_up,0.9742323281814625
2021-05-18 10:30:00,5.2618572,trend_up,0.9742323281814625
2021-05-18 11:30:00,5.253384,trend_up,0.9705246689210671
2021-05-18 14:00:00,5.2449108,trend_up,0.9742323281814625
2021-05-18 15:00:00,5.2364376,trend_up,0.9254264981159408
2021-05-19 10:30:00,5.2788036,trend_up,0.9742323281814625
2021-05-19 11:30:00,5.253384,trend_up,0.9742323281814625
2021-05-19 14:00:00,5.2703304,trend_up,0.9212211388208612
2021-05-19 15:00:00,5.2618572,trend_up,0.9212211388208612
2021-05-20 10:30:00,5.2703304,trend_up,0.9735686106763175
2021-05-20 11:30:00,5.253384,trend_up,0.8920597894315797
2021-05-20 14:00:00,5.2703304,trend_up,0.9384338008120603
2021-05-20 15:00:00,5.3296428,trend_up,0.6077009185826018
2021-05-21 10:30:00,5.2618572,trend_up,0.8952284811874971
2021-05-21 11:30:00,5.253384,trend_up,0.8952284811874971
2021-05-21 14:00:00,5.2364376,range,0.566292616252631
2021-05-21 15:00:00,5.2279644,range,0.7497206378675046
2021-05-24 10:30:00,5.253384,range,0.535507961565993
2021-05-24 11:30:00,5.3042232,trend_up,0.6359685894540297
2021-05-24 14:00:00,5.2703304,trend_up,0.6412619597296555
2021-05-24 15:00:00,5.2703304,range,0.4987464144289901
2021-05-25 10:30:00,5.3974284,trend_up,0.8282416501968406
2021-05-25 11:30:00,5.3720088,trend_up,0.8282416501968406
2021-05-25 14:00:00,5.422848,trend_up,0.8865005343779316
2021-05-25 15:00:00,5.4059016,trend_up,0.9255748033673173
2021-05-26 10:30:00,5.4736872,trend_up,0.6231990809697265
2021-05-26 11:30:00,5.4313212,trend_up,0.9435205639145571
2021-05-26 14:00:00,5.3974284,trend_up,0.9435205639145571
2021-05-26 15:00:00,5.380482,trend_up,0.8153836840655707
2021-05-27 10:30:00,5.3889552,trend_up,0.9435205639145571
2021-05-27 11:30:00,5.3720088,trend_up,0.8983132835346506
2021-05-27 14:00:00,5.3465892,range,0.5592954350852848
2021-05-27 15:00:00,5.3635356,range,0.566292616252631
2021-05-28 10:30:00,5.2872768,trend_up,0.5034235427905931
2021-05-28 11:30:00,5.3211696,trend_up,0.6554353925269597
2021-05-28 14:00:00,5.3889552,trend_up,0.791011945543973
2021-05-28 15:00:00,5.4313212,trend_up,0.9037099434649061
2021-05-31 10:30:00,5.3296428,trend_up,0.5059697794206977
2021-05-31 11:30:00,5.3211696,range,0.4842447860690605
2021-05-31 14:00:00,5.3211696,range,0.49209851201904514
2021-05-31 15:00:00,5.29575,trend_down,0.6554353925269597
2021-06-01 10:30:00,5.2449108,trend_down,0.8754655967026245
2021-06-01 11:30:00,5.2788036,trend_down,0.9037099434649061
2021-06-01 14:00:00,5.2872768,trend_down,0.6545920166124131
2021-06-01 15:00:00,5.2703304,trend_down,0.7010959321612099
2021-06-10 10:30:00,5.429467,reversal,0.48292357878975334
2021-06-10 11:30:00,5.7103015,trend_up,0.745661845996761
2021-06-10 14:00:00,5.64477345,trend_up,0.9093262378965051
2021-06-10 15:00:00,5.6915792,trend_up,0.936572832782578
2021-06-11 10:30:00,5.4481893,trend_up,0.9052539220857752
2021-06-11 11:30:00,5.429467,trend_up,0.9671356839524399
2021-06-11 14:00:00,5.3733001,trend_up,0.9112393647271799
2021-06-11 15:00:00,5.42010585,trend_down,0.7970122181324113
2021-06-15 10:30:00,5.27032745,trend_down,0.8993481562721959
2021-06-15 11:30:00,5.27032745,trend_down,0.8164731192348211
2021-06-15 14:00:00,5.2609663,trend_down,0.8123414493055849
2021-06-15 15:00:00,5.25160515,trend_down,0.8123414493055849
2021-06-16 10:30:00,5.21416055,trend_down,0.8960635542601274
2021-06-16 11:30:00,5.21416055,trend_down,0.5110918184132843
2021-06-16 14:00:00,5.2047994,trend_down,0.5628047618033174
2021-06-16 15:00:00,5.25160515,trend_down,0.8414240059105436
2021-06-17 10:30:00,5.23288285,trend_down,0.8414240059105436
2021-06-17 11:30:00,5.2609663,trend_down,0.7075252337545701
2021-06-17 14:00:00,5.2796886,trend_down,0.6463336002171052
2021-06-17 15:00:00,5.242244,trend_down,0.7075252337545701
2021-06-18 10:30:00,5.25160515,trend_down,0.8835923464260621
2021-06-18 11:30:00,5.27032745,trend_down,0.6409101477555205
2021-06-18 14:00:00,5.30777205,range,0.8071915136673933
2021-06-18 15:00:00,5.2796886,range,0.8071915136673933
2021-06-21 10:30:00,5.2796886,range,0.8071915136673933
2021-06-21 11:30:00,5.242244,range,0.6412288529727601
2021-06-21 14:00:00,5.25160515,range,0.6900963490162731
2021-06-21 15:00:00,5.25160515,range,0.5436543697154081
2021-06-22 10:30:00,5.23288285,range,0.5375381114711176
2021-06-22 11:30:00,5.25160515,range,0.5651371840221496
2021-06-22 14:00:00,5.1860771,trend_down,0.5352321757677012
2021-06-22 15:00:00,5.19543825,trend_down,0.505736839246141
2021-06-23 10:30:00,5.1673548,trend_down,0.6978997725836688
2021-06-23 11:30:00,5.2047994,trend_down,0.7029277703122272
2021-06-23 14:00:00,5.17671595,trend_down,0.5618073999884746
2021-06-23 15:00:00,5.1860771,trend_down,0.5618073999884746
2021-06-24 10:30:00,5.2235217,trend_down,0.6479300211249132
2021-06-24 11:30:00,5.21416055,range,0.7818914962549456
2021-06-24 14:00:00,5.21416055,range,0.7818914962549456
2021-06-24 15:00:00,5.242244,range,0.8851589731971736
2021-06-25 10:30:00,5.2984109,range,0.5673837157259085
2021-06-25 11:30:00,5.3545778,trend_up,0.5116207544203182
2021-06-25 14:00:00,5.36393895,trend_up,0.5576576881852511
2021-06-25 15:00:00,5.34521665,trend_up,0.800374021807694
2021-06-28 10:30:00,5.2796886,trend_up,0.7058198514587848
2021-06-28 11:30:00,5.28904975,trend_up,0.6734659194306095
2021-06-28 14:00:00,5.242244,trend_up,0.48857625313101755
2021-06-28 15:00:00,5.25160515,range,0.7314945313294168
2021-06-29 10:30:00,5.21416055,trend_down,0.6794429596005211
2021-06-29 11:30:00,5.1860771,trend_down,0.7577093091748506
2021-06-29 14:00:00,5.2047994,trend_down,0.9120400247192051
2021-06-29 15:00:00,5.17671595,trend_down,0.7174726011309654
2021-06-30 10:30:00,5.1673548,trend_down,0.7274146089053374
2021-06-30 11:30:00,5.17671595,trend_down,0.7723910181007572
2021-06-30 14:00:00,5.19543825,trend_down,0.7674418169778481
2021-06-30 15:00:00,5.21416055,trend_down,0.6573104566453738
2021-07-01 10:30:00,5.19543825,trend_down,0.8902144987503774
2021-07-01 11:30:00,5.1673548,trend_down,0.8902144987503774
2021-07-01 14:00:00,5.17671595,trend_down,0.7076722902715623
2021-07-01 15:00:00,5.0737433,trend_down,0.7631513842371879
2021-07-02 10:30:00,5.0175764,trend_down,0.8072122668709926
2021-07-02 11:30:00,5.00821525,trend_down,0.49800463678203305
2021-07-02 14:00:00,5.00821525,trend_down,0.9507160989322379
2021-07-02 15:00:00,4.9801318,trend_down,0.9741497011086431
2021-07-05 10:30:00,4.9988541,trend_down,0.8835923464260621
2021-07-05 11:30:00,5.0175764,trend_down,0.9156880955987667
2021-07-05 14:00:00,5.00821525,trend_down,0.9156880955987667
2021-07-05 15:00:00,4.9988541,trend_down,0.9156880955987667
2021-07-06 10:30:00,4.9988541,trend_down,0.9742323281814625
2021-07-06 11:30:00,5.00821525,trend_down,0.9742323281814625
2021-07-06 14:00:00,4.97077065,trend_down,0.9742323281814625
2021-07-06 15:00:00,5.00821525,trend_down,0.9742323281814625
2021-07-07 10:30:00,4.98949295,trend_down,0.9652070575927774
2021-07-07 11:30:00,5.00821525,trend_down,0.8835923464260621
2021-07-07 14:00:00,5.00821525,trend_down,0.8835923464260621
2021-07-07 15:00:00,5.00821525,trend_down,0.9136500667948829
2021-07-08 10:30:00,5.0175764,trend_down,0.9544574003068366
2021-07-08 11:30:00,4.9801318,trend_down,0.9653094962875512
2021-07-08 14:00:00,4.98949295,trend_down,0.6409101477555205
2021-07-08 15:00:00,4.98949295,trend_down,0.6391386794572991
2021-07-09 10:30:00,4.9988541,trend_down,0.8106573326538037
2021-07-09 11:30:00,4.9801318,trend_down,0.8155130958834124
2021-07-09 14:00:00,4.9988541,range,0.7853306308178706
2021-07-09 15:00:00,4.9988541,range,0.7853306308178706
2021-07-12 10:30:00,5.0737433,reversal,0.43711297276879013
2021-07-12 11:30:00,5.06438215,range,0.6813037943603433
2021-07-12 14:00:00,5.04565985,range,0.6130512033176081
2021-07-12 15:00:00,5.0362987,range,0.795484194260536
2021-07-13 10:30:00,5.0175764,trend_down,0.7458250809582583
2021-07-13 11:30:00,4.9988541,range,0.4963827801658542
2021-07-13 14:00:00,4.9988541,range,0.4963827801658542
2021-07-13 15:00:00,5.00821525,range,0.7944082812778827
2021-07-14 10:30:00,4.9801318,trend_down,0.5507757844364722
2021-07-14 11:30:00,4.9801318,trend_down,0.6044901311552546
2021-07-14 14:00:00,5.00821525,range,0.6440097607953776
2021-07-14 15:00:00,5.00821525,range,0.783641678197764
2021-07-15 10:30:00,4.98949295,trend_down,0.6387555051891212
2021-07-15 11:30:00,5.00821525,range,0.6381949423182364
2021-07-15 14:00:00,5.0175764,range,0.8939982410047287
2021-07-15 15:00:00,5.00821525,range,0.9087239378754662
2021-07-16 10:30:00,4.9988541,range,0.6871992918809858
2021-07-16 11:30:00,4.9988541,range,0.7851479446904522
2021-07-16 14:00:00,5.00821525,range,0.8953960049953154
2021-07-16 15:00:00,5.00821525,range,0.822907796681646
2021-07-19 10:30:00,4.9614095,range,0.4845018156528272
2021-07-19 11:30:00,4.9801318,trend_down,0.5414297829540932
2021-07-19 14:00:00,4.97077065,trend_down,0.5349396711305817
2021-07-19 15:00:00,4.9801318,trend_down,0.5349396711305817
2021-07-20 10:30:00,4.9801318,trend_down,0.5422999572385219
2021-07-20 11:30:00,4.9801318,trend_down,0.5013131707599661
2021-07-20 14:00:00,4.98949295,range,0.8223948257868519
2021-07-20 15:00:00,4.9801318,range,0.5580029813083816
2021-07-21 10:30:00,5.00821525,range,0.7916573956174334
2021-07-21 11:30:00,4.98949295,range,0.8932580625140008
2021-07-21 14:00:00,4.9801318,range,0.7813070530221972
2021-07-21 15:00:00,4.9988541,range,0.8932580625140008
2021-07-22 10:30:00,5.0362987,range,0.7689734298320638
2021-07-22 11:30:00,5.06438215,range,0.8847038710948463
2021-07-22 14:00:00,5.04565985,trend_up,0.44322803793330984
2021-07-22 15:00:00,5.055021,trend_up,0.7958286637388137
2021-07-23 10:30:00,5.00821525,trend_up,0.855581000415728
2021-07-23 11:30:00,5.13927135,breakout_up,0.47854180268871205
2021-07-23 14:00:00,5.1486325,trend_up,0.9423709533776204
2021-07-23 15:00:00,5.0924656,trend_up,0.9096603708933312
2021-07-26 10:30:00,5.13927135,trend_up,0.7949667203703942
2021-07-26 11:30:00,5.0924656,trend_up,0.9678535315793385
2021-07-26 14:00:00,5.04565985,trend_up,0.8993481562721959
2021-07-26 15:00:00,4.98949295,trend_down,0.9355279931890701
2021-07-27 10:30:00,4.91460375,trend_down,0.7989142450988528
2021-07-27 11:30:00,4.93332605,trend_down,0.9515767362681251
2021-07-27 14:00:00,4.9239649,trend_down,0.9524066677499715
2021-07-27 15:00:00,4.8865203,trend_down,0.8231946377914303
2021-07-28 10:30:00,4.8865203,trend_down,0.8927688997878027
2021-07-28 11:30:00,4.8490757,trend_down,0.9254264981159408
2021-07-28 14:00:00,4.8303534,trend_down,0.7910683207997249
2021-07-28 15:00:00,4.8303534,trend_down,0.8989257226588602
2021-07-29 10:30:00,4.8490757,trend_down,0.9742323281814625
2021-07-29 11:30:00,4.83971455,trend_down,0.9254264981159408
2021-07-29 14:00:00,4.8865203,trend_down,0.7663818818191903
2021-07-29 15:00:00,4.8490757,trend_down,0.9735686106763175
2021-07-30 10:30:00,4.78354765,trend_down,0.6477908628571408
2021-07-30 11:30:00,4.76482535,trend_down,0.9251993854483096
2021-07-30 14:00:00,4.7554642,trend_down,0.9095309364386871
2021-07-30 15:00:00,4.7554642,trend_down,0.922861896497621
2021-08-02 10:30:00,4.76482535,trend_down,0.539313794585776
2021-08-02 11:30:00,4.89588145,reversal,0.6065463106051585
2021-08-02 14:00:00,4.8490757,trend_up,0.7999342837378464
2021-08-02 15:00:00,4.8490757,trend_up,0.6032138335566802
2021-08-03 10:30:00,4.8303534,trend_down,0.8156601237330515
2021-08-03 11:30:00,4.91460375,reversal,0.6191690191516286
2021-08-03 14:00:00,4.867798,trend_up,0.5739474073462888
2021-08-03 15:00:00,4.8490757,range,0.6813037943603433
2021-08-04 10:30:00,4.8490757,trend_down,0.5858872534115398
2021-08-04 11:30:00,4.83971455,trend_down,0.635333649758702
2021-08-04 14:00:00,4.82099225,trend_down,0.5597440010896126
2021-08-04 15:00:00,4.8303534,trend_down,0.5662341119934622
2021-08-05 10:30:00,4.82099225,trend_down,0.6463336002171052
2021-08-05 11:30:00,4.80226995,trend_down,0.5145769405993377
2021-08-05 14:00:00,4.7741865,trend_down,0.5145769405993377
2021-08-05 15:00:00,4.7554642,trend_down,0.7128994785324759
2021-08-06 10:30:00,4.7554642,trend_down,0.8533140008289928
2021-08-06 11:30:00,4.7554642,trend_down,0.7075252337545701
2021-08-06 14:00:00,4.72738075,trend_down,0.7075252337545701
2021-08-06 15:00:00,4.74610305,trend_down,0.7075252337545701
2021-08-09 10:30:00,4.7929088,trend_down,0.7723079548570333
2021-08-09 11:30:00,4.80226995,range,0.6900963490162731
2021-08-09 14:00:00,4.80226995,range,0.6900963490162731
2021-08-09 15:00:00,4.7929088,range,0.8391249478557303
2021-08-10 10:30:00,4.7929088,range,0.636678816530835
2021-08-10 11:30:00,4.7929088,range,0.636678816530835
2021-08-10 14:00:00,4.80226995,range,0.636678816530835
2021-08-10 15:00:00,4.8490757,range,0.4431127668422914
2021-08-11 10:30:00,4.8490757,trend_up,0.4326624697305254
2021-08-11 11:30:00,4.8303534,range,0.5455324485346053
2021-08-11 14:00:00,4.82099225,trend_up,0.5182498481931086
2021-08-11 15:00:00,4.82099225,trend_up,0.5182498481931086
2021-08-12 10:30:00,4.82099225,trend_up,0.7040978686100972
2021-08-12 11:30:00,4.8116311,range,0.836379350546799
2021-08-12 14:00:00,4.8116311,range,0.8034067673847938
2021-08-12 15:00:00,4.8116311,range,0.836379350546799
2021-08-13 10:30:00,4.8116311,range,0.6289200282351567
2021-08-13 11:30:00,4.78354765,trend_down,0.79441816231226
2021-08-13 14:00:00,4.7741865,trend_down,0.8364706572086146
2021-08-13 15:00:00,4.78354765,trend_down,0.6111308495628112
2021-08-16 10:30:00,4.8116311,range,0.6341739504397705
2021-08-16 11:30:00,4.8490757,range,0.7361594540449836
2021-08-16 14:00:00,4.82099225,range,0.8600395340794738
2021-08-16 15:00:00,4.80226995,range,0.9091523182718814
2021-08-17 10:30:00,4.9239649,range,0.462342701632755
2021-08-17 11:30:00,4.87715915,trend_up,0.7123691467602389
2021-08-17 14:00:00,4.8303534,trend_up,0.4639852444248265
2021-08-17 15:00:00,4.80226995,trend_down,0.4639852444248265
2021-08-18 10:30:00,4.8116311,reversal,0.5326470624383202
2021-08-18 11:30:00,4.95204835,reversal,0.43517107105075487
2021-08-18 14:00:00,4.9988541,trend_up,0.4816775623765844
2021-08-18 15:00:00,5.04565985,trend_up,0.7986623257322079
2021-08-19 10:30:00,4.9988541,trend_up,0.4755911429748102
2021-08-19 11:30:00,4.9801318,trend_up,0.9679556215260039
2021-08-19 14:00:00,4.98949295,trend_up,0.9742323281814625
2021-08-19 15:00:00,4.97077065,trend_up,0.9742323281814625
2021-08-20 10:30:00,5.12054905,trend_up,0.5195010918436814
2021-08-20 11:30:00,5.04565985,trend_up,0.9626327006777528
2021-08-20 14:00:00,5.02693755,trend_up,0.968840342841616
2021-08-20 15:00:00,5.0924656,trend_up,0.968840342841616
2021-08-23 10:30:00,5.08310445,trend_up,0.9331059479786932
2021-08-23 11:30:00,5.055021,trend_up,0.968840342841616
2021-08-23 14:00:00,5.0362987,trend_up,0.8958711337427966
2021-08-23 15:00:00,5.06438215,trend_up,0.8958711337427966
2021-08-24 10:30:00,5.02693755,trend_up,0.9581306173140381
2021-08-24 11:30:00,5.0737433,trend_up,0.9735686106763175
2021-08-24 14:00:00,5.0737433,trend_up,0.8107846739053404
2021-08-24 15:00:00,5.08310445,trend_up,0.8107846739053404
2021-08-25 10:30:00,5.055021,trend_up,0.922476408586515
2021-08-25 11:30:00,5.04565985,trend_up,0.7639905614354506
2021-08-25 14:00:00,5.04565985,trend_up,0.7639905614354506
2021-08-25 15:00:00,5.04565985,trend_up,0.7639905614354506
2021-08-26 10:30:00,5.02693755,trend_up,0.7123691467602389
2021-08-26 11:30:00,5.04565985,range,0.4998880512009192
2021-08-26 14:00:00,5.055021,trend_up,0.8992337021191241
2021-08-26 15:00:00,5.02693755,range,0.5731823569743637
2021-08-27 10:30:00,5.0924656,trend_up,0.5823844606452684
2021-08-27 11:30:00,5.055021,trend_up,0.6412619597296555
2021-08-27 14:00:00,5.055021,range,0.4987464144289901
2021-08-27 15:00:00,5.055021,range,0.4987464144289901
2021-08-30 10:30:00,4.97077065,trend_down,0.4716510399169881
2021-08-30 11:30:00,4.95204835,trend_down,0.8934735987033873
2021-08-30 14:00:00,4.9614095,trend_down,0.7939991758485883
2021-08-30 15:00:00,4.95204835,trend_down,0.7656634859672273
2021-08-31 10:30:00,4.97077065,trend_down,0.9355279931890701
2021-08-31 11:30:00,4.95204835,trend_down,0.8784154790480619
2021-08-31 14:00:00,5.0362987,reversal,0.6042039849043865
2021-08-31 15:00:00,5.055021,range,0.830606635488362
2021-09-01 10:30:00,5.08310445,trend_up,0.8105915465586094
2021-09-01 11:30:00,5.2235217,trend_up,0.7791129098472483
2021-09-01 14:00:00,5.1673548,trend_up,0.8273627485107009
2021-09-01 15:00:00,5.15799365,trend_up,0.8113479002745343
2021-09-02 10:30:00,5.21416055,trend_up,0.9111886143111046
2021-09-02 11:30:00,5.19543825,trend_up,0.9468914776435289
2021-09-02 14:00:00,5.242244,trend_up,0.9742323281814625
2021-09-02 15:00:00,5.23288285,trend_up,0.927690188616068
2021-09-03 10:30:00,5.28904975,breakout_up,0.48512049459319745
2021-09-03 11:30:00,5.28904975,trend_up,0.9742323281814625
2021-09-03 14:00:00,5.23288285,trend_up,0.9742323281814625
2021-09-03 15:00:00,5.21416055,trend_up,0.9254264981159408
2021-09-06 10:30:00,5.27032745,trend_up,0.938106489634533
2021-09-06 11:30:00,5.32649435,trend_up,0.9696978493388541
2021-09-06 14:00:00,5.2984109,trend_up,0.8989257226588602
2021-09-06 15:00:00,5.32649435,trend_up,0.8989257226588602
2021-09-07 10:30:00,5.2796886,trend_up,0.968840342841616
2021-09-07 11:30:00,5.27032745,trend_up,0.9230955164120815
2021-09-07 14:00:00,5.32649435,trend_up,0.9742323281814625
2021-09-07 15:00:00,5.3733001,trend_up,0.9230955164120815
2021-09-08 10:30:00,5.43882815,trend_up,0.634565033529252
2021-09-08 11:30:00,5.42010585,trend_up,0.8781908115835458
2021-09-08 14:00:00,5.4481893,trend_up,0.9679511336517824
2021-09-08 15:00:00,5.42010585,trend_up,0.772069769738
2021-09-09 10:30:00,5.4107447,trend_up,0.9230955164120815
2021-09-09 11:30:00,5.38266125,trend_up,0.9417516507203924
2021-09-09 14:00:00,5.40138355,trend_up,0.9403025693492182
2021-09-09 15:00:00,5.4107447,trend_up,0.8107846739053404
2021-09-10 10:30:00,5.5230785,trend_up,0.9314258120147536
2021-09-10 11:30:00,5.429467,trend_up,0.9671310851438669
2021-09-10 14:00:00,5.42010585,trend_up,0.8902144987503774
2021-09-10 15:00:00,5.40138355,trend_up,0.8596638413505254
2021-09-13 10:30:00,5.40138355,trend_up,0.9569493631443057
2021-09-13 11:30:00,5.40138355,trend_up,0.9569493631443057
2021-09-13 14:00:00,5.3733001,trend_up,0.6554353925269597
2021-09-13 15:00:00,5.3733001,trend_down,0.6554353925269597
2021-09-14 10:30:00,5.3171332,trend_up,0.7970122181324113
2021-09-14 11:30:00,5.34521665,trend_up,0.8156601237330515
2021-09-14 14:00:00,5.2984109,trend_down,0.8524900881344755
2021-09-14 15:00:00,5.23288285,trend_down,0.8968530541229957
2021-09-15 10:30:00,5.30777205,trend_down,0.8170083148418114
2021-09-15 11:30:00,5.4107447,reversal,0.5014701036642063
2021-09-15 14:00:00,5.36393895,range,0.4281058360795582
2021-09-15 15:00:00,5.3358555,range,0.7482809570184261
2021-09-16 10:30:00,5.34521665,range,0.43720636478307423
2021-09-16 11:30:00,5.34521665,range,0.43720636478307423
2021-09-16 14:00:00,5.25160515,range,0.4281058360795582
2021-09-16 15:00:00,5.25160515,trend_down,0.8840769116367145
2021-09-17 10:30:00,5.2047994,trend_down,0.8840769116367145
2021-09-17 11:30:00,5.21416055,trend_down,0.5400397900489807
2021-09-17 14:00:00,5.2047994,trend_down,0.6627757634874151
2021-09-17 15:00:00,5.23288285,trend_down,0.5475586497718523
2021-09-22 10:30:00,5.17671595,trend_down,0.640525007512915
2021-09-22 11:30:00,5.1860771,trend_down,0.5278680495371891
2021-09-22 14:00:00,5.2235217,range,0.5680510485740793
2021-09-22 15:00:00,5.21416055,trend_down,0.5536091423308571
2021-09-23 10:30:00,5.27032745,reversal,0.4074257837913961
2021-09-23 11:30:00,5.2609663,range,0.6059263082798054
2021-09-23 14:00:00,5.2984109,range,0.6059263082798054
2021-09-23 15:00:00,5.28904975,range,0.6622611480540791
2021-09-24 10:30:00,5.27032745,range,0.6672066495870824
2021-09-24 11:30:00,5.21416055,trend_up,0.6100032138997542
2021-09-24 14:00:00,5.2047994,range,0.6121192117337858
2021-09-24 15:00:00,5.17671595,trend_down,0.4128125722394361
2021-09-27 10:30:00,5.1299102,trend_down,0.7759613283935259
2021-09-27 11:30:00,5.10182675,trend_down,0.5313806374433732
2021-09-27 14:00:00,5.1111879,trend_down,0.4449247721223421
2021-09-27 15:00:00,5.06438215,trend_down,0.6345049628787215
2021-09-28 10:30:00,5.06438215,trend_down,0.9689210597843152
2021-09-28 11:30:00,5.10182675,trend_down,0.968840342841616
2021-09-28 14:00:00,5.0924656,trend_down,0.8927407182097999
2021-09-28 15:00:00,5.08310445,trend_down,0.8927407182097999
2021-09-29 10:30:00,5.0175764,trend_down,0.6504743209313295
2021-09-29 11:30:00,4.9988541,trend_down,0.5407135016471885
2021-09-29 14:00:00,5.04565985,trend_down,0.9742323281814625
2021-09-29 15:00:00,5.0362987,trend_down,0.8927407182097999
2021-09-30 10:30:00,5.02693755,trend_down,0.9679511336517824
2021-09-30 11:30:00,4.9801318,trend_down,0.9679511336517824
2021-09-30 14:00:00,5.0175764,trend_down,0.9206961464705191
2021-09-30 15:00:00,5.0175764,trend_down,0.8927407182097999
2021-10-08 10:30:00,5.0737433,trend_down,0.9569493631443057
2021-10-08 11:30:00,5.0737433,trend_down,0.8596638413505254
2021-10-08 14:00:00,5.055021,trend_down,0.5995452105459698
2021-10-08 15:00:00,5.06438215,range,0.7039203067203377
2021-10-11 10:30:00,5.06438215,trend_down,0.5367166107313713
2021-10-11 11:30:00,5.055021,trend_down,0.6159256428573411
2021-10-11 14:00:00,5.04565985,trend_down,0.5946728142793603
2021-10-11 15:00:00,5.0362987,trend_down,0.7075252337545701
2021-10-12 10:30:00,4.9801318,trend_down,0.6981159566911366
2021-10-12 11:30:00,4.9614095,trend_down,0.6807805462672358
2021-10-12 14:00:00,4.9239649,trend_down,0.6807805462672358
2021-10-12 15:00:00,4.9426872,trend_down,0.620787067642963
2021-10-13 10:30:00,4.9426872,trend_down,0.9206961464705191
2021-10-13 11:30:00,4.9426872,trend_down,0.7622483889464412
2021-10-13 14:00:00,4.9801318,trend_down,0.9661863672976857
2021-10-13 15:00:00,4.9426872,trend_down,0.967029182099857
2021-10-14 10:30:00,4.93332605,trend_down,0.886942038506704
2021-10-14 11:30:00,4.95204835,trend_down,0.9653094962875512
2021-10-14 14:00:00,4.9614095,trend_down,0.8920597894315797
2021-10-14 15:00:00,4.95204835,trend_down,0.8920597894315797
2021-10-15 10:30:00,4.9426872,trend_down,0.9653094962875512
2021-10-15 11:30:00,4.9426872,trend_down,0.8920597894315797
2021-10-15 14:00:00,4.93332605,trend_down,0.8920597894315797
2021-10-15 15:00:00,4.91460375,trend_down,0.817405401579058
2021-10-18 10:30:00,4.9052426,trend_down,0.7326889203215867
2021-10-18 11:30:00,4.9239649,trend_down,0.8106573326538037
2021-10-18 14:00:00,4.93332605,trend_down,0.5946728142793603
2021-10-18 15:00:00,4.9239649,range,0.5073260790094631
2021-10-19 10:30:00,4.9614095,range,0.6498108345124656
2021-10-19 11:30:00,4.9614095,range,0.8881710623963003
2021-10-19 14:00:00,4.9426872,range,0.8881710623963003
2021-10-19 15:00:00,4.9426872,range,0.8881710623963003
2021-10-20 10:30:00,4.9426872,range,0.8966901890453052
2021-10-20 11:30:00,4.95204835,range,0.8966901890453052
2021-10-20 14:00:00,4.93332605,range,0.7874824008533569
2021-10-20 15:00:00,4.9239649,range,0.8105769839318411
2021-10-21 10:30:00,4.91460375,range,0.7863367821971079
2021-10-21 11:30:00,4.9426872,range,0.7965110756279783
2021-10-21 14:00:00,4.9052426,range,0.5198817745810703
2021-10-21 15:00:00,4.9052426,trend_down,0.5169265270206646
2021-10-22 10:30:00,4.91460375,range,0.49367613118705433
2021-10-22 11:30:00,4.91460375,range,0.516177559255072
2021-10-22 14:00:00,4.91460375,range,0.5223252786344998
2021-10-22 15:00:00,4.9052426,range,0.5203821520414154
2021-10-25 10:30:00,4.83971455,trend_down,0.6202145955240616
2021-10-25 11:30:00,4.82099225,trend_down,0.8214709580642875
2021-10-25 14:00:00,4.8303534,trend_down,0.5018401695351038
2021-10-25 15:00:00,4.8865203,trend_down,0.7542529195403871
2021-10-26 10:30:00,4.9239649,reversal,0.46156180277256204
2021-10-26 11:30:00,4.9239649,trend_up,0.6167259434089779
2021-10-26 14:00:00,4.91460375,trend_up,0.5470762848038857
2021-10-26 15:00:00,4.89588145,trend_down,0.5470762848038857
2021-10-27 10:30:00,4.78354765,trend_down,0.7478207301104357
2021-10-27 11:30:00,4.78354765,trend_down,0.8242692209822691
2021-10-27 14:00:00,4.7929088,trend_down,0.6632045106963158
2021-10-27 15:00:00,4.7741865,trend_down,0.6841023308171363
2021-10-28 10:30:00,4.7554642,trend_down,0.8238883348125268
2021-10-28 11:30:00,4.76482535,trend_down,0.9025359750836585
2021-10-28 14:00:00,4.7741865,trend_down,0.9019048519618212
2021-10-28 15:00:00,4.7554642,trend_down,0.9696978493388541
2021-10-29 10:30:00,4.78354765,trend_down,0.9331059479786932
2021-10-29 11:30:00,4.7929088,trend_down,0.9680422957267861
2021-10-29 14:00:00,4.7929088,trend_down,0.863612138995893
2021-10-29 15:00:00,4.78354765,trend_down,0.8902144987503774
2021-11-01 10:30:00,4.8303534,trend_down,0.7939991758485883
2021-11-01 11:30:00,4.83971455,trend_down,0.5894533561033574
2021-11-01 14:00:00,4.82099225,trend_up,0.6073029387372603
2021-11-01 15:00:00,4.8303534,range,0.455445798709778
2021-11-02 10:30:00,4.82099225,trend_up,0.5693234864679636
2021-11-02 11:30:00,4.7929088,trend_down,0.8156601237330515
2021-11-02 14:00:00,4.76482535,trend_down,0.8375576247161503
2021-11-02 15:00:00,4.78354765,trend_down,0.5182498481931086
2021-11-03 10:30:00,4.70865845,trend_down,0.7542469145748595
2021-11-03 11:30:00,4.7554642,trend_down,0.7177877360565809
2021-11-03 14:00:00,4.72738075,trend_down,0.9206961464705191
2021-11-03 15:00:00,4.7367419,trend_down,0.9206961464705191
2021-11-04 10:30:00,4.72738075,trend_down,0.9206961464705191
2021-11-04 11:30:00,4.72738075,trend_down,0.8147582894121508
2021-11-04 14:00:00,4.7180196,trend_down,0.8147582894121508
2021-11-04 15:00:00,4.72738075,trend_down,0.8147582894121508
2021-11-05 10:30:00,4.6992973,trend_down,0.9206961464705191
2021-11-05 11:30:00,4.70865845,trend_down,0.7671682660063865
2021-11-05 14:00:00,4.70865845,trend_down,0.9206961464705191
2021-11-05 15:00:00,4.68993615,trend_down,0.7671682660063865
2021-11-08 10:30:00,4.70865845,trend_down,0.8820241035008868
2021-11-08 11:30:00,4.70865845,trend_down,0.9187684356464907
2021-11-08 14:00:00,4.72738075,trend_down,0.8952284811874971
2021-11-08 15:00:00,4.7367419,range,0.566292616252631
2021-11-09 10:30:00,4.72738075,range,0.6299592696573502
2021-11-09 11:30:00,4.74610305,range,0.6299592696573502
2021-11-09 14:00:00,4.74610305,trend_up,0.5239737120696346
2021-11-09 15:00:00,4.74610305,range,0.8872046872473589
2021-11-10 10:30:00,4.7554642,range,0.6359254764265172
2021-11-10 11:30:00,4.74610305,range,0.6101895967861346
2021-11-10 14:00:00,4.76482535,range,0.5016324948275044
2021-11-10 15:00:00,4.78354765,trend_up,0.7100613190755783
2021-11-11 10:30:00,4.83971455,trend_up,0.5770509136651125
2021-11-11 11:30:00,4.8490757,trend_up,0.9567949741861582
2021-11-11 14:00:00,4.85843685,trend_up,0.9567949741861582
2021-11-11 15:00:00,4.85843685,trend_up,0.9563981051889822
2021-11-12 10:30:00,4.83971455,trend_up,0.9526892231117793
2021-11-12 11:30:00,4.8490757,trend_up,0.9505140032602493
2021-11-12 14:00:00,4.867798,trend_up,0.9505140032602493
2021-11-12 15:00:00,4.85843685,trend_up,0.878459223905384
2021-11-15 10:30:00,4.83971455,trend_up,0.8360818146694527
2021-11-15 11:30:00,4.80226995,trend_down,0.5442715107740077
2021-11-15 14:00:00,4.80226995,trend_down,0.9470025662049734
2021-11-15 15:00:00,4.8116311,trend_down,0.8164731192348211
2021-11-16 10:30:00,4.82099225,trend_down,0.8156601237330515
2021-11-16 11:30:00,4.82099225,trend_down,0.5963623155074708
2021-11-16 14:00:00,4.80226995,trend_down,0.7970122181324113
2021-11-16 15:00:00,4.7929088,trend_down,0.7707603053954855
2021-11-17 10:30:00,4.82099225,trend_down,0.7939991758485883
2021-11-17 11:30:00,4.8116311,trend_down,0.6491959135829651
2021-11-17 14:00:00,4.82099225,range,0.5731823569743637
2021-11-17 15:00:00,4.80226995,range,0.8072668076257075
2021-11-18 10:30:00,4.80226995,range,0.6356567985997432
2021-11-18 11:30:00,4.82099225,range,0.7722451375612671
2021-11-18 14:00:00,4.80226995,range,0.7863367821971079
2021-11-18 15:00:00,4.78354765,range,0.5198817745810703
2021-11-19 10:30:00,4.8303534,range,0.7863367821971079
2021-11-19 11:30:00,4.82099225,range,0.7722451375612671
2021-11-19 14:00:00,4.8865203,trend_up,0.5730927016032309
2021-11-19 15:00:00,4.87715915,trend_up,0.6699487547624922
2021-11-22 10:30:00,4.8490757,trend_up,0.6741413246130572
2021-11-22 11:30:00,4.87715915,trend_up,0.7515552165366696
2021-11-22 14:00:00,4.867798,trend_up,0.7674418169778481
2021-11-22 15:00:00,4.8865203,trend_up,0.7440211920789942
2021-11-23 10:30:00,4.9052426,trend_up,0.7440211920789942
2021-11-23 11:30:00,4.89588145,trend_up,0.9438657732455722
2021-11-23 14:00:00,4.87715915,trend_up,0.9438657732455722
2021-11-23 15:00:00,4.867798,trend_up,0.8199282075881936
2021-11-24 10:30:00,4.87715915,trend_up,0.9236042312450827
2021-11-24 11:30:00,4.867798,trend_down,0.7119282201741393
2021-11-24 14:00:00,4.87715915,trend_up,0.7747671801672509
2021-11-24 15:00:00,4.867798,range,0.4977314251045974
2021-11-25 10:30:00,4.8303534,trend_down,0.7224773335313012
2021-11-25 11:30:00,4.83971455,trend_down,0.6609137486792392
2021-11-25 14:00:00,4.8490757,trend_down,0.7224773335313012
2021-11-25 15:00:00,4.83971455,range,0.4842447860690605
2021-11-26 10:30:00,4.83971455,trend_down,0.9058461351597149
2021-11-26 11:30:00,4.83971455,range,0.5519205313203397
2021-11-26 14:00:00,4.8303534,range,0.5142326823164493
2021-11-26 15:00:00,4.82099225,trend_down,0.6627757634874151
2021-11-29 10:30:00,4.78354765,trend_down,0.522368779127295
2021-11-29 11:30:00,4.7929088,trend_down,0.6573542631442072
2021-11-29 14:00:00,4.78354765,trend_down,0.861881937676793
2021-11-29 15:00:00,4.76482535,trend_down,0.9685046765251419
2021-11-30 10:30:00,4.76482535,trend_down,0.9689210597843152
2021-11-30 11:30:00,4.78354765,trend_down,0.8958711337427966
2021-11-30 14:00:00,4.76482535,trend_down,0.968840342841616
2021-11-30 15:00:00,4.76482535,trend_down,0.968840342841616
2021-12-01 10:30:00,4.8116311,trend_down,0.8157166042808843
2021-12-01 11:30:00,4.8116311,trend_down,0.7999342837378464
2021-12-01 14:00:00,4.78354765,trend_down,0.9366146637350224
2021-12-01 15:00:00,4.80226995,trend_up,0.582891918217398
2021-12-02 10:30:00,4.8116311,reversal,0.6191690191516286
2021-12-02 11:30:00,4.82099225,trend_up,0.582891918217398
2021-12-02 14:00:00,4.8116311,range,0.5189241709150464
2021-12-02 15:00:00,4.7929088,trend_down,0.7999342837378464
2021-12-03 10:30:00,4.78354765,range,0.5804155968153503
2021-12-03 11:30:00,4.82099225,range,0.8947105530629855
2021-12-03 14:00:00,4.8303534,range,0.8947105530629855
2021-12-03 15:00:00,4.83971455,range,0.8953960049953154
2021-12-06 10:30:00,4.93332605,trend_up,0.49263848748115574
2021-12-06 11:30:00,4.93332605,trend_up,0.8778388329315164
2021-12-06 14:00:00,4.89588145,trend_up,0.9558414499823895
2021-12-06 15:00:00,4.83971455,trend_up,0.9448570951446239
2021-12-07 10:30:00,4.85843685,trend_up,0.8581487862286942
2021-12-07 11:30:00,4.87715915,trend_up,0.9558414499823895
2021-12-07 14:00:00,4.8490757,trend_up,0.9355279931890701
2021-12-07 15:00:00,4.85843685,trend_up,0.5954143118264487
2021-12-08 10:30:00,4.85843685,trend_up,0.8155130958834124
2021-12-08 11:30:00,4.9239649,trend_up,0.8403711591520251
2021-12-08 14:00:00,4.91460375,trend_up,0.8476049507089167
2021-12-08 15:00:00,4.9426872,trend_up,0.6568606786685081
2021-12-09 10:30:00,5.0175764,trend_up,0.4975047184137909
2021-12-09 11:30:00,5.04565985,trend_up,0.5293985367695945
2021-12-09 14:00:00,5.04565985,trend_up,0.5293985367695945
2021-12-09 15:00:00,5.02693755,trend_up,0.9742323281814625
2021-12-10 10:30:00,4.9988541,trend_up,0.938106489634533
2021-12-10 11:30:00,4.97077065,trend_up,0.9735686106763175
2021-12-10 14:00:00,4.9801318,trend_up,0.9254264981159408
2021-12-10 15:00:00,4.9239649,trend_up,0.545632599966392
2021-12-13 10:30:00,5.00821525,trend_up,0.8204744981771703
2021-12-13 11:30:00,5.00821525,trend_up,0.8812855876076623
2021-12-13 14:00:00,4.97077065,trend_down,0.5784702925237408
2021-12-13 15:00:00,4.9801318,range,0.5592954350852848
2021-12-14 10:30:00,4.9614095,trend_up,0.7050507489841378
2021-12-14 11:30:00,4.97077065,trend_up,0.7688873986619396
2021-12-14 14:00:00,4.97077065,range,0.5056560035513842
2021-12-14 15:00:00,4.97077065,range,0.5056560035513842
2021-12-15 10:30:00,5.00821525,trend_up,0.7010959321612099
2021-12-15 11:30:00,4.98949295,trend_up,0.5210372069591409
2021-12-15 14:00:00,5.00821525,trend_up,0.7080317345949005
2021-12-15 15:00:00,4.98949295,trend_up,0.5079855202092495
2021-12-16 10:30:00,5.0175764,trend_up,0.7023470941254666
2021-12-16 11:30:00,5.0175764,trend_up,0.7624714097997891
2021-12-16 14:00:00,5.00821525,trend_up,0.5177646269349031
2021-12-16 15:00:00,5.04565985,trend_up,0.5838886751055224
2021-12-17 10:30:00,5.0362987,trend_up,0.7124680888866436
2021-12-17 11:30:00,5.0175764,trend_up,0.6570567877669611
2021-12-17 14:00:00,5.0175764,trend_up,0.7137135907345468
2021-12-17 15:00:00,5.00821525,range,0.783641678197764
2021-12-20 10:30:00,4.98949295,range,0.795484194260536
2021-12-20 11:30:00,4.97077065,trend_down,0.6615824891304735
2021-12-20 14:00:00,4.97077065,range,0.5592954350852848
2021-12-20 15:00:00,4.93332605,range,0.795484194260536
2021-12-21 10:30:00,4.9426872,trend_down,0.5356352519973492
2021-12-21 11:30:00,4.98949295,range,0.7870762248465117
2021-12-21 14:00:00,5.055021,trend_up,0.5956268794126075
2021-12-21 15:00:00,5.0362987,range,0.6052085078829801
2021-12-22 10:30:00,5.0175764,trend_up,0.7120327792700281
2021-12-22 11:30:00,5.02693755,trend_up,0.560830937255697
2021-12-22 14:00:00,5.0362987,trend_up,0.5668873503186098
2021-12-22 15:00:00,5.0175764,trend_up,0.5967418583404716
2021-12-23 10:30:00,5.0175764,trend_up,0.7773152170942038
2021-12-23 11:30:00,5.00821525,range,0.573270183417425
2021-12-23 14:00:00,5.00821525,range,0.573270183417425
2021-12-23 15:00:00,5.00821525,range,0.7605845862260947
2021-12-24 10:30:00,4.97077065,range,0.7482809570184261
2021-12-24 11:30:00,4.9801318,range,0.7535994836059334
2021-12-24 14:00:00,4.97077065,range,0.8752594922767772
2021-12-24 15:00:00,4.97077065,range,0.7497206378675046
2021-12-27 10:30:00,4.9801318,trend_down,0.7100613190755783
2021-12-27 11:30:00,4.97077065,trend_down,0.5239737120696346
2021-12-27 14:00:00,4.97077065,trend_down,0.5239737120696346
2021-12-27 15:00:00,4.9614095,trend_down,0.5239737120696346
2021-12-28 10:30:00,4.97077065,trend_down,0.5182498481931086
2021-12-28 11:30:00,4.9614095,trend_down,0.5126015124029761
2021-12-28 14:00:00,4.9614095,trend_down,0.5126015124029761
2021-12-28 15:00:00,4.9988541,range,0.861983580007161
2021-12-29 10:30:00,5.00821525,range,0.6379345134897959
2021-12-29 11:30:00,5.00821525,range,0.7272474280313435
2021-12-29 14:00:00,5.00821525,range,0.5375381114711176
2021-12-29 15:00:00,4.9988541,trend_up,0.6145411507159195
2021-12-30 10:30:00,5.055021,trend_up,0.6340957517172122
2021-12-30 11:30:00,5.04565985,trend_up,0.8325009323973218
2021-12-30 14:00:00,5.0362987,trend_up,0.8722053219439818
2021-12-30 15:00:00,5.04565985,trend_up,0.9558414499823895
2021-12-31 10:30:00,5.04565985,trend_up,0.9361837824309376
2021-12-31 11:30:00,5.02693755,trend_up,0.8902144987503774
2021-12-31 14:00:00,5.055021,trend_up,0.9679511336517824
2021-12-31 15:00:00,5.06438215,trend_up,0.8927407182097999
2022-01-04 10:30:00,5.02693755,trend_up,0.9365728327825781
2022-01-04 11:30:00,5.055021,trend_up,0.9679511336517824
2022-01-04 14:00:00,5.0737433,trend_up,0.9547697896415398
2022-01-04 15:00:00,5.06438215,trend_up,0.9075479579203247
2022-01-05 10:30:00,5.055021,trend_up,0.9569306208080132
2022-01-05 11:30:00,5.08310445,trend_up,0.9285794203562051
2022-01-05 14:00:00,5.08310445,trend_up,0.8989257226588602
2022-01-05 15:00:00,5.0737433,trend_up,0.8989257226588602
2022-01-06 10:30:00,5.04565985,trend_up,0.44634502277909194
2022-01-06 11:30:00,5.06438215,trend_up,0.7065708320159619
2022-01-06 14:00:00,4.98949295,trend_down,0.5116207544203182
2022-01-06 15:00:00,4.9801318,trend_down,0.9058461351597149
2022-01-07 10:30:00,5.0175764,trend_up,0.5108670082306249
2022-01-07 11:30:00,5.0175764,range,0.6664668453573073
2022-01-07 14:00:00,4.9988541,trend_down,0.6672066495870825
2022-01-07 15:00:00,4.98949295,trend_down,0.6099509534841757
2022-01-10 10:30:00,4.9988541,trend_down,0.824442379215678
2022-01-10 11:30:00,4.9988541,trend_down,0.6672066495870825
2022-01-10 14:00:00,4.9988541,trend_down,0.6672066495870825
2022-01-10 15:00:00,5.00821525,range,0.5751730443407856
2022-01-11 10:30:00,5.02693755,range,0.6266505759328267
2022-01-11 11:30:00,5.02693755,range,0.8707257407161615
2022-01-11 14:00:00,4.9988541,range,0.7428245249135514
2022-01-11 15:00:00,5.00821525,range,0.8722924988506529
2022-01-12 10:30:00,4.9988541,range,0.7913419492900049
2022-01-12 11:30:00,5.00821525,range,0.8738031437839128
2022-01-12 14:00:00,5.0175764,range,0.9070860827310898
2022-01-12 15:00:00,5.0175764,range,0.8064962037434751
2022-01-13 10:30:00,5.02693755,range,0.7040783873140276
2022-01-13 11:30:00,5.00821525,range,0.8095349036905007
2022-01-13 14:00:00,5.00821525,range,0.8095349036905007
2022-01-13 15:00:00,4.9988541,range,0.8095349036905007
2022-01-14 10:30:00,4.93332605,range,0.4578620563222136
2022-01-14 11:30:00,4.91460375,trend_down,0.9410831301048292
2022-01-14 14:00:00,4.89588145,trend_down,0.6431226394626396
2022-01-14 15:00:00,4.87715915,trend_down,0.5353414024884853
2022-01-17 10:30:00,4.8865203,trend_down,0.5407135016471885
2022-01-17 11:30:00,4.91460375,trend_down,0.9679511336517824
2022-01-17 14:00:00,4.91460375,trend_down,0.9679511336517824
2022-01-17 15:00:00,4.89588145,trend_down,0.8927407182097999
2022-01-18 10:30:00,4.8865203,trend_down,0.9679511336517824
2022-01-18 11:30:00,4.9239649,trend_down,0.9735686106763175
2022-01-18 14:00:00,4.91460375,trend_down,0.9735686106763175
2022-01-18 15:00:00,4.9239649,trend_down,0.6980736040839369
2022-01-19 10:30:00,4.9239649,trend_down,0.857443604646587
2022-01-19 11:30:00,4.9052426,trend_down,0.9569493631443057
2022-01-19 14:00:00,4.89588145,trend_down,0.9653094962875512
2022-01-19 15:00:00,4.91460375,trend_down,0.8827596709537892
2022-01-20 10:30:00,4.91460375,trend_down,0.8538227567721062
2022-01-20 11:30:00,4.9614095,trend_up,0.5414110904703863
2022-01-20 14:00:00,4.9426872,reversal,0.5993022966227373
2022-01-20 15:00:00,4.95204835,range,0.685759807008504
2022-01-21 10:30:00,4.9426872,range,0.8872046872473589
2022-01-21 11:30:00,4.9426872,range,0.6125631315948684
2022-01-21 14:00:00,4.93332605,range,0.7851479446904522
2022-01-21 15:00:00,4.9426872,range,0.9090151530166732
2022-01-24 10:30:00,4.91460375,range,0.7851479446904522
2022-01-24 11:30:00,4.91460375,range,0.7863367821971079
2022-01-24 14:00:00,4.89588145,range,0.7863367821971079
2022-01-24 15:00:00,4.8865203,trend_down,0.5331812904942943
2022-01-25 10:30:00,4.7929088,trend_down,0.5800569377469402
2022-01-25 11:30:00,4.78354765,trend_down,0.9508698508057122
2022-01-25 14:00:00,4.7741865,trend_down,0.6431226394626396
2022-01-25 15:00:00,4.7180196,trend_down,0.8095860766376309
2022-01-26 10:30:00,4.72738075,trend_down,0.5293985367695945
2022-01-26 11:30:00,4.6992973,trend_down,0.9679511336517824
2022-01-26 14:00:00,4.74610305,trend_down,0.9679511336517824
2022-01-26 15:00:00,4.74610305,trend_down,0.9679511336517824
2022-01-27 10:30:00,4.70865845,trend_down,0.9679511336517824
2022-01-27 11:30:00,4.72738075,trend_down,0.9679511336517824
2022-01-27 14:00:00,4.7180196,trend_down,0.8927407182097999
2022-01-27 15:00:00,4.680575,trend_down,0.8219355018305541
2022-01-28 10:30:00,4.7180196,trend_down,0.967029182099857
2022-01-28 11:30:00,4.7367419,trend_down,0.9661863672976857
2022-01-28 14:00:00,4.7180196,trend_down,0.886942038506704
2022-01-28 15:00:00,4.68993615,trend_down,0.886942038506704
2022-02-07 10:30:00,4.7180196,trend_down,0.9297390133172877
2022-02-07 11:30:00,4.7367419,trend_down,0.855628419547505
2022-02-07 14:00:00,4.7367419,trend_down,0.855628419547505
2022-02-07 15:00:00,4.72738075,trend_down,0.8835923464260621
2022-02-08 10:30:00,4.76482535,trend_down,0.7876930355509575
2022-02-08 11:30:00,4.7554642,trend_down,0.6428670560630614
2022-02-08 14:00:00,4.80226995,range,0.4645701428517306
2022-02-08 15:00:00,4.8303534,trend_up,0.6428670560630614
2022-02-09 10:30:00,4.83971455,trend_up,0.7838034963766918
2022-02-09 11:30:00,4.8490757,trend_up,0.8689658134381623
2022-02-09 14:00:00,4.83971455,trend_up,0.8722053219439818
2022-02-09 15:00:00,4.83971455,trend_up,0.8639326827781951
2022-02-10 10:30:00,4.83971455,trend_up,0.9456385325279052
2022-02-10 11:30:00,4.85843685,trend_up,0.8964466843873214
2022-02-10 14:00:00,4.8490757,trend_up,0.8964466843873214
2022-02-10 15:00:00,4.85843685,trend_up,0.8964466843873214
2022-02-11 10:30:00,4.83971455,trend_up,0.943735358284888
2022-02-11 11:30:00,4.867798,trend_up,0.9496354774399214
2022-02-11 14:00:00,4.85843685,trend_up,0.9460652390401708
2022-02-11 15:00:00,4.83971455,trend_up,0.8672707799644854
2022-02-14 10:30:00,4.82099225,reversal,0.6017897605048871
2022-02-14 11:30:00,4.80226995,trend_down,0.8976590831882497
2022-02-14 14:00:00,4.7929088,trend_down,0.8976590831882497
2022-02-14 15:00:00,4.7929088,trend_down,0.8976590831882497
2022-02-15 10:30:00,4.8116311,trend_down,0.934401781259849
2022-02-15 11:30:00,4.80226995,trend_down,0.5543913490802855
2022-02-15 14:00:00,4.78354765,trend_down,0.8540433404472647
2022-02-15 15:00:00,4.7929088,trend_down,0.878459223905384
2022-02-16 10:30:00,4.7929088,trend_down,0.7077603272823539
2022-02-16 11:30:00,4.80226995,trend_down,0.5901611865688013
2022-02-16 14:00:00,4.7929088,trend_down,0.5869865257032929
2022-02-16 15:00:00,4.7929088,trend_down,0.6646317013055155
2022-02-17 10:30:00,4.7929088,trend_down,0.8496947200701986
2022-02-17 11:30:00,4.78354765,trend_down,0.6981159566911366
2022-02-17 14:00:00,4.76482535,trend_down,0.8537198224700129
2022-02-17 15:00:00,4.7554642,trend_down,0.6747742552505237
2022-02-18 10:30:00,4.74610305,trend_down,0.8362757371849117
2022-02-18 11:30:00,4.74610305,trend_down,0.8986267431189191
2022-02-18 14:00:00,4.7554642,trend_down,0.8656902338736445
2022-02-18 15:00:00,4.76482535,trend_down,0.8656902338736445
2022-02-21 10:30:00,4.76482535,trend_down,0.8656902338736445
2022-02-21 11:30:00,4.7741865,trend_down,0.6145877178636258
2022-02-21 14:00:00,4.76482535,trend_down,0.6342174542420594
2022-02-21 15:00:00,4.7741865,range,0.7273551409951408
2022-02-22 10:30:00,4.7554642,trend_down,0.5503128169261071
2022-02-22 11:30:00,4.72738075,trend_down,0.6327355125869475
2022-02-22 14:00:00,4.72738075,trend_down,0.6142278302391536
2022-02-22 15:00:00,4.7367419,trend_down,0.6319715045658091
2022-02-23 10:30:00,4.74610305,trend_down,0.6342174542420594
2022-02-23 11:30:00,4.7554642,trend_down,0.5670731782514292
2022-02-23 14:00:00,4.76482535,range,0.8995198748281642
2022-02-23 15:00:00,4.76482535,range,0.7926115006951292
2022-02-24 10:30:00,4.74610305,range,0.7100399516877395
2022-02-24 11:30:00,4.72738075,trend_down,0.5631657712169689
2022-02-24 14:00:00,4.65249155,breakout_down,0.4482922937390147
2022-02-24 15:00:00,4.6431304,trend_down,0.7949667203703942
2022-02-25 10:30:00,4.6618527,trend_down,0.8612978915360555
2022-02-25 11:30:00,4.63376925,trend_down,0.9569306208080132
2022-02-25 14:00:00,4.6431304,trend_down,0.9230955164120815
2022-02-25 15:00:00,4.63376925,trend_down,0.8989257226588602
2022-02-28 10:30:00,4.6056858,trend_down,0.9339013390805402
2022-02-28 11:30:00,4.6056858,trend_down,0.9705246689210671
2022-02-28 14:00:00,4.61504695,trend_down,0.9705246689210671
2022-02-28 15:00:00,4.59632465,trend_down,0.9019048519618212
2022-03-01 10:30:00,4.59632465,trend_down,0.9705246689210671
2022-03-01 11:30:00,4.59632465,trend_down,0.927690188616068
2022-03-01 14:00:00,4.5869635,trend_down,0.927690188616068
2022-03-01 15:00:00,4.61504695,trend_down,0.9310376619313472
2022-03-02 10:30:00,4.5869635,trend_down,0.9268955060706154
2022-03-02 11:30:00,4.5869635,trend_down,0.9742323281814625
2022-03-02 14:00:00,4.6056858,trend_down,0.9236042312450827
2022-03-02 15:00:00,4.6056858,trend_down,0.9735686106763175
2022-03-03 10:30:00,4.61504695,trend_down,0.912270311325252
2022-03-03 11:30:00,4.61504695,trend_down,0.8983132835346506
2022-03-03 14:00:00,4.61504695,trend_down,0.8202936324525594
2022-03-03 15:00:00,4.61504695,range,0.6951774987088121
2022-03-04 10:30:00,4.61504695,trend_down,0.49798063652844
2022-03-04 11:30:00,4.61504695,range,0.783641678197764
2022-03-04 14:00:00,4.59632465,trend_down,0.6518016609119309
2022-03-04 15:00:00,4.6056858,range,0.5073260790094631
2022-03-07 10:30:00,4.61504695,range,0.6148753093714072
2022-03-07 11:30:00,4.61504695,range,0.6606895095186037
2022-03-07 14:00:00,4.61504695,trend_down,0.528801737056278
2022-03-07 15:00:00,4.61504695,trend_down,0.6080942679989582
2022-03-08 10:30:00,4.61504695,range,0.6663360174600542
2022-03-08 11:30:00,4.6056858,trend_down,0.5808420654901496
2022-03-08 14:00:00,4.6244081,range,0.830606635488362
2022-03-08 15:00:00,4.5307966,trend_down,0.8447867912304544
2022-03-09 10:30:00,4.493352,trend_down,0.6764746394018538
2022-03-09 11:30:00,4.39037935,breakout_down,0.4482922937390147
2022-03-09 14:00:00,4.31549015,breakout_down,0.4452658905757582
2022-03-09 15:00:00,4.3435736,trend_down,0.9679556215260039
2022-03-10 10:30:00,4.3997405,trend_down,0.9074700472430703
2022-03-10 11:30:00,4.39037935,trend_down,0.9174585307035468
2022-03-10 14:00:00,4.35293475,trend_down,0.9626327006777528
2022-03-10 15:00:00,4.3435736,trend_down,0.968840342841616
2022-03-11 10:30:00,4.25932325,trend_down,0.8180974360144804
2022-03-11 11:30:00,4.2312398,trend_down,0.9742323281814625
2022-03-11 14:00:00,4.37165705,trend_down,0.47738090480986145
2022-03-11 15:00:00,4.44654625,trend_down,0.7411998394821272
2022-03-14 10:30:00,4.44654625,reversal,0.51737757908519
2022-03-14 11:30:00,4.46526855,trend_down,0.7970122181324113
2022-03-14 14:00:00,4.44654625,trend_up,0.5963623155074708
2022-03-14 15:00:00,4.40910165,trend_down,0.7970122181324113
2022-03-15 10:30:00,4.40910165,trend_down,0.5428647267691095
2022-03-15 11:30:00,4.3622959,trend_down,0.8156601237330515
2022-03-15 14:00:00,4.3248513,trend_down,0.8156601237330515
2022-03-15 15:00:00,4.2312398,trend_down,0.9003869920514468
2022-03-16 10:30:00,4.25932325,trend_down,0.9003869920514468
2022-03-16 11:30:00,4.2874067,trend_down,0.9156880955987667
2022-03-16 14:00:00,4.42782395,reversal,0.5284332270609065
2022-03-16 15:00:00,4.46526855,range,0.5076080356158018
2022-03-17 10:30:00,4.4371851,trend_up,0.4981333683671084
2022-03-17 11:30:00,4.46526855,range,0.5076080356158018
2022-03-17 14:00:00,4.4559074,trend_up,0.8968908735351956
2022-03-17 15:00:00,4.4371851,trend_up,0.5720665698542748
2022-03-18 10:30:00,4.4371851,trend_up,0.5126015124029761
2022-03-18 11:30:00,4.42782395,range,0.5913082628701426
2022-03-18 14:00:00,4.48399085,trend_up,0.5720665698542747
2022-03-18 15:00:00,4.46526855,trend_up,0.504960685561156
2022-03-21 10:30:00,4.4371851,range,0.6170851789055269
2022-03-21 11:30:00,4.4371851,trend_up,0.5126015124029761
2022-03-21 14:00:00,4.4184628,range,0.8071915136673933
2022-03-21 15:00:00,4.42782395,range,0.8071915136673933
2022-03-22 10:30:00,4.4371851,range,0.8071915136673933
2022-03-22 11:30:00,4.4559074,range,0.8071915136673933
2022-03-22 14:00:00,4.46526855,range,0.8391249478557303
2022-03-22 15:00:00,4.44654625,range,0.5118302389815961
2022-03-23 10:30:00,4.44654625,range,0.5118302389815961
2022-03-23 11:30:00,4.4371851,range,0.6487499418822851
2022-03-23 14:00:00,4.4371851,range,0.6487499418822851
2022-03-23 15:00:00,4.4371851,range,0.664060939026449
2022-03-24 10:30:00,4.3810182,trend_down,0.7805250234756919
2022-03-24 11:30:00,4.3997405,trend_down,0.6359685894540297
2022-03-24 14:00:00,4.39037935,trend_down,0.8375576247161503
2022-03-24 15:00:00,4.3622959,trend_down,0.837145802717449
2022-03-25 10:30:00,4.37165705,trend_down,0.6601022639809804
2022-03-25 11:30:00,4.37165705,trend_down,0.8902144987503774
2022-03-25 14:00:00,4.35293475,trend_down,0.8898630022896238
2022-03-25 15:00:00,4.33421245,trend_down,0.8902144987503774
2022-03-28 10:30:00,4.3622959,trend_down,0.7924102885147255
2022-03-28 11:30:00,4.39037935,trend_down,0.9581306173140381
2022-03-28 14:00:00,4.40910165,trend_down,0.7970122181324113
2022-03-28 15:00:00,4.39037935,trend_up,0.5963623155074708
2022-03-29 10:30:00,4.39037935,trend_up,0.6073029387372603
2022-03-29 11:30:00,4.37165705,range,0.6767270180912871
2022-03-29 14:00:00,4.39037935,range,0.6130512033176081
2022-03-29 15:00:00,4.37165705,trend_down,0.5954143118264487
2022-03-30 10:30:00,4.4371851,range,0.41013974631282873
2022-03-30 11:30:00,4.4746297,range,0.5991481889811004
2022-03-30 14:00:00,4.48399085,range,0.3748365605497047
2022-03-30 15:00:00,4.48399085,trend_up,0.6609137486792392
2022-03-31 10:30:00,4.74610305,trend_up,0.47559114297481014
2022-03-31 11:30:00,4.680575,trend_up,0.9074700472430703
2022-03-31 14:00:00,4.6618527,trend_up,0.938106489634533
2022-03-31 15:00:00,4.63376925,trend_up,0.9569306208080132
2022-04-01 10:30:00,4.6244081,trend_up,0.938106489634533
2022-04-01 11:30:00,4.6618527,trend_up,0.9742323281814625
2022-04-01 14:00:00,4.6618527,trend_up,0.9742323281814625
2022-04-01 15:00:00,4.680575,trend_up,0.9206961464705191
2022-04-06 10:30:00,4.67121385,trend_up,0.938106489634533
2022-04-06 11:30:00,4.680575,trend_up,0.967029182099857
2022-04-06 14:00:00,4.680575,trend_up,0.8895342149017359
2022-04-06 15:00:00,4.7180196,trend_up,0.967029182099857
2022-04-07 10:30:00,4.680575,trend_up,0.967029182099857
2022-04-07 11:30:00,4.65249155,trend_up,0.9653094962875512
2022-04-07 14:00:00,4.6244081,trend_up,0.9653094962875512
2022-04-07 15:00:00,4.5869635,trend_down,0.6073029387372603
2022-04-08 10:30:00,4.6244081,trend_down,0.6073029387372603
2022-04-08 11:30:00,4.6056858,range,0.4645701428517306
2022-04-08 14:00:00,4.67121385,trend_up,0.8156601237330515
2022-04-08 15:00:00,4.6431304,trend_up,0.6428670560630614
2022-04-11 10:30:00,4.63376925,trend_down,0.5645989289760663
2022-04-11 11:30:00,4.67121385,range,0.5799617300945734
2022-04-11 14:00:00,4.6431304,range,0.7699950043755834
2022-04-11 15:00:00,4.61504695,range,0.455445798709778
2022-04-12 10:30:00,4.52143545,trend_down,0.4591543532540193
2022-04-12 11:30:00,4.50271315,trend_down,0.790893365222354
2022-04-12 14:00:00,4.6992973,trend_up,0.5366100519903155
2022-04-12 15:00:00,4.680575,trend_up,0.9096603708933312
2022-04-13 10:30:00,4.57760235,trend_down,0.5529036999713479
2022-04-13 11:30:00,4.5682412,trend_down,0.6554353925269597
2022-04-13 14:00:00,4.63376925,trend_down,0.6073029387372603
2022-04-13 15:00:00,4.5682412,trend_down,0.5183425986193364
2022-04-14 10:30:00,4.6431304,range,0.6210429185113224
2022-04-14 11:30:00,4.6431304,range,0.6813037943603433
2022-04-14 14:00:00,4.63376925,range,0.6813037943603433
2022-04-14 15:00:00,4.59632465,range,0.8872046872473589
2022-04-15 10:30:00,4.6431304,range,0.6299592696573502
2022-04-15 11:30:00,4.59632465,range,0.7535994836059334
2022-04-15 14:00:00,4.6056858,range,0.8752594922767772
2022-04-15 15:00:00,4.6056858,range,0.8752594922767772
2022-04-18 10:30:00,4.48399085,range,0.5188833251976028
2022-04-18 11:30:00,4.4746297,trend_down,0.5110918184132843
2022-04-18 14:00:00,4.5120743,trend_down,0.7010959321612099
2022-04-18 15:00:00,4.5120743,trend_down,0.5110918184132843
2022-04-19 10:30:00,4.4746297,trend_down,0.5110918184132843
2022-04-19 11:30:00,4.48399085,trend_down,0.5869865257032929
2022-04-19 14:00:00,4.46526855,trend_down,0.9179802441287964
2022-04-19 15:00:00,4.493352,trend_down,0.9162450753751263
2022-04-20 10:30:00,4.48399085,trend_down,0.886942038506704
2022-04-20 11:30:00,4.493352,trend_down,0.886942038506704
2022-04-20 14:00:00,4.46526855,trend_down,0.9661863672976857
2022-04-20 15:00:00,4.4184628,trend_down,0.9648225560407628
2022-04-21 10:30:00,4.4559074,trend_down,0.8895342149017359
2022-04-21 11:30:00,4.39037935,trend_down,0.9657403028662794
2022-04-21 14:00:00,4.3997405,trend_down,0.9252994599362988
2022-04-21 15:00:00,4.3622959,trend_down,0.5390484451925946
2022-04-22 10:30:00,4.37165705,trend_down,0.5293985367695945
2022-04-22 11:30:00,4.39037935,trend_down,0.9705246689210671
2022-04-22 14:00:00,4.42782395,trend_down,0.9697684139280737
2022-04-22 15:00:00,4.3810182,trend_down,0.9705246689210671
2022-04-25 10:30:00,4.67121385,trend_up,0.4937850020109617
2022-04-25 11:30:00,4.82099225,trend_up,0.7829384443132585
2022-04-25 14:00:00,4.82099225,trend_up,0.7479605074668247
2022-04-25 15:00:00,4.82099225,trend_up,0.8224493059553478
2022-04-26 10:30:00,4.72738075,trend_up,0.9074700472430703
2022-04-26 11:30:00,4.680575,trend_up,0.938106489634533
2022-04-26 14:00:00,4.6431304,trend_up,0.9236042312450827
2022-04-26 15:00:00,4.65249155,trend_up,0.9735686106763175
2022-04-27 10:30:00,4.18443405,trend_down,0.7451624214861237
2022-04-27 11:30:00,4.18443405,trend_down,0.8924538871098078
2022-04-27 14:00:00,4.2499621,trend_down,0.8609048307728409
2022-04-27 15:00:00,4.29676785,trend_down,0.9567949741861582
2022-04-28 10:30:00,3.99721105,trend_down,0.7779103232958292
2022-04-28 11:30:00,3.9878499,trend_down,0.9230955164120815
2022-04-28 14:00:00,3.9878499,trend_down,0.7716231358784297
2022-04-28 15:00:00,3.9504053,trend_down,0.7893644296862882
2022-04-29 10:30:00,4.07210025,trend_down,0.9742323281814625
2022-04-29 11:30:00,4.0440168,trend_down,0.9182273385573261
2022-04-29 14:00:00,4.118906,trend_down,0.7710246341726141
2022-04-29 15:00:00,4.09082255,trend_down,0.9182273385573261
2022-05-05 10:30:00,4.01593335,trend_down,0.9182273385573261
2022-05-05 11:30:00,4.03465565,trend_down,0.9182273385573261
2022-05-05 14:00:00,4.0252945,trend_down,0.9182273385573261
2022-05-05 15:00:00,4.0252945,trend_down,0.9182273385573261
2022-05-06 10:30:00,3.94104415,trend_down,0.9182273385573261
2022-05-06 11:30:00,3.8755161,trend_down,0.8264601616968841
2022-05-06 14:00:00,3.8755161,trend_down,0.9182273385573261
2022-05-06 15:00:00,3.8567938,trend_down,0.6280224890544183
2022-05-09 10:30:00,3.86615495,trend_down,0.6537255360960813
2022-05-09 11:30:00,3.88487725,trend_down,0.9182273385573261
2022-05-09 14:00:00,3.88487725,trend_down,0.9162450753751263
2022-05-09 15:00:00,3.8942384,trend_down,0.9162450753751263
2022-05-10 10:30:00,3.931683,trend_down,0.9653094962875512
2022-05-10 11:30:00,3.9129607,trend_down,0.9162450753751263
2022-05-10 14:00:00,3.931683,trend_down,0.8888063780690166
2022-05-10 15:00:00,3.931683,trend_down,0.8888063780690166
2022-05-11 10:30:00,3.9691276,trend_down,0.9544574003068366
2022-05-11 11:30:00,4.0252945,trend_down,0.8156601237330515
2022-05-11 14:00:00,3.99721105,trend_up,0.8055128184938566
2022-05-11 15:00:00,3.94104415,trend_down,0.7876930355509575
2022-05-12 10:30:00,3.94104415,trend_down,0.932025720133591
2022-05-12 11:30:00,3.9691276,range,0.5542730275260896
2022-05-12 14:00:00,3.94104415,trend_down,0.7876930355509575
2022-05-12 15:00:00,3.9504053,trend_down,0.7530322317007375
2022-05-13 10:30:00,3.9691276,trend_down,0.6910003035373161
2022-05-13 11:30:00,3.97848875,range,0.8766633165993692
2022-05-13 14:00:00,3.9691276,range,0.8766633165993692
2022-05-13 15:00:00,3.9691276,range,0.9075020440909478
2022-05-16 10:30:00,3.9504053,range,0.7863367821971079
2022-05-16 11:30:00,3.94104415,range,0.6635394563209284
2022-05-16 14:00:00,3.95976645,range,0.6635394563209284
2022-05-16 15:00:00,3.931683,range,0.5537895366448894
2022-05-17 10:30:00,3.8755161,trend_down,0.5428037142509133
2022-05-17 11:30:00,3.92232185,trend_down,0.5906161733765932
2022-05-17 14:00:00,3.90359955,range,0.5198817745810702
2022-05-17 15:00:00,3.931683,range,0.7992461104283038
2022-05-18 10:30:00,3.94104415,range,0.8088533280053264
2022-05-18 11:30:00,3.94104415,range,0.6996090102286588
2022-05-18 14:00:00,3.9504053,range,0.8953960049953152
2022-05-18 15:00:00,3.92232185,range,0.72067736070684
2022-05-19 10:30:00,3.90359955,range,0.5440509055916875
2022-05-19 11:30:00,3.9129607,range,0.7944082812778827
2022-05-19 14:00:00,3.90359955,range,0.8098109958314111
2022-05-19 15:00:00,3.92232185,range,0.8226563603240349
2022-05-20 10:30:00,3.9504053,range,0.794173851647344
2022-05-20 11:30:00,3.9691276,range,0.9088724338911096
2022-05-20 14:00:00,3.9691276,range,0.8098109958314111
2022-05-20 15:00:00,3.97848875,range,0.9068654402922653
2022-05-23 10:30:00,3.97848875,range,0.6052085078829801
2022-05-23 11:30:00,3.9878499,range,0.6659571391723047
2022-05-23 14:00:00,4.0065722,trend_up,0.824715997557153
2022-05-23 15:00:00,4.0065722,trend_up,0.6163344414591361
2022-05-24 10:30:00,3.97848875,trend_up,0.7106395839185992
2022-05-24 11:30:00,3.9504053,trend_up,0.8320224970205874
2022-05-24 14:00:00,3.9504053,range,0.8817872619998535
2022-05-24 15:00:00,3.8942384,trend_down,0.916188710282666
2022-05-25 10:30:00,3.9129607,trend_down,0.9104710274082042
2022-05-25 11:30:00,3.92232185,trend_down,0.916188710282666
2022-05-25 14:00:00,3.9129607,trend_down,0.9334337888308885
2022-05-25 15:00:00,3.931683,trend_down,0.9503321939726675
2022-05-26 10:30:00,3.931683,trend_down,0.7870738253464631
2022-05-26 11:30:00,3.99721105,range,0.725619728005254
2022-05-26 14:00:00,3.9878499,range,0.6079654828258081
2022-05-26 15:00:00,3.97848875,range,0.9080674093593406
2022-05-27 10:30:00,3.99721105,reversal,0.5561637340030464
2022-05-27 11:30:00,3.99721105,trend_up,0.8643305360863296
2022-05-27 14:00:00,3.9691276,trend_up,0.8643305360863296
2022-05-27 15:00:00,3.9691276,trend_up,0.8282807928201137
2022-05-30 10:30:00,3.97848875,trend_up,0.824442379215678
2022-05-30 11:30:00,3.9691276,trend_up,0.6609137486792392
2022-05-30 14:00:00,3.95976645,range,0.8722924988506529
2022-05-30 15:00:00,3.9691276,range,0.8738031437839128
2022-05-31 10:30:00,3.97848875,range,0.7995050735526689
2022-05-31 11:30:00,4.0065722,range,0.7535994836059334
2022-05-31 14:00:00,3.9878499,trend_up,0.4639852444248265
2022-05-31 15:00:00,4.0065722,trend_up,0.4575409025288313
2022-06-01 10:30:00,4.0065722,trend_up,0.5182498481931086
2022-06-01 11:30:00,3.9878499,trend_up,0.5182498481931086
2022-06-01 14:00:00,3.9691276,range,0.8034067673847938
2022-06-01 15:00:00,3.99721105,range,0.8034067673847938
2022-06-02 10:30:00,3.97848875,range,0.6356567985997432
2022-06-02 11:30:00,4.0252945,range,0.6498108345124656
2022-06-02 14:00:00,4.0252945,range,0.8071915136673933
2022-06-02 15:00:00,4.0252945,range,0.7722451375612671
2022-06-06 10:30:00,4.0627391,trend_up,0.4247525245250973
2022-06-06 11:30:00,4.10954485,trend_up,0.9285794203562051
2022-06-06 14:00:00,4.10954485,trend_up,0.5407135016471885
2022-06-06 15:00:00,4.10954485,trend_up,0.9028419690136968
2022-06-07 10:30:00,4.118906,trend_up,0.5293985367695945
2022-06-07 11:30:00,4.12826715,trend_up,0.9742323281814625
2022-06-07 14:00:00,4.09082255,trend_up,0.9742323281814625
2022-06-07 15:00:00,4.1001837,trend_up,0.967029182099857
2022-06-08 10:30:00,4.118906,trend_up,0.967029182099857
2022-06-08 11:30:00,4.09082255,trend_up,0.9306137682501783
2022-06-08 14:00:00,4.118906,trend_up,0.9679511336517824
2022-06-08 15:00:00,4.1376283,trend_up,0.9679511336517824
2022-06-09 10:30:00,4.16571175,trend_up,0.5293985367695945
2022-06-09 11:30:00,4.14698945,trend_up,0.9742323281814625
2022-06-09 14:00:00,4.1376283,trend_up,0.968840342841616
2022-06-09 15:00:00,4.12826715,trend_up,0.968840342841616
2022-06-10 10:30:00,4.1563506,trend_up,0.938106489634533
2022-06-10 11:30:00,4.18443405,trend_up,0.9696978493388541
2022-06-10 14:00:00,4.20315635,trend_up,0.9696978493388541
2022-06-10 15:00:00,4.22187865,trend_up,0.5025857758013585
2022-06-13 10:30:00,4.37165705,breakout_up,0.47683102472388567
2022-06-13 11:30:00,4.3435736,trend_up,0.9679556215260039
2022-06-13 14:00:00,4.306129,trend_up,0.9679556215260039
2022-06-13 15:00:00,4.3248513,trend_up,0.9679556215260039
2022-06-14 10:30:00,4.2686844,trend_up,0.9074700472430703
2022-06-14 11:30:00,4.20315635,trend_up,0.9376630151002645
2022-06-14 14:00:00,4.2499621,trend_up,0.9376630151002645
2022-06-14 15:00:00,4.50271315,trend_up,0.7949667203703942
2022-06-15 10:30:00,4.59632465,trend_up,0.5699592919668262
2022-06-15 11:30:00,4.70865845,trend_up,0.5293985367695945
2022-06-15 14:00:00,4.82099225,trend_up,0.5293985367695945
2022-06-15 15:00:00,4.6056858,trend_up,0.9679556215260039
2022-06-16 10:30:00,4.52143545,trend_up,0.9074700472430703
2022-06-16 11:30:00,4.493352,trend_up,0.8965282913525047
2022-06-16 14:00:00,4.4559074,trend_up,0.8965282913525047
2022-06-16 15:00:00,4.42782395,trend_up,0.9592704627017886
2022-06-17 10:30:00,4.52345982,trend_up,0.9322710059005765
2022-06-17 11:30:00,4.48520646,trend_up,0.9355279931890701
2022-06-17 14:00:00,4.55214984,trend_up,0.9505140032602493
2022-06-17 15:00:00,4.53302316,trend_up,0.878459223905384
2022-06-20 10:30:00,4.38957306,trend_down,0.6615824891304735
2022-06-20 11:30:00,4.40869974,trend_up,0.7174783664142402
2022-06-20 14:00:00,4.38957306,range,0.49209851201904514
2022-06-20 15:00:00,4.3991364,range,0.4998880512009192
2022-06-21 10:30:00,4.38957306,trend_down,0.808111438353901
2022-06-21 11:30:00,4.38000972,trend_down,0.808111438353901
2022-06-21 14:00:00,4.33219302,trend_down,0.808111438353901
2022-06-21 15:00:00,4.3513197,trend_down,0.808111438353901
2022-06-22 10:30:00,4.33219302,trend_down,0.808111438353901
2022-06-22 11:30:00,4.32262968,trend_down,0.808111438353901
2022-06-22 14:00:00,4.31306634,trend_down,0.808111438353901
2022-06-22 15:00:00,4.2556863,trend_down,0.8037830379511186
2022-06-23 10:30:00,4.28437632,trend_down,0.9053624902036228
2022-06-23 11:30:00,4.27481298,trend_down,0.808111438353901
2022-06-23 14:00:00,4.3513197,trend_down,0.7102697599274957
2022-06-23 15:00:00,4.3513197,range,0.5067820346763223
2022-06-24 10:30:00,4.34175636,range,0.5067820346763223
2022-06-24 11:30:00,4.33219302,range,0.5067820346763223
2022-06-24 14:00:00,4.33219302,range,0.5067820346763223
2022-06-24 15:00:00,4.33219302,trend_down,0.5182498481931086
2022-06-27 10:30:00,4.34175636,trend_down,0.7040978686100972
2022-06-27 11:30:00,4.32262968,range,0.5067820346763223
2022-06-27 14:00:00,4.29393966,trend_down,0.7604757499852173
2022-06-27 15:00:00,4.29393966,range,0.5011696763574541
2022-06-28 10:30:00,4.27481298,range,0.5586815927789716
2022-06-28 11:30:00,4.303503,range,0.6635394563209284
2022-06-28 14:00:00,4.31306634,range,0.6635394563209284
2022-06-28 15:00:00,4.37044638,range,0.7071601563822434
2022-06-29 10:30:00,4.38000972,range,0.5215566425289972
2022-06-29 11:30:00,4.36088304,range,0.6236884039374325
2022-06-29 14:00:00,4.37044638,range,0.4962490207082196
2022-06-29 15:00:00,4.32262968,range,0.5592954350852848
2022-06-30 10:30:00,4.37044638,trend_up,0.6465933116478583
2022-06-30 11:30:00,4.3991364,trend_up,0.7077603272823539
2022-06-30 14:00:00,4.38000972,trend_up,0.7126098734898108
2022-06-30 15:00:00,4.3513197,range,0.6181897121652762
2022-07-01 10:30:00,4.36088304,trend_up,0.5583098868083362
2022-07-01 11:30:00,4.33219302,range,0.6181897121652762
2022-07-01 14:00:00,4.303503,range,0.5521940070910744
2022-07-01 15:00:00,4.29393966,range,0.7446388367843573
2022-07-04 10:30:00,4.24612296,trend_down,0.5353617316108232
2022-07-04 11:30:00,4.2556863,trend_down,0.5724497672398727
2022-07-04 14:00:00,4.26524964,trend_down,0.5209065123849376
2022-07-04 15:00:00,4.27481298,trend_down,0.5209065123849376
2022-07-05 10:30:00,4.26524964,trend_down,0.7773152170942038
2022-07-05 11:30:00,4.23655962,trend_down,0.7819393020928419
2022-07-05 14:00:00,4.19830626,trend_down,0.8674329590723778
2022-07-05 15:00:00,4.23655962,trend_down,0.9025359750836585
2022-07-06 10:30:00,4.18874292,trend_down,0.8719930168204418
2022-07-06 11:30:00,4.21743294,trend_down,0.9697684139280737
2022-07-06 14:00:00,4.19830626,trend_down,0.9697684139280737
2022-07-06 15:00:00,4.2078696,trend_down,0.8226829336580879
2022-07-07 10:30:00,4.21743294,trend_down,0.9689210597843152
2022-07-07 11:30:00,4.22699628,trend_down,0.9653094962875512
2022-07-07 14:00:00,4.19830626,trend_down,0.9735686106763175
2022-07-07 15:00:00,4.18874292,trend_down,0.9212211388208612
2022-07-08 10:30:00,4.2078696,trend_down,0.9212211388208612
2022-07-08 11:30:00,4.2078696,trend_down,0.863612138995893
2022-07-08 14:00:00,4.17917958,range,0.5242059324304521
2022-07-08 15:00:00,4.18874292,range,0.5242059324304521
2022-07-11 10:30:00,4.19830626,range,0.5242059324304521
2022-07-11 11:30:00,4.18874292,range,0.5592688849138736
2022-07-11 14:00:00,4.17917958,range,0.5592688849138736
2022-07-11 15:00:00,4.17917958,range,0.5592688849138736
2022-07-12 10:30:00,4.2078696,range,0.7698053303401043
2022-07-12 11:30:00,4.2078696,range,0.8231495188972847
2022-07-12 14:00:00,4.23655962,range,0.7882570544014608
2022-07-12 15:00:00,4.22699628,range,0.9075020440909478
2022-07-13 10:30:00,4.23655962,range,0.8881710623963003
2022-07-13 11:30:00,4.23655962,range,0.8752594922767772
2022-07-13 14:00:00,4.22699628,trend_up,0.5908897730935443
2022-07-13 15:00:00,4.22699628,range,0.6101895967861346
2022-07-14 10:30:00,4.19830626,range,0.6241366913594073
2022-07-14 11:30:00,4.23655962,range,0.795484194260536
2022-07-14 14:00:00,4.23655962,range,0.795484194260536
2022-07-14 15:00:00,4.21743294,range,0.795484194260536
2022-07-15 10:30:00,4.22699628,range,0.6384837358914196
2022-07-15 11:30:00,4.18874292,trend_down,0.6465933116478583
2022-07-15 14:00:00,4.15048956,trend_down,0.7077603272823539
2022-07-15 15:00:00,4.08354618,breakout_down,0.4660255527817167
2022-07-18 10:30:00,4.1600529,trend_down,0.7487028855071993
2022-07-18 11:30:00,4.18874292,trend_down,0.8249969428441957
2022-07-18 14:00:00,4.18874292,trend_down,0.6095051648586621
2022-07-18 15:00:00,4.17917958,trend_down,0.6738534638853216
2022-07-19 10:30:00,4.18874292,trend_down,0.5605564084749932
2022-07-19 11:30:00,4.19830626,range,0.6181897121652762
2022-07-19 14:00:00,4.2078696,trend_up,0.6032138335566802
2022-07-19 15:00:00,4.22699628,trend_up,0.5963623155074708
2022-07-20 10:30:00,4.24612296,range,0.4963827801658542
2022-07-20 11:30:00,4.24612296,trend_up,0.5628047618033174
2022-07-20 14:00:00,4.24612296,trend_up,0.5597440010896125
2022-07-20 15:00:00,4.23655962,trend_up,0.5079855202092495
2022-07-21 10:30:00,4.22699628,trend_up,0.5079855202092495
2022-07-21 11:30:00,4.24612296,trend_up,0.8375576247161503
2022-07-21 14:00:00,4.23655962,trend_up,0.8375576247161503
2022-07-21 15:00:00,4.21743294,trend_up,0.5644361099489474
2022-07-22 10:30:00,4.22699628,trend_up,0.5105841654040922
2022-07-22 11:30:00,4.2078696,trend_up,0.5111506662096559
2022-07-22 14:00:00,4.16961624,trend_down,0.8364706572086147
2022-07-22 15:00:00,4.19830626,range,0.5526086920538567
2022-07-25 10:30:00,4.2078696,range,0.5566215120343164
2022-07-25 11:30:00,4.17917958,trend_down,0.6145411507159195
2022-07-25 14:00:00,4.17917958,trend_down,0.6173183237920645
2022-07-25 15:00:00,4.1600529,trend_down,0.6111308495628112
2022-07-26 10:30:00,4.16961624,trend_down,0.7027085962736828
2022-07-26 11:30:00,4.19830626,trend_down,0.5354630728391402
2022-07-26 14:00:00,4.19830626,trend_down,0.598919878173491
2022-07-26 15:00:00,4.18874292,trend_down,0.5534757380526303
2022-07-27 10:30:00,4.16961624,trend_down,0.5534757380526303
2022-07-27 11:30:00,4.1600529,trend_down,0.9237558618896629
2022-07-27 14:00:00,4.1600529,trend_down,0.9237558618896629
2022-07-27 15:00:00,4.1600529,trend_down,0.7029277703122272
2022-07-28 10:30:00,4.21743294,range,0.4631792005966957
2022-07-28 11:30:00,4.18874292,range,0.7535994836059334
2022-07-28 14:00:00,4.16961624,range,0.5662926162526309
2022-07-28 15:00:00,4.16961624,trend_down,0.5110918184132843
2022-07-29 10:30:00,4.16961624,trend_down,0.6956124261749731
2022-07-29 11:30:00,4.1600529,trend_down,0.5331812904942943
2022-07-29 14:00:00,4.16961624,trend_down,0.5004417259040699
2022-07-29 15:00:00,4.14092622,trend_down,0.5386523344814591
2022-08-01 10:30:00,4.13136288,trend_down,0.5441912212338067
2022-08-01 11:30:00,4.14092622,trend_down,0.5349396711305817
2022-08-01 14:00:00,4.13136288,trend_down,0.4957159495566245
2022-08-01 15:00:00,4.13136288,trend_down,0.5618073999884746
2022-08-02 10:30:00,3.99747612,breakout_down,0.48512049459319745
2022-08-02 11:30:00,3.94965942,trend_down,0.504032890722713
2022-08-02 14:00:00,3.99747612,trend_down,0.8139754305656954
2022-08-02 15:00:00,3.99747612,trend_down,0.9569306208080132
2022-08-03 10:30:00,4.02616614,trend_down,0.9742323281814625
2022-08-03 11:30:00,4.03572948,trend_down,0.968840342841616
2022-08-03 14:00:00,3.99747612,trend_down,0.968840342841616
2022-08-03 15:00:00,3.95922276,trend_down,0.968840342841616
2022-08-04 10:30:00,4.0166028,trend_down,0.968840342841616
2022-08-04 11:30:00,3.98791278,trend_down,0.9742323281814625
2022-08-04 14:00:00,4.00703946,trend_down,0.968840342841616
2022-08-04 15:00:00,3.98791278,trend_down,0.8958711337427966
2022-08-05 10:30:00,4.0166028,trend_down,0.9581306173140381
2022-08-05 11:30:00,4.05485616,trend_down,0.7970122181324113
2022-08-05 14:00:00,4.0644195,trend_down,0.7970122181324113
2022-08-05 15:00:00,4.09310952,trend_up,0.7310250647575071
2022-08-08 10:30:00,4.09310952,trend_up,0.8993481562721959
2022-08-08 11:30:00,4.10267286,trend_up,0.6956124261749731
2022-08-08 14:00:00,4.09310952,trend_up,0.6956124261749731
2022-08-08 15:00:00,4.09310952,trend_up,0.5783064637189993
2022-08-09 10:30:00,4.09310952,trend_up,0.641881695646907
2022-08-09 11:30:00,4.09310952,trend_up,0.808111438353901
2022-08-09 14:00:00,4.08354618,trend_up,0.808111438353901
2022-08-09 15:00:00,4.08354618,trend_up,0.5126015124029761
2022-08-10 10:30:00,4.10267286,trend_up,0.5904038531953828
2022-08-10 11:30:00,4.09310952,trend_up,0.5126015124029761
2022-08-10 14:00:00,4.09310952,trend_up,0.5126015124029761
2022-08-10 15:00:00,4.09310952,range,0.5118302389815961
2022-08-11 10:30:00,4.1600529,trend_up,0.695003063060052
2022-08-11 11:30:00,4.2556863,trend_up,0.7387241672517241
2022-08-11 14:00:00,4.29393966,trend_up,0.7431059212739862
2022-08-11 15:00:00,4.303503,trend_up,0.57806510797347
2022-08-12 10:30:00,4.34175636,trend_up,0.8003153026697971
2022-08-12 11:30:00,4.303503,trend_up,0.5407135016471885
2022-08-12 14:00:00,4.32262968,trend_up,0.9742323281814625
2022-08-12 15:00:00,4.32262968,trend_up,0.9206961464705191
2022-08-15 10:30:00,4.26524964,trend_up,0.938106489634533
2022-08-15 11:30:00,4.2556863,trend_up,0.8902144987503774
2022-08-15 14:00:00,4.27481298,trend_up,0.9679511336517824
2022-08-15 15:00:00,4.26524964,trend_up,0.8927407182097999
2022-08-16 10:30:00,4.29393966,trend_up,0.9679511336517824
2022-08-16 11:30:00,4.28437632,trend_up,0.9187684356464907
2022-08-16 14:00:00,4.27481298,trend_up,0.9735686106763175
2022-08-16 15:00:00,4.28437632,trend_up,0.9187684356464907
2022-08-17 10:30:00,4.303503,trend_up,0.9735686106763175
2022-08-17 11:30:00,4.3513197,trend_up,0.5228881972134845
2022-08-17 14:00:00,4.33219302,trend_up,0.9735686106763175
2022-08-17 15:00:00,4.36088304,trend_up,0.9679511336517824
2022-08-18 10:30:00,4.3513197,trend_up,0.9679511336517824
2022-08-18 11:30:00,4.33219302,trend_up,0.8902144987503774
2022-08-18 14:00:00,4.36088304,trend_up,0.9680422957267861
2022-08-18 15:00:00,4.33219302,trend_up,0.7674418169778482
2022-08-19 10:30:00,4.3513197,trend_up,0.9212211388208612
2022-08-19 11:30:00,4.34175636,trend_up,0.8107846739053404
2022-08-19 14:00:00,4.34175636,trend_up,0.8061339348240945
2022-08-19 15:00:00,4.31306634,trend_up,0.9200970289289416
2022-08-22 10:30:00,4.27481298,trend_up,0.6491959135829651
2022-08-22 11:30:00,4.28437632,range,0.4998880512009192
2022-08-22 14:00:00,4.28437632,range,0.5731823569743637
2022-08-22 15:00:00,4.28437632,range,0.4998880512009192
2022-08-23 10:30:00,4.26524964,trend_down,0.8123414493055849
2022-08-23 11:30:00,4.34175636,trend_up,0.7123691467602389
2022-08-23 14:00:00,4.32262968,trend_up,0.8754655967026245
2022-08-23 15:00:00,4.303503,range,0.8872046872473589
2022-08-24 10:30:00,4.38000972,trend_up,0.4922907193754392
2022-08-24 11:30:00,4.33219302,trend_up,0.7174783664142402
2022-08-24 14:00:00,4.31306634,trend_up,0.7174783664142402
2022-08-24 15:00:00,4.29393966,trend_down,0.7174783664142402
2022-08-25 10:30:00,4.34175636,trend_up,0.7926480844888746
2022-08-25 11:30:00,4.3513197,trend_up,0.9079162633781166
2022-08-25 14:00:00,4.32262968,trend_up,0.7224773335313012
2022-08-25 15:00:00,4.38000972,trend_up,0.927194534935329
2022-08-26 10:30:00,4.76254332,trend_up,0.48210764873326295
2022-08-26 11:30:00,4.67647326,trend_up,0.7991902473970328
2022-08-26 14:00:00,4.5904032,trend_up,0.938106489634533
2022-08-26 15:00:00,4.56171318,trend_up,0.938106489634533
2022-08-29 10:30:00,4.7338533,trend_up,0.9074700472430703
2022-08-29 11:30:00,4.6860366,trend_up,0.9679556215260039
2022-08-29 14:00:00,4.6860366,trend_up,0.9241677383965038
2022-08-29 15:00:00,4.6860366,trend_up,0.9298877270666909
2022-08-30 10:30:00,4.95381012,breakout_up,0.47683102472388567
2022-08-30 11:30:00,4.94424678,trend_up,0.9679556215260039
2022-08-30 14:00:00,4.89643008,trend_up,0.9742323281814625
2022-08-30 15:00:00,4.89643008,trend_up,0.9742323281814625
2022-08-31 10:30:00,4.76254332,trend_up,0.9365728327825781
2022-08-31 11:30:00,4.71472662,trend_up,0.9697684139280737
2022-08-31 14:00:00,4.75297998,trend_up,0.9603701744438654
2022-08-31 15:00:00,4.75297998,trend_up,0.8712464509372875
2022-09-01 10:30:00,4.70516328,trend_up,0.9653094962875512
2022-09-01 11:30:00,4.7338533,trend_up,0.8983132835346506
2022-09-01 14:00:00,4.71472662,trend_up,0.8983132835346506
2022-09-01 15:00:00,4.66690992,trend_up,0.6615824891304735
2022-09-02 10:30:00,4.6860366,trend_up,0.8156601237330515
2022-09-02 11:30:00,4.67647326,range,0.4842447860690605
2022-09-02 14:00:00,4.64778324,trend_down,0.6554353925269597
2022-09-02 15:00:00,4.66690992,trend_down,0.8123414493055849
2022-09-05 10:30:00,4.64778324,trend_down,0.9096603708933312
2022-09-05 11:30:00,4.6860366,trend_up,0.8724350267186767
2022-09-05 14:00:00,4.71472662,trend_up,0.8938647944710887
2022-09-05 15:00:00,4.75297998,trend_up,0.9025533180197977
2022-09-06 10:30:00,4.72428996,trend_up,0.8724350267186767
2022-09-06 11:30:00,4.76254332,trend_up,0.9005271499839334
2022-09-06 14:00:00,4.71472662,trend_up,0.8920597894315797
2022-09-06 15:00:00,4.74341664,trend_up,0.9136500667948829
2022-09-07 10:30:00,4.71472662,trend_up,0.850094082048078
2022-09-07 11:30:00,4.70516328,range,0.4645701428517306
2022-09-07 14:00:00,4.6860366,range,0.8071915136673933
2022-09-07 15:00:00,4.69559994,range,0.8780163445070504
2022-09-08 10:30:00,4.70516328,range,0.6472884511743875
2022-09-08 11:30:00,4.6860366,range,0.7521371808182002
2022-09-08 14:00:00,4.70516328,range,0.8072668076257075
2022-09-08 15:00:00,4.71472662,range,0.7521371808182002
2022-09-09 10:30:00,4.7338533,range,0.6356567985997432
2022-09-09 11:30:00,4.76254332,range,0.6299592696573502
2022-09-09 14:00:00,4.74341664,trend_up,0.6412619597296555
2022-09-09 15:00:00,4.74341664,trend_up,0.5534757380526303
2022-09-13 10:30:00,4.7338533,trend_up,0.682094025669792
2022-09-13 11:30:00,4.70516328,range,0.8872046872473589
2022-09-13 14:00:00,4.69559994,range,0.7705357985483827
2022-09-13 15:00:00,4.69559994,range,0.7705357985483827
2022-09-14 10:30:00,4.65734658,range,0.5813666543680974
2022-09-14 11:30:00,4.64778324,range,0.6125631315948684
2022-09-14 14:00:00,4.67647326,trend_down,0.5297699603102178
2022-09-14 15:00:00,4.66690992,range,0.6101895967861346
2022-09-15 10:30:00,4.69559994,trend_down,0.46649679314480036
2022-09-15 11:30:00,4.67647326,trend_down,0.5297699603102178
2022-09-15 14:00:00,4.6382199,range,0.6307382521208832
2022-09-15 15:00:00,4.64778324,trend_down,0.7217937969344603
2022-09-16 10:30:00,4.5904032,trend_down,0.5688840809015555
2022-09-16 11:30:00,4.62865656,trend_down,0.7217937969344603
2022-09-16 14:00:00,4.5904032,trend_down,0.900980090619673
2022-09-16 15:00:00,4.53302316,trend_down,0.9366146637350224
2022-09-19 10:30:00,4.53302316,trend_down,0.9558414499823895
2022-09-19 11:30:00,4.5425865,trend_down,0.9513612180331552
2022-09-19 14:00:00,4.51389648,trend_down,0.8989257226588602
2022-09-19 15:00:00,4.5425865,trend_down,0.9696978493388541
2022-09-20 10:30:00,4.50433314,trend_down,0.8237904192896002
2022-09-20 11:30:00,4.50433314,trend_down,0.927690188616068
2022-09-20 14:00:00,4.48520646,trend_down,0.927690188616068
2022-09-20 15:00:00,4.50433314,trend_down,0.9310376619313472
2022-09-21 10:30:00,4.48520646,trend_down,0.8243646580288405
2022-09-21 11:30:00,4.52345982,trend_down,0.9742323281814625
2022-09-21 14:00:00,4.59996654,trend_up,0.8027671989238353
2022-09-21 15:00:00,4.59996654,trend_up,0.7806749976032626
2022-09-22 10:30:00,4.51389648,trend_down,0.8027671989238353
2022-09-22 11:30:00,4.50433314,trend_down,0.7806749976032626
2022-09-22 14:00:00,4.50433314,trend_down,0.8027671989238353
2022-09-22 15:00:00,4.51389648,trend_down,0.8205066479738508
2022-09-23 10:30:00,4.48520646,trend_down,0.9592704627017886
2022-09-23 11:30:00,4.47564312,trend_down,0.9653094962875512
2022-09-23 14:00:00,4.5425865,range,0.43720636478307423
2022-09-23 15:00:00,4.51389648,range,0.6241366913594073
2022-09-26 10:30:00,4.42782642,trend_down,0.6465933116478583
2022-09-26 11:30:00,4.4469531,trend_down,0.6465933116478583
2022-09-26 14:00:00,4.42782642,trend_down,0.5379557425675399
2022-09-26 15:00:00,4.38000972,trend_down,0.7069326967628302
2022-09-27 10:30:00,4.56171318,range,0.4631792005966957
2022-09-27 11:30:00,4.56171318,trend_up,0.5845824471871091
2022-09-27 14:00:00,4.58083986,trend_up,0.5908897730935443
2022-09-27 15:00:00,4.6382199,trend_up,0.5905569285296293
2022-09-28 10:30:00,4.46607978,range,0.4631792005966957
2022-09-28 11:30:00,4.50433314,range,0.5662926162526309
2022-09-28 14:00:00,4.47564312,range,0.5851334218962132
2022-09-28 15:00:00,4.4469531,trend_down,0.5845824471871091
2022-09-29 10:30:00,4.38957306,trend_down,0.693662048175129
2022-09-29 11:30:00,4.42782642,trend_down,0.7077603272823539
2022-09-29 14:00:00,4.41826308,trend_down,0.7174331767668176
2022-09-29 15:00:00,4.40869974,trend_down,0.5618073999884746
2022-09-30 10:30:00,4.40869974,trend_down,0.7174331767668176
2022-09-30 11:30:00,4.3991364,trend_down,0.5901611865688013
2022-09-30 14:00:00,4.38000972,trend_down,0.5901611865688013
2022-09-30 15:00:00,4.3513197,trend_down,0.638065683040996
2022-10-10 10:30:00,4.38957306,trend_down,0.5091548012575132
2022-10-10 11:30:00,4.3991364,trend_down,0.7124680888866436
2022-10-10 14:00:00,4.36088304,trend_down,0.8902144987503774
2022-10-10 15:00:00,4.33219302,trend_down,0.7177877360565809
2022-10-11 10:30:00,4.38000972,trend_down,0.8540433404472647
2022-10-11 11:30:00,4.51389648,trend_up,0.3981116224126416
2022-10-11 14:00:00,4.4947698,trend_up,0.7040978686100972
2022-10-11 15:00:00,4.47564312,range,0.5067820346763223
2022-10-12 10:30:00,4.66690992,breakout_up,0.5829860898991573
2022-10-12 11:30:00,4.65734658,trend_up,0.9526892231117793
2022-10-12 14:00:00,4.74341664,trend_up,0.4975047184137909
2022-10-12 15:00:00,4.74341664,trend_up,0.7437327736490063
2022-10-13 10:30:00,4.66690992,trend_up,0.938106489634533
2022-10-13 11:30:00,4.6860366,trend_up,0.9156880955987667
2022-10-13 14:00:00,4.6860366,trend_up,0.9742323281814625
2022-10-13 15:00:00,4.6860366,trend_up,0.9156880955987667
2022-10-14 10:30:00,4.67647326,trend_up,0.9742323281814625
2022-10-14 11:30:00,4.71472662,trend_up,0.966073424863376
2022-10-14 14:00:00,4.67647326,trend_up,0.88625147446568
2022-10-14 15:00:00,4.71472662,trend_up,0.88625147446568
2022-10-17 10:30:00,4.70516328,trend_up,0.966073424863376
2022-10-17 11:30:00,4.75297998,trend_up,0.9156880955987667
2022-10-17 14:00:00,4.76254332,trend_up,0.9156880955987667
2022-10-17 15:00:00,4.7338533,trend_up,0.9156880955987667
2022-10-18 10:30:00,4.70516328,trend_up,0.9735686106763175
2022-10-18 11:30:00,4.7338533,trend_up,0.9136500667948829
2022-10-18 14:00:00,4.74341664,trend_up,0.9136500667948829
2022-10-18 15:00:00,4.72428996,trend_up,0.7026083875862044
2022-10-19 10:30:00,4.69559994,trend_up,0.8515062925947642
2022-10-19 11:30:00,4.70516328,trend_up,0.6409101477555205
2022-10-19 14:00:00,4.6860366,trend_up,0.8515062925947642
2022-10-19 15:00:00,4.69559994,trend_up,0.5114733383376779
2022-10-20 10:30:00,4.71472662,trend_up,0.6901246879786478
2022-10-20 11:30:00,4.6860366,range,0.8766633165993692
2022-10-20 14:00:00,4.74341664,range,0.527686887311356
2022-10-20 15:00:00,4.72428996,trend_up,0.6412619597296555
2022-10-21 10:30:00,4.78167,trend_up,0.4387876436716843
2022-10-21 11:30:00,4.80079668,trend_up,0.9015062663814333
2022-10-21 14:00:00,4.74341664,trend_up,0.7674418169778481
2022-10-21 15:00:00,4.75297998,trend_up,0.7674418169778481
2022-10-24 10:30:00,4.8294867,trend_up,0.8807656054148936
2022-10-24 11:30:00,4.78167,trend_up,0.9254264981159408
2022-10-24 14:00:00,4.72428996,trend_down,0.6676344334317177
2022-10-24 15:00:00,4.70516328,trend_down,0.7224773335313012
2022-10-25 10:30:00,4.90599342,trend_up,0.7683654134282316
2022-10-25 11:30:00,4.9729368,trend_up,0.7750508056701899
2022-10-25 14:00:00,4.8773034,trend_up,0.9127293066049837
2022-10-25 15:00:00,4.88686674,trend_up,0.9288321601726122
2022-10-26 10:30:00,4.6860366,reversal,0.4854352035794893
2022-10-26 11:30:00,4.76254332,trend_up,0.7273657092766985
2022-10-26 14:00:00,4.67647326,trend_down,0.7273657092766985
2022-10-26 15:00:00,4.70516328,trend_down,0.46836719269395266
2022-10-27 10:30:00,4.66690992,trend_down,0.9058461351597149
2022-10-27 11:30:00,4.65734658,trend_down,0.855581000415728
2022-10-27 14:00:00,4.65734658,trend_down,0.7547601062651265
2022-10-27 15:00:00,4.62865656,trend_down,0.754425665558035
2022-10-28 10:30:00,4.41826308,trend_down,0.5746383607383954
2022-10-28 11:30:00,4.38000972,trend_down,0.772069769738
2022-10-28 14:00:00,4.34175636,trend_down,0.8429386935713145
2022-10-28 15:00:00,4.29393966,trend_down,0.53343926420863
2022-10-31 10:30:00,4.23655962,trend_down,0.5387730654631989
2022-10-31 11:30:00,4.2556863,trend_down,0.8895342149017359
2022-10-31 14:00:00,4.21743294,trend_down,0.8895342149017359
2022-10-31 15:00:00,4.21743294,trend_down,0.9182273385573261
2022-11-01 10:30:00,4.27481298,trend_down,0.967029182099857
2022-11-01 11:30:00,4.23655962,trend_down,0.9182273385573261
2022-11-01 14:00:00,4.26524964,trend_down,0.9156880955987667
2022-11-01 15:00:00,4.32262968,trend_down,0.9735686106763175
2022-11-02 10:30:00,4.29393966,trend_down,0.88625147446568
2022-11-02 11:30:00,4.31306634,trend_down,0.8888063780690166
2022-11-02 14:00:00,4.32262968,trend_down,0.6838346188890555
2022-11-02 15:00:00,4.32262968,trend_down,0.6838346188890555
2022-11-03 10:30:00,4.26524964,trend_down,0.8888063780690166
2022-11-03 11:30:00,4.2556863,trend_down,0.9136500667948829
2022-11-03 14:00:00,4.27481298,trend_down,0.9154340349285539
2022-11-03 15:00:00,4.27481298,trend_down,0.8888063780690166
2022-11-04 10:30:00,4.31306634,trend_down,0.6080942679989582
2022-11-04 11:30:00,4.37044638,range,0.5542730275260896
2022-11-04 14:00:00,4.36088304,range,0.685759807008504
2022-11-04 15:00:00,4.38957306,range,0.685759807008504
2022-11-07 10:30:00,4.47564312,breakout_up,0.5237061241570836
2022-11-07 11:30:00,4.67647326,breakout_up,0.5167288493042703
2022-11-07 14:00:00,4.65734658,trend_up,0.8528484063173296
2022-11-07 15:00:00,4.66690992,trend_up,0.8609048307728409
2022-11-08 10:30:00,4.62865656,trend_up,0.8581487862286942
2022-11-08 11:30:00,4.59996654,trend_up,0.9029645626213624
2022-11-08 14:00:00,4.57127652,trend_up,0.9558414499823895
2022-11-08 15:00:00,4.58083986,trend_up,0.8753697464663618
2022-11-09 10:30:00,4.7338533,trend_up,0.932729721695991
2022-11-09 11:30:00,4.65734658,trend_up,0.968840342841616
2022-11-09 14:00:00,4.6382199,trend_up,0.9230955164120815
2022-11-09 15:00:00,4.62865656,trend_up,0.9230955164120815
2022-11-10 10:30:00,4.62865656,trend_up,0.968840342841616
2022-11-10 11:30:00,4.6382199,trend_up,0.9742323281814625
2022-11-10 14:00:00,4.64778324,trend_up,0.9230955164120815
2022-11-10 15:00:00,4.64778324,trend_up,0.9230955164120815
2022-11-11 10:30:00,4.71472662,trend_up,0.5407135016471885
2022-11-11 11:30:00,4.72428996,trend_up,0.9230955164120815
2022-11-11 14:00:00,4.75297998,trend_up,0.9742323281814625
2022-11-11 15:00:00,4.72428996,trend_up,0.9679511336517824
2022-11-14 10:30:00,4.7338533,trend_up,0.7226967175805254
2022-11-14 11:30:00,4.80079668,trend_up,0.9261119987479053
2022-11-14 14:00:00,4.71472662,trend_up,0.9696978493388541
2022-11-14 15:00:00,4.72428996,trend_up,0.8965282913525047
2022-11-15 10:30:00,4.8294867,trend_up,0.9285794203562051
2022-11-15 11:30:00,4.84861338,trend_up,0.8003153026697971
2022-11-15 14:00:00,4.81992336,trend_up,0.9742323281814625
2022-11-15 15:00:00,4.84861338,trend_up,0.9254264981159408
2022-11-16 10:30:00,4.84861338,trend_up,0.938106489634533
2022-11-16 11:30:00,4.81036002,trend_up,0.8989257226588602
2022-11-16 14:00:00,4.81992336,trend_up,0.9236042312450827
2022-11-16 15:00:00,4.80079668,trend_up,0.9013151139342803
2022-11-17 10:30:00,4.8294867,trend_up,0.9689210597843152
2022-11-17 11:30:00,4.81992336,trend_up,0.9735686106763175
2022-11-17 14:00:00,4.81992336,trend_up,0.9735686106763175
2022-11-17 15:00:00,4.85817672,trend_up,0.7224166514371863
2022-11-18 10:30:00,4.78167,trend_up,0.8249969428441957
2022-11-18 11:30:00,4.77210666,range,0.6181897121652762
2022-11-18 14:00:00,4.81036002,trend_up,0.7065708320159619
2022-11-18 15:00:00,4.79123334,range,0.5521940070910744
2022-11-21 10:30:00,4.70516328,range,0.6241366913594073
2022-11-21 11:30:00,4.6860366,trend_down,0.6615824891304735
2022-11-21 14:00:00,4.67647326,trend_down,0.6554353925269597
2022-11-21 15:00:00,4.6860366,trend_down,0.6564250658838378
2022-11-22 10:30:00,4.64778324,trend_down,0.9096603708933312
2022-11-22 11:30:00,4.70516328,trend_down,0.9096603708933312
2022-11-22 14:00:00,4.69559994,trend_down,0.9096603708933312
2022-11-22 15:00:00,4.69559994,trend_down,0.8164731192348211
2022-11-23 10:30:00,4.69559994,trend_down,0.8976590831882497
2022-11-23 11:30:00,4.65734658,trend_down,0.9096603708933312
2022-11-23 14:00:00,4.69559994,trend_down,0.9096603708933312
2022-11-23 15:00:00,4.69559994,trend_down,0.8123414493055849
2022-11-24 10:30:00,4.67647326,trend_down,0.7656634859672273
2022-11-24 11:30:00,4.65734658,trend_down,0.6412619597296555
2022-11-24 14:00:00,4.66690992,trend_down,0.6412619597296555
2022-11-24 15:00:00,4.64778324,trend_down,0.6412619597296555
2022-11-25 10:30:00,4.69559994,range,0.5472758435636642
2022-11-25 11:30:00,4.70516328,range,0.8580254413004866
2022-11-25 14:00:00,4.6860366,range,0.7952570075835796
2022-11-25 15:00:00,4.69559994,range,0.810076439693821
2022-11-28 10:30:00,4.59996654,range,0.6825633457674583
2022-11-28 11:30:00,4.6382199,range,0.7839144015868764
2022-11-28 14:00:00,4.5904032,trend_down,0.5349396711305817
2022-11-28 15:00:00,4.62865656,trend_down,0.5349396711305817
2022-11-29 10:30:00,4.69559994,range,0.7795411710823191
2022-11-29 11:30:00,4.80079668,range,0.4614664921248029
2022-11-29 14:00:00,4.75297998,trend_up,0.7591953316687495
2022-11-29 15:00:00,4.76254332,trend_up,0.5691573685767216
2022-11-30 10:30:00,4.77210666,trend_up,0.7019368906388522
2022-11-30 11:30:00,4.77210666,trend_up,0.8244156377849533
2022-11-30 14:00:00,4.7338533,trend_up,0.9259188089160423
2022-11-30 15:00:00,4.71472662,trend_up,0.7250508250909043
2022-12-01 10:30:00,4.80079668,trend_up,0.8297974133320755
2022-12-01 11:30:00,4.78167,trend_up,0.9141458196879279
2022-12-01 14:00:00,4.76254332,trend_up,0.9141458196879279
2022-12-01 15:00:00,4.7338533,trend_up,0.7229006495384367
2022-12-02 10:30:00,4.8294867,trend_up,0.8581487862286942
2022-12-02 11:30:00,4.78167,trend_up,0.8552530293372814
2022-12-02 14:00:00,4.78167,trend_up,0.892794609989268
2022-12-02 15:00:00,4.75297998,trend_up,0.9405899908184939
2022-12-05 10:30:00,4.86774006,trend_up,0.8612978915360555
2022-12-05 11:30:00,4.88686674,trend_up,0.9547697896415398
2022-12-05 14:00:00,4.8773034,trend_up,0.5351336611376847
2022-12-05 15:00:00,4.8773034,trend_up,0.9181721883432745
2022-12-06 10:30:00,4.88686674,trend_up,0.8264601616968841
2022-12-06 11:30:00,4.8294867,trend_up,0.9728636106130387
2022-12-06 14:00:00,4.83905004,trend_up,0.7961715608112434
2022-12-06 15:00:00,4.81992336,trend_up,0.9098331151729132
2022-12-07 10:30:00,4.77210666,trend_up,0.6794429596005211
2022-12-07 11:30:00,4.75297998,trend_down,0.47542594699569074
2022-12-07 14:00:00,4.75297998,trend_down,0.48857625313101755
2022-12-07 15:00:00,4.76254332,range,0.7392109578784413
2022-12-08 10:30:00,4.71472662,trend_down,0.8585837581824726
2022-12-08 11:30:00,4.74341664,trend_down,0.855581000415728
2022-12-08 14:00:00,4.72428996,trend_down,0.9096603708933312
2022-12-08 15:00:00,4.71472662,trend_down,0.8812855876076623
2022-12-09 10:30:00,4.67647326,trend_down,0.8489039039438464
2022-12-09 11:30:00,4.72428996,trend_down,0.7676725142738572
2022-12-09 14:00:00,4.71472662,trend_down,0.7707603053954855
2022-12-09 15:00:00,4.74341664,trend_down,0.7159611718510721
2022-12-12 10:30:00,4.65734658,trend_down,0.7116633051969575
2022-12-12 11:30:00,4.64778324,trend_down,0.6658899461810609
2022-12-12 14:00:00,4.60952988,trend_down,0.6411889836291398
2022-12-12 15:00:00,4.60952988,trend_down,0.6897093354065325
2022-12-13 10:30:00,4.61909322,trend_down,0.8540433404472647
2022-12-13 11:30:00,4.59996654,trend_down,0.6646317013055155
2022-12-13 14:00:00,4.61909322,trend_down,0.6646317013055155
2022-12-13 15:00:00,4.59996654,trend_down,0.8530924543896311
2022-12-14 10:30:00,4.5904032,trend_down,0.8902144987503774
2022-12-14 11:30:00,4.62865656,trend_down,0.8902144987503774
2022-12-14 14:00:00,4.59996654,trend_down,0.8902144987503774
2022-12-14 15:00:00,4.60952988,trend_down,0.7124680888866436
2022-12-15 10:30:00,4.5904032,trend_down,0.8198187031722957
2022-12-15 11:30:00,4.5904032,trend_down,0.7124680888866436
2022-12-15 14:00:00,4.58083986,trend_down,0.8902144987503774
2022-12-15 15:00:00,4.56171318,trend_down,0.5386523344814593
2022-12-16 10:30:00,4.57127652,trend_down,0.8560264209364717
2022-12-16 11:30:00,4.53302316,trend_down,0.8934098402710774
2022-12-16 14:00:00,4.52345982,trend_down,0.6026398182766635
2022-12-16 15:00:00,4.52345982,trend_down,0.6795662148642935
2022-12-19 10:30:00,4.50433314,trend_down,0.8010347279777281
2022-12-19 11:30:00,4.4469531,trend_down,0.8272273819712703
2022-12-19 14:00:00,4.38000972,trend_down,0.6537255360960813
2022-12-19 15:00:00,4.40869974,trend_down,0.6537255360960813
2022-12-20 10:30:00,4.41826308,trend_down,0.9742323281814625
2022-12-20 11:30:00,4.42782642,trend_down,0.968840342841616
2022-12-20 14:00:00,4.38957306,trend_down,0.968840342841616
2022-12-20 15:00:00,4.40869974,trend_down,0.8958711337427966
2022-12-21 10:30:00,4.42782642,trend_down,0.968840342841616
2022-12-21 11:30:00,4.38957306,trend_down,0.968840342841616
2022-12-21 14:00:00,4.37044638,trend_down,0.9230955164120815
2022-12-21 15:00:00,4.40869974,trend_down,0.8226829336580879
2022-12-22 10:30:00,4.41826308,trend_down,0.9680422957267861
2022-12-22 11:30:00,4.3991364,trend_down,0.9680422957267861
2022-12-22 14:00:00,4.3513197,trend_down,0.9261119987479053
2022-12-22 15:00:00,4.33219302,trend_down,0.6512932984250939
2022-12-23 10:30:00,4.37044638,trend_down,0.9671310851438669
2022-12-23 11:30:00,4.36088304,trend_down,0.9671310851438669
2022-12-23 14:00:00,4.34175636,trend_down,0.886942038506704
2022-12-23 15:00:00,4.33219302,trend_down,0.8493055705868268
2022-12-26 10:30:00,4.34175636,trend_down,0.7174331767668176
2022-12-26 11:30:00,4.3513197,trend_down,0.5618073999884746
2022-12-26 14:00:00,4.33219302,trend_down,0.5618073999884746
2022-12-26 15:00:00,4.34175636,trend_down,0.5618073999884746
2022-12-27 10:30:00,4.38957306,range,0.5294037623753223
2022-12-27 11:30:00,4.38957306,range,0.6299592696573502
2022-12-27 14:00:00,4.38000972,range,0.7705357985483827
2022-12-27 15:00:00,4.38957306,range,0.7705357985483827
2022-12-28 10:30:00,4.3991364,range,0.7995050735526689
2022-12-28 11:30:00,4.41826308,range,0.795484194260536
2022-12-28 14:00:00,4.38000972,range,0.6241366913594073
2022-12-28 15:00:00,4.38957306,range,0.8862011044689261
2022-12-29 10:30:00,4.36088304,range,0.6241366913594073
2022-12-29 11:30:00,4.38957306,range,0.7482809570184261
2022-12-29 14:00:00,4.36088304,range,0.7687647182774826
2022-12-29 15:00:00,4.3991364,range,0.8947105530629855
2022-12-30 10:30:00,4.3991364,range,0.8939982410047287
2022-12-30 11:30:00,4.40869974,range,0.8939982410047287
2022-12-30 14:00:00,4.40869974,range,0.8939982410047287
2022-12-30 15:00:00,4.38957306,range,0.9088724338911096
2023-01-03 10:30:00,4.37044638,range,0.6871992918809858
2023-01-03 11:30:00,4.37044638,range,0.8098109958314111
2023-01-03 14:00:00,4.38957306,range,0.8862011044689261
2023-01-03 15:00:00,4.40869974,range,0.8064962037434751
2023-01-04 10:30:00,4.42782642,range,0.7687647182774826
2023-01-04 11:30:00,4.4469531,range,0.7795411710823191
2023-01-04 14:00:00,4.40869974,range,0.5551129164024304
2023-01-04 15:00:00,4.4469531,range,0.6077386527835211
2023-01-05 10:30:00,4.4469531,range,0.5479942090131011
2023-01-05 11:30:00,4.46607978,trend_up,0.5972235963934063
2023-01-05 14:00:00,4.45651644,trend_up,0.6035789887180524
2023-01-05 15:00:00,4.47564312,range,0.5751730443407856
2023-01-06 10:30:00,4.45651644,trend_up,0.6035789887180524
2023-01-06 11:30:00,4.46607978,trend_up,0.5475586497718523
2023-01-06 14:00:00,4.41826308,range,0.7826849826654572
2023-01-06 15:00:00,4.42782642,range,0.8829534964179963
2023-01-09 10:30:00,4.50433314,range,0.40995013098298977
2023-01-09 11:30:00,4.50433314,range,0.6121192117337858
2023-01-09 14:00:00,4.47564312,range,0.6121192117337858
2023-01-09 15:00:00,4.47564312,range,0.7650296528715808
2023-01-10 10:30:00,4.4947698,trend_up,0.7120327792700281
2023-01-10 11:30:00,4.50433314,trend_up,0.7773152170942038
2023-01-10 14:00:00,4.48520646,trend_up,0.5967418583404716
2023-01-10 15:00:00,4.48520646,trend_up,0.5967418583404716
2023-01-11 10:30:00,4.4947698,trend_up,0.7274146089053374
2023-01-11 11:30:00,4.45651644,range,0.5449917909084168
2023-01-11 14:00:00,4.45651644,range,0.7446388367843573
2023-01-11 15:00:00,4.42782642,range,0.5449917909084168
2023-01-12 10:30:00,4.40869974,trend_down,0.7611910281167401
2023-01-12 11:30:00,4.41826308,trend_down,0.5955446147595844
2023-01-12 14:00:00,4.46607978,range,0.5521940070910744
2023-01-12 15:00:00,4.47564312,range,0.7913419492900049
2023-01-13 10:30:00,4.51389648,trend_up,0.5904012206453156
2023-01-13 11:30:00,4.55214984,trend_up,0.8116283302177573
2023-01-13 14:00:00,4.55214984,trend_up,0.8108443757392524
2023-01-13 15:00:00,4.59996654,trend_up,0.7267127541017715
2023-01-16 10:30:00,4.70516328,breakout_up,0.48512049459319745
2023-01-16 11:30:00,4.7338533,trend_up,0.5195010918436814
2023-01-16 14:00:00,4.71472662,trend_up,0.9742323281814625
2023-01-16 15:00:00,4.70516328,trend_up,0.9742323281814625
2023-01-17 10:30:00,4.71472662,trend_up,0.938106489634533
2023-01-17 11:30:00,4.72428996,trend_up,0.927690188616068
2023-01-17 14:00:00,4.74341664,trend_up,0.9705246689210671
2023-01-17 15:00:00,4.76254332,trend_up,0.9705246689210671
2023-01-18 10:30:00,4.76254332,trend_up,0.9346682169686144
2023-01-18 11:30:00,4.78167,trend_up,0.9705246689210671
2023-01-18 14:00:00,4.78167,trend_up,0.9019048519618212
2023-01-18 15:00:00,4.77210666,trend_up,0.8989257226588602
2023-01-19 10:30:00,4.78167,trend_up,0.9696978493388541
2023-01-19 11:30:00,4.81036002,trend_up,0.9310376619313472
2023-01-19 14:00:00,4.8294867,trend_up,0.8842259038384984
2023-01-19 15:00:00,4.85817672,trend_up,0.6174834065405932
2023-01-20 10:30:00,4.79123334,trend_up,0.9679511336517824
2023-01-20 11:30:00,4.79123334,trend_up,0.8902144987503774
2023-01-20 14:00:00,4.79123334,trend_up,0.8902144987503774
2023-01-20 15:00:00,4.79123334,trend_up,0.8902144987503774
2023-01-30 10:30:00,4.78167,trend_up,0.7425151690816107
2023-01-30 11:30:00,4.80079668,trend_up,0.9680422957267861
2023-01-30 14:00:00,4.76254332,trend_up,0.863612138995893
2023-01-30 15:00:00,4.75297998,trend_down,0.5894533561033574
2023-01-31 10:30:00,4.78167,trend_up,0.7059970183285622
2023-01-31 11:30:00,4.77210666,range,0.7722451375612671
2023-01-31 14:00:00,4.76254332,range,0.6356567985997432
2023-01-31 15:00:00,4.78167,trend_up,0.6359685894540297
2023-02-01 10:30:00,4.80079668,trend_up,0.6545535828413134
2023-02-01 11:30:00,4.83905004,trend_up,0.7083516709142998
2023-02-01 14:00:00,4.85817672,trend_up,0.9052286302355669
2023-02-01 15:00:00,4.96337346,trend_up,0.4636947344470649
2023-02-02 10:30:00,4.84861338,trend_up,0.4524610865915117
2023-02-02 11:30:00,4.90599342,trend_up,0.9742323281814625
2023-02-02 14:00:00,4.85817672,trend_up,0.9742323281814625
2023-02-02 15:00:00,4.84861338,trend_up,0.8983132835346506
2023-02-03 10:30:00,4.8294867,trend_up,0.8983132835346506
2023-02-03 11:30:00,4.81036002,trend_down,0.5963623155074708
2023-02-03 14:00:00,4.81036002,trend_down,0.6615824891304735
2023-02-03 15:00:00,4.85817672,trend_up,0.9423709533776204
2023-02-06 10:30:00,4.81036002,trend_up,0.7939991758485883
2023-02-06 11:30:00,4.79123334,trend_up,0.7123691467602389
2023-02-06 14:00:00,4.80079668,range,0.49209851201904514
2023-02-06 15:00:00,4.80079668,range,0.49209851201904514
2023-02-07 10:30:00,4.80079668,trend_down,0.8493096640531225
2023-02-07 11:30:00,4.80079668,trend_down,0.8123414493055849
2023-02-07 14:00:00,4.76254332,trend_down,0.9096603708933312
2023-02-07 15:00:00,4.79123334,trend_down,0.8123414493055849
2023-02-08 10:30:00,4.76254332,trend_down,0.9096603708933312
2023-02-08 11:30:00,4.76254332,trend_down,0.808111438353901
2023-02-08 14:00:00,4.72428996,trend_down,0.9526892231117793
2023-02-08 15:00:00,4.71472662,trend_down,0.9053228610532854
2023-02-09 10:30:00,4.7338533,trend_down,0.8951469426602461
2023-02-09 11:30:00,4.71472662,trend_down,0.8452061671728198
2023-02-09 14:00:00,4.75297998,trend_down,0.8993481562721959
2023-02-09 15:00:00,4.78167,trend_down,0.5784702925237408
2023-02-10 10:30:00,4.78167,trend_down,0.5784702925237408
2023-02-10 11:30:00,4.76254332,trend_down,0.5784702925237408
2023-02-10 14:00:00,4.76254332,range,0.830606635488362
2023-02-10 15:00:00,4.75297998,range,0.830606635488362
2023-02-13 10:30:00,4.75297998,range,0.8559391462599245
2023-02-13 11:30:00,4.80079668,range,0.7172378895645664
2023-02-13 14:00:00,4.78167,range,0.6453051112718295
2023-02-13 15:00:00,4.79123334,range,0.6671987597552126
2023-02-14 10:30:00,4.79123334,range,0.5077243257208134
2023-02-14 11:30:00,4.76254332,range,0.7839144015868764
2023-02-14 14:00:00,4.76254332,range,0.8064962037434751
2023-02-14 15:00:00,4.78167,range,0.8064962037434751
2023-02-15 10:30:00,4.7338533,range,0.8947105530629855
2023-02-15 11:30:00,4.75297998,range,0.8862011044689261
2023-02-15 14:00:00,4.74341664,range,0.9072981748131455
2023-02-15 15:00:00,4.7338533,range,0.9075020440909478
2023-02-16 10:30:00,4.85817672,trend_up,0.6123168081273949
2023-02-16 11:30:00,4.8294867,trend_up,0.7277710899906816
2023-02-16 14:00:00,4.80079668,trend_up,0.6901246879786478
2023-02-16 15:00:00,4.70516328,range,0.4698598405052102
2023-02-17 10:30:00,4.69559994,trend_down,0.49767461670996743
2023-02-17 11:30:00,4.67647326,trend_down,0.5451775486394923
2023-02-17 14:00:00,4.67647326,range,0.5620064532551651
2023-02-17 15:00:00,4.6382199,trend_down,0.8029667737260796
2023-02-20 10:30:00,4.7338533,trend_down,0.8171963091715887
2023-02-20 11:30:00,4.7338533,trend_down,0.8402943511389828
2023-02-20 14:00:00,4.80079668,trend_up,0.4743077528822412
2023-02-20 15:00:00,4.8294867,trend_up,0.8353611890384974
2023-02-21 10:30:00,4.8294867,trend_up,0.6741413246130571
2023-02-21 11:30:00,4.79123334,trend_up,0.6956124261749731
2023-02-21 14:00:00,4.80079668,trend_up,0.5869865257032929
2023-02-21 15:00:00,4.8294867,trend_up,0.7124680888866436
2023-02-22 10:30:00,4.81992336,trend_up,0.7124680888866436
2023-02-22 11:30:00,4.81036002,trend_up,0.5869865257032929
2023-02-22 14:00:00,4.79123334,trend_up,0.5177646269349031
2023-02-22 15:00:00,4.79123334,trend_up,0.5177646269349031
2023-02-23 10:30:00,4.79123334,trend_up,0.6297560344989963
2023-02-23 11:30:00,4.81036002,trend_up,0.8902144987503774
2023-02-23 14:00:00,4.79123334,trend_up,0.855628419547505
2023-02-23 15:00:00,4.80079668,trend_up,0.6601022639809804
2023-02-24 10:30:00,4.77210666,range,0.6289200282351567
2023-02-24 11:30:00,4.76254332,range,0.6356567985997432
2023-02-24 14:00:00,4.74341664,range,0.5542730275260896
2023-02-24 15:00:00,4.75297998,range,0.6412288529727601
2023-02-27 10:30:00,4.74341664,range,0.5067820346763223
2023-02-27 11:30:00,4.69559994,trend_down,0.837145802717449
2023-02-27 14:00:00,4.69559994,trend_down,0.8865931210167033
2023-02-27 15:00:00,4.69559994,trend_down,0.7122263879303621
2023-02-28 10:30:00,4.71472662,trend_down,0.8540433404472647
2023-02-28 11:30:00,4.69559994,trend_down,0.6646317013055155
2023-02-28 14:00:00,4.70516328,trend_down,0.8934098402710774
2023-02-28 15:00:00,4.72428996,range,0.5062380831706284
2023-03-01 10:30:00,4.7338533,trend_down,0.693003997817097
2023-03-01 11:30:00,4.76254332,trend_up,0.5255368726491012
2023-03-01 14:00:00,4.75297998,range,0.4963827801658542
2023-03-01 15:00:00,4.77210666,range,0.4963827801658542
2023-03-02 10:30:00,4.76254332,trend_up,0.5963623155074708
2023-03-02 11:30:00,4.76254332,trend_up,0.5954143118264487
2023-03-02 14:00:00,4.76254332,trend_up,0.5954143118264487
2023-03-02 15:00:00,4.76254332,range,0.5337863967105769
2023-03-03 10:30:00,4.75297998,trend_up,0.5507757844364722
2023-03-03 11:30:00,4.75297998,trend_up,0.5507757844364722
2023-03-03 14:00:00,4.75297998,trend_up,0.5505976684309261
2023-03-03 15:00:00,4.77210666,trend_up,0.5067718584319444
2023-03-06 10:30:00,4.77210666,trend_up,0.7927228742540599
2023-03-06 11:30:00,4.75297998,trend_up,0.5894533561033574
2023-03-06 14:00:00,4.74341664,trend_up,0.5894533561033574
2023-03-06 15:00:00,4.72428996,trend_down,0.8672707799644853
2023-03-07 10:30:00,4.74341664,trend_down,0.6365404650970404
2023-03-07 11:30:00,4.72428996,trend_down,0.6111308495628112
2023-03-07 14:00:00,4.6860366,trend_down,0.6074300957818276
2023-03-07 15:00:00,4.64778324,trend_down,0.8358085929549446
2023-03-08 10:30:00,4.64778324,trend_down,0.8636747380036519
2023-03-08 11:30:00,4.6382199,trend_down,0.871543152426647
2023-03-08 14:00:00,4.61909322,trend_down,0.966073424863376
2023-03-08 15:00:00,4.6382199,trend_down,0.967029182099857
2023-03-09 10:30:00,4.64778324,trend_down,0.967029182099857
2023-03-09 11:30:00,4.62865656,trend_down,0.9742323281814625
2023-03-09 14:00:00,4.64778324,trend_down,0.9182273385573261
2023-03-09 15:00:00,4.62865656,trend_down,0.9182273385573261
2023-03-10 10:30:00,4.57127652,trend_down,0.5407135016471885
2023-03-10 11:30:00,4.56171318,trend_down,0.5407135016471885
2023-03-10 14:00:00,4.58083986,trend_down,0.9742323281814625
2023-03-10 15:00:00,4.56171318,trend_down,0.967029182099857
2023-03-13 10:30:00,4.53302316,trend_down,0.8219355018305541
2023-03-13 11:30:00,4.55214984,trend_down,0.9679511336517824
2023-03-13 14:00:00,4.5425865,trend_down,0.9742323281814625
2023-03-13 15:00:00,4.57127652,trend_down,0.9679511336517824
2023-03-14 10:30:00,4.53302316,trend_down,0.9679511336517824
2023-03-14 11:30:00,4.51389648,trend_down,0.6349470762771685
2023-03-14 14:00:00,4.52345982,trend_down,0.9696978493388541
2023-03-14 15:00:00,4.52345982,trend_down,0.9696978493388541
2023-03-15 10:30:00,4.58083986,trend_down,0.9592704627017886
2023-03-15 11:30:00,4.56171318,trend_down,0.9592704627017886
2023-03-15 14:00:00,4.57127652,trend_down,0.8812855876076623
2023-03-15 15:00:00,4.57127652,trend_down,0.8784154790480619
2023-03-16 10:30:00,4.57127652,trend_down,0.8784154790480619
2023-03-16 11:30:00,4.56171318,trend_down,0.9421127839593577
2023-03-16 14:00:00,4.5425865,trend_down,0.7674418169778481
2023-03-16 15:00:00,4.53302316,trend_down,0.7131320036987935
2023-03-17 10:30:00,4.61909322,range,0.6359254764265172
2023-03-17 11:30:00,4.62865656,reversal,0.49671072958210505
2023-03-17 14:00:00,4.64778324,trend_up,0.6615824891304735
2023-03-17 15:00:00,4.62865656,trend_up,0.8156601237330515
2023-03-20 10:30:00,4.61909322,trend_up,0.737823825568231
2023-03-20 11:30:00,4.61909322,trend_up,0.7757646083214381
2023-03-20 14:00:00,4.60952988,trend_up,0.7757646083214381
2023-03-20 15:00:00,4.5904032,range,0.6049488934198607
2023-03-21 10:30:00,4.5904032,range,0.6049488934198607
2023-03-21 11:30:00,4.59996654,range,0.830606635488362
2023-03-21 14:00:00,4.59996654,range,0.6210429185113224
2023-03-21 15:00:00,4.60952988,range,0.6210429185113224
2023-03-22 10:30:00,4.6382199,range,0.6210429185113224
2023-03-22 11:30:00,4.61909322,trend_up,0.7100613190755783
2023-03-22 14:00:00,4.60952988,range,0.5016324948275044
2023-03-22 15:00:00,4.61909322,trend_up,0.7100613190755783
2023-03-23 10:30:00,4.64778324,trend_up,0.7100613190755783
2023-03-23 11:30:00,4.62865656,trend_up,0.5906161733765932
2023-03-23 14:00:00,4.66690992,trend_up,0.4906822828807668
2023-03-23 15:00:00,4.67647326,trend_up,0.501648848993857
2023-03-24 10:30:00,4.6860366,trend_up,0.4939325595995508
2023-03-24 11:30:00,4.67647326,trend_up,0.9366146637350224
2023-03-24 14:00:00,4.67647326,trend_up,0.9742323281814625
2023-03-24 15:00:00,4.6860366,trend_up,0.9019048519618212
2023-03-27 10:30:00,4.65734658,trend_up,0.967576630127711
2023-03-27 11:30:00,4.6382199,trend_up,0.5872122288736993
2023-03-27 14:00:00,4.6860366,trend_up,0.9376630151002645
2023-03-27 15:00:00,4.6860366,trend_up,0.9521781241922769
2023-03-28 10:30:00,4.64778324,trend_down,0.8027671989238353
2023-03-28 11:30:00,4.65734658,trend_down,0.8027671989238353
2023-03-28 14:00:00,4.66690992,range,0.6672066495870824
2023-03-28 15:00:00,4.64778324,trend_down,0.5399094434744496
2023-03-29 10:30:00,4.60952988,trend_down,0.41484635145863763
2023-03-29 11:30:00,4.60952988,range,0.7785020471917211
2023-03-29 14:00:00,4.61909322,range,0.7785020471917211
2023-03-29 15:00:00,4.60952988,trend_down,0.5446104499783537
2023-03-30 10:30:00,4.56171318,trend_down,0.747175849239025
2023-03-30 11:30:00,4.55214984,trend_down,0.9297575789077402
2023-03-30 14:00:00,4.6382199,trend_down,0.8107496986543772
2023-03-30 15:00:00,4.60952988,trend_down,0.9405899908184939
2023-03-31 10:30:00,4.61909322,trend_down,0.8107496986543772
2023-03-31 11:30:00,4.5904032,trend_down,0.9396495210548501
2023-03-31 14:00:00,4.59996654,trend_down,0.8560459848379303
2023-03-31 15:00:00,4.60952988,trend_down,0.812621349618431
2023-04-03 10:30:00,4.67647326,trend_up,0.4065430908162247
2023-04-03 11:30:00,4.72428996,trend_up,0.37052306120223455
2023-04-03 14:00:00,4.72428996,trend_up,0.641691474933272
2023-04-03 15:00:00,4.7338533,trend_up,0.4953362214876846
2023-04-04 10:30:00,4.74341664,trend_up,0.5207176245157485
2023-04-04 11:30:00,4.74341664,trend_up,0.9468914776435289
2023-04-04 14:00:00,4.74341664,trend_up,0.9742323281814625
2023-04-04 15:00:00,4.75297998,trend_up,0.9742323281814625
2023-04-06 10:30:00,4.74341664,trend_up,0.9742323281814625
2023-04-06 11:30:00,4.74341664,trend_up,0.8958711337427966
2023-04-06 14:00:00,4.72428996,trend_up,0.9230955164120815
2023-04-06 15:00:00,4.72428996,trend_up,0.8927407182097999
2023-04-07 10:30:00,4.74341664,trend_up,0.9679511336517824
2023-04-07 11:30:00,4.74341664,trend_up,0.9742323281814625
2023-04-07 14:00:00,4.75297998,trend_up,0.9182273385573261
2023-04-07 15:00:00,4.75297998,trend_up,0.8895342149017359
2023-04-10 10:30:00,4.75297998,trend_up,0.5272643557394641
2023-04-10 11:30:00,4.7338533,trend_up,0.855628419547505
2023-04-10 14:00:00,4.7338533,trend_up,0.8920597894315797
2023-04-10 15:00:00,4.72428996,trend_up,0.8106573326538037
2023-04-11 10:30:00,4.77210666,trend_up,0.5461022832097622
2023-04-11 11:30:00,4.76254332,trend_up,0.8403711591520251
2023-04-11 14:00:00,4.75297998,trend_up,0.8442011952587081
2023-04-11 15:00:00,4.76254332,trend_up,0.6607923416738336
2023-04-12 10:30:00,4.75297998,trend_up,0.7723910181007572
2023-04-12 11:30:00,4.77210666,trend_up,0.7174331767668176
2023-04-12 14:00:00,4.76254332,trend_up,0.7224166514371863
2023-04-12 15:00:00,4.76254332,trend_up,0.5643116812574618
2023-04-13 10:30:00,4.72428996,range,0.6181897121652762
2023-04-13 11:30:00,4.7338533,range,0.6121192117337858
2023-04-13 14:00:00,4.71472662,range,0.7870762248465117
2023-04-13 15:00:00,4.70516328,range,0.7870762248465117
2023-04-14 10:30:00,4.70516328,trend_down,0.5415660544584266
2023-04-14 11:30:00,4.69559994,trend_down,0.6573542631442072
2023-04-14 14:00:00,4.70516328,trend_down,0.7332437925139978
2023-04-14 15:00:00,4.70516328,trend_down,0.9055490583478151
2023-04-17 10:30:00,4.78167,reversal,0.47190416574976296
2023-04-17 11:30:00,4.80079668,trend_up,0.8102317544626663
2023-04-17 14:00:00,4.77210666,trend_up,0.9526892231117793
2023-04-17 15:00:00,4.80079668,trend_up,0.9526892231117793
2023-04-18 10:30:00,4.78167,trend_up,0.9360297430545271
2023-04-18 11:30:00,4.79123334,trend_up,0.9742323281814625
2023-04-18 14:00:00,4.80079668,trend_up,0.9720901900884227
2023-04-18 15:00:00,4.78167,trend_up,0.9720901900884227
2023-04-19 10:30:00,4.77210666,trend_up,0.9281660121740467
2023-04-19 11:30:00,4.76254332,trend_up,0.9472054170521309
2023-04-19 14:00:00,4.75297998,trend_up,0.46836719269395266
2023-04-19 15:00:00,4.72428996,range,0.41902774149197514
2023-04-20 10:30:00,4.66690992,trend_down,0.47122349304152183
2023-04-20 11:30:00,4.66690992,trend_down,0.8083594981580005
2023-04-20 14:00:00,4.6860366,trend_down,0.5520491304099036
2023-04-20 15:00:00,4.70516328,trend_down,0.8282807928201137
2023-04-21 10:30:00,4.6382199,trend_down,0.9381570134092982
2023-04-21 11:30:00,4.5904032,trend_down,0.9283791429760239
2023-04-21 14:00:00,4.57127652,trend_down,0.5342199480541586
2023-04-21 15:00:00,4.51389648,trend_down,0.5339693347282727
2023-04-24 10:30:00,4.67647326,trend_down,0.8988725981381075
2023-04-24 11:30:00,4.6382199,trend_down,0.9379154030189935
2023-04-24 14:00:00,4.61909322,trend_down,0.9558414499823895
2023-04-24 15:00:00,4.5904032,trend_down,0.9558414499823895
2023-04-25 10:30:00,4.58083986,trend_down,0.9567949741861582
2023-04-25 11:30:00,4.60952988,trend_down,0.9671310851438669
2023-04-25 14:00:00,4.56171318,trend_down,0.9671310851438669
2023-04-25 15:00:00,4.59996654,trend_down,0.9671310851438669
2023-04-26 10:30:00,4.56171318,trend_down,0.9679511336517824
2023-04-26 11:30:00,4.56171318,trend_down,0.9206961464705191
2023-04-26 14:00:00,4.5904032,trend_down,0.9417516507203924
2023-04-26 15:00:00,4.59996654,range,0.513511240368458
2023-04-27 10:30:00,4.60952988,range,0.513511240368458
2023-04-27 11:30:00,4.5904032,trend_down,0.9200970289289416
2023-04-27 14:00:00,4.62865656,trend_up,0.45134527247218387
2023-04-27 15:00:00,4.60952988,range,0.7071529133931204
2023-04-28 10:30:00,4.78167,trend_up,0.46510767648323925
2023-04-28 11:30:00,4.75297998,trend_up,0.7884886093121707
2023-04-28 14:00:00,4.74341664,trend_up,0.5720665698542748
2023-04-28 15:00:00,4.77210666,trend_up,0.7277710899906816
2023-05-04 10:30:00,4.8294867,trend_up,0.9377262209536074
2023-05-04 11:30:00,4.81036002,trend_up,0.88625147446568
2023-05-04 14:00:00,4.8294867,trend_up,0.8895342149017359
2023-05-04 15:00:00,4.8294867,trend_up,0.8895342149017359
2023-05-05 10:30:00,4.85817672,trend_up,0.5293985367695945
2023-05-05 11:30:00,4.84861338,trend_up,0.9742323281814625
2023-05-05 14:00:00,4.84861338,trend_up,0.9206961464705191
2023-05-05 15:00:00,4.84861338,trend_up,0.8927407182097999
2023-05-08 10:30:00,4.86774006,trend_up,0.938106489634533
2023-05-08 11:30:00,4.91555676,trend_up,0.5275383222724065
2023-05-08 14:00:00,4.91555676,trend_up,0.8927407182097999
2023-05-08 15:00:00,4.91555676,trend_up,0.8927407182097999
2023-05-09 10:30:00,5.0685702,breakout_up,0.48512049459319745
2023-05-09 11:30:00,5.05900686,trend_up,0.9742323281814625
2023-05-09 14:00:00,4.96337346,trend_up,0.9742323281814625
2023-05-09 15:00:00,4.9251201,trend_up,0.9735686106763175
2023-05-10 10:30:00,4.85817672,trend_up,0.5529036999713479
2023-05-10 11:30:00,4.86774006,trend_down,0.5963623155074708
2023-05-10 14:00:00,4.85817672,trend_down,0.7970122181324113
2023-05-10 15:00:00,4.86774006,trend_down,0.7970122181324113
2023-05-11 10:30:00,4.8773034,trend_up,0.8156601237330515
2023-05-11 11:30:00,4.86774006,trend_up,0.6615824891304735
2023-05-11 14:00:00,4.86774006,trend_up,0.6554353925269597
2023-05-11 15:00:00,4.85817672,range,0.49209851201904514
2023-05-12 10:30:00,4.83905004,trend_up,0.7071502087268331
2023-05-12 11:30:00,4.86774006,trend_up,0.7071502087268331
2023-05-12 14:00:00,4.84861338,trend_up,0.6491959135829651
2023-05-12 15:00:00,4.81992336,trend_down,0.6073029387372603
2023-05-15 10:30:00,4.75297998,trend_down,0.8078349232993257
2023-05-15 11:30:00,4.75297998,trend_down,0.8089122509336365
2023-05-15 14:00:00,4.84861338,trend_down,0.6073029387372603
2023-05-15 15:00:00,4.88686674,trend_down,0.6073029387372603
2023-05-16 10:30:00,4.86774006,trend_down,0.5739474073462888
2023-05-16 11:30:00,4.83905004,range,0.6210429185113224
2023-05-16 14:00:00,4.8294867,range,0.836379350546799
2023-05-16 15:00:00,4.8294867,range,0.685759807008504
2023-05-17 10:30:00,4.8294867,range,0.6289200282351567
2023-05-17 11:30:00,4.81036002,trend_down,0.5182498481931086
2023-05-17 14:00:00,4.80079668,trend_down,0.5182498481931086
2023-05-17 15:00:00,4.81036002,range,0.5882663822619455
2023-05-18 10:30:00,4.81992336,range,0.6340762323724056
2023-05-18 11:30:00,4.81992336,range,0.6635394563209284
2023-05-18 14:00:00,4.79123334,range,0.6148610574654111
2023-05-18 15:00:00,4.80079668,range,0.6679497269299622
2023-05-19 10:30:00,4.79123334,trend_down,0.5182498481931086
2023-05-19 11:30:00,4.80079668,range,0.5067820346763223
2023-05-19 14:00:00,4.75297998,trend_down,0.79441816231226
2023-05-19 15:00:00,4.74341664,trend_down,0.635333649758702
2023-05-22 10:30:00,4.75297998,trend_down,0.7987059104147493
2023-05-22 11:30:00,4.7338533,trend_down,0.8403711591520251
2023-05-22 14:00:00,4.72428996,trend_down,0.6697004484743548
2023-05-22 15:00:00,4.7338533,trend_down,0.6646317013055155
2023-05-23 10:30:00,4.76254332,trend_down,0.7566901279000016
2023-05-23 11:30:00,4.7338533,trend_down,0.8540433404472647
2023-05-23 14:00:00,4.7338533,trend_down,0.6646317013055155
2023-05-23 15:00:00,4.6860366,trend_down,0.8493055705868268
2023-05-24 10:30:00,4.66690992,trend_down,0.4813027443244837
2023-05-24 11:30:00,4.6860366,trend_down,0.8579993070247722
2023-05-24 14:00:00,4.66690992,trend_down,0.6788501807348961
2023-05-24 15:00:00,4.6382199,trend_down,0.603422486564401
2023-05-25 10:30:00,4.64778324,trend_down,0.5330757160138161
2023-05-25 11:30:00,4.61909322,trend_down,0.9705246689210671
2023-05-25 14:00:00,4.60952988,trend_down,0.9705246689210671
2023-05-25 15:00:00,4.65734658,trend_down,0.8237904192896002
2023-05-26 10:30:00,4.62865656,trend_down,0.9705246689210671
2023-05-26 11:30:00,4.64778324,trend_down,0.927690188616068
2023-05-26 14:00:00,4.65734658,trend_down,0.9653094962875512
2023-05-26 15:00:00,4.65734658,trend_down,0.8712464509372875
2023-05-29 10:30:00,4.69559994,trend_up,0.7321029289697483
2023-05-29 11:30:00,4.66690992,trend_up,0.5784702925237408
2023-05-29 14:00:00,4.65734658,trend_down,0.7970122181324113
2023-05-29 15:00:00,4.64778324,trend_down,0.8705313301600581
2023-05-30 10:30:00,4.65734658,range,0.6241366913594073
2023-05-30 11:30:00,4.66690992,range,0.5802914207063435
2023-05-30 14:00:00,4.65734658,trend_down,0.7137135907345468
2023-05-30 15:00:00,4.69559994,range,0.8939982410047287
2023-05-31 10:30:00,4.66690992,range,0.8939982410047287
2023-05-31 11:30:00,4.66690992,range,0.8947105530629855
2023-05-31 14:00:00,4.69559994,range,0.8953960049953154
2023-05-31 15:00:00,4.6860366,range,0.8947105530629855
2023-06-01 10:30:00,4.67647326,range,0.7953641163337866
2023-06-01 11:30:00,4.69559994,range,0.8947105530629855
2023-06-01 14:00:00,4.66690992,range,0.8098109958314111
2023-06-01 15:00:00,4.65734658,range,0.5578470874888187
2023-06-02 10:30:00,4.65734658,range,0.7839144015868764
2023-06-02 11:30:00,4.67647326,range,0.9088724338911096
2023-06-02 14:00:00,4.65734658,range,0.8098109958314111
2023-06-02 15:00:00,4.65734658,range,0.8098109958314111
2023-06-05 10:30:00,4.64778324,range,0.7826346264475538
2023-06-05 11:30:00,4.6382199,range,0.5574051340513307
2023-06-05 14:00:00,4.6382199,trend_down,0.501774488812983
2023-06-05 15:00:00,4.64778324,trend_down,0.5461856476857065
2023-06-06 10:30:00,4.64778324,trend_down,0.5355948107753915
2023-06-06 11:30:00,4.64778324,trend_down,0.5027514983332024
2023-06-06 14:00:00,4.60952988,trend_down,0.6424023153732692
2023-06-06 15:00:00,4.57127652,trend_down,0.4566775917459728
2023-06-07 10:30:00,4.61909322,trend_down,0.6283253933303813
2023-06-07 11:30:00,4.59996654,trend_down,0.8622615842718117
2023-06-07 14:00:00,4.60952988,trend_down,0.6928674113429307
2023-06-07 15:00:00,4.59996654,trend_down,0.688050386484037
2023-06-08 10:30:00,4.62865656,trend_down,0.8386262993150325
2023-06-08 11:30:00,4.59996654,trend_down,0.6832735614254086
2023-06-08 14:00:00,4.64778324,range,0.8492249395719437
2023-06-08 15:00:00,4.65734658,range,0.7062775850595673
2023-06-09 10:30:00,4.62865656,range,0.8492249395719437
2023-06-09 11:30:00,4.6382199,range,0.8924889773448861
2023-06-09 14:00:00,4.62865656,range,0.7799300752217643
2023-06-09 15:00:00,4.6382199,range,0.9084086787532348
2023-06-12 10:30:00,4.60952988,range,0.7813070530221972
2023-06-12 11:30:00,4.60952988,range,0.8092477438843029
2023-06-12 14:00:00,4.61909322,range,0.7826346264475538
2023-06-12 15:00:00,4.59996654,range,0.5180600844809882
2023-06-13 10:30:00,4.5904032,trend_down,0.5386523344814591
2023-06-13 11:30:00,4.59996654,trend_down,0.5055433521750154
2023-06-13 14:00:00,4.5904032,trend_down,0.500721197466656
2023-06-13 15:00:00,4.59996654,trend_down,0.5386523344814591
2023-06-14 10:30:00,4.62865656,range,0.7965110756279783
2023-06-14 11:30:00,4.60952988,range,0.7874824008533569
2023-06-14 14:00:00,4.59996654,range,0.7874824008533569
2023-06-14 15:00:00,4.5904032,range,0.5233487015796652
2023-06-15 10:30:00,4.59996654,range,0.7874824008533569
2023-06-15 11:30:00,4.60952988,range,0.8233818968516226
2023-06-15 14:00:00,4.64778324,range,0.7965110756279783
2023-06-15 15:00:00,4.64778324,range,0.8072668076257075
2023-06-16 10:30:00,4.64778324,range,0.8872046872473589
2023-06-16 11:30:00,4.64778324,range,0.8947105530629855
2023-06-16 14:00:00,4.65734658,trend_up,0.9418496419924473
2023-06-16 15:00:00,4.64778324,trend_up,0.7806749976032626
2023-06-19 10:30:00,4.6382199,trend_up,0.7341476681194586
2023-06-19 11:30:00,4.62865656,range,0.5009286070616341
2023-06-19 14:00:00,4.6382199,range,0.5009286070616341
2023-06-19 15:00:00,4.6382199,trend_up,0.5914313297827567
2023-06-20 10:30:00,4.62865656,range,0.5009286070616341
2023-06-20 11:30:00,4.62865656,trend_up,0.4255540044679468
2023-06-20 14:00:00,4.61909322,trend_down,0.5470762848038857
2023-06-20 15:00:00,4.60952988,trend_down,0.8169801622314894
2023-06-21 10:30:00,4.58083986,trend_down,0.774734126378259
2023-06-21 11:30:00,4.5904032,trend_down,0.6791487084755583
2023-06-21 14:00:00,4.57127652,trend_down,0.9515218517523304
2023-06-21 15:00:00,4.52345982,trend_down,0.825817286621991
2023-06-26 10:30:00,4.46607978,breakout_down,0.48512049459319745
2023-06-26 11:30:00,4.45651644,trend_down,0.5353414024884853
2023-06-26 14:00:00,4.41826308,trend_down,0.8139754305656954
2023-06-26 15:00:00,4.41826308,trend_down,0.9742323281814625
2023-06-27 10:30:00,4.4469531,trend_down,0.9742323281814625
2023-06-27 11:30:00,4.45651644,trend_down,0.9696978493388541
2023-06-27 14:00:00,4.47564312,trend_down,0.968840342841616
2023-06-27 15:00:00,4.45651644,trend_down,0.9679511336517824
2023-06-28 10:30:00,4.48520646,trend_down,0.9297390133172877
2023-06-28 11:30:00,4.46607978,trend_down,0.967029182099857
2023-06-28 14:00:00,4.48520646,trend_down,0.9557253993927181
2023-06-28 15:00:00,4.48520646,trend_down,0.9557253993927181
2023-06-29 10:30:00,4.4949774,trend_down,0.855628419547505
2023-06-29 11:30:00,4.4949774,trend_down,0.9653094962875512
2023-06-29 14:00:00,4.4949774,trend_down,0.9653094962875512
2023-06-29 15:00:00,4.48520571,trend_down,0.9735686106763175
2023-06-30 10:30:00,4.53406416,trend_down,0.8156601237330515
2023-06-30 11:30:00,4.56337923,trend_down,0.8156601237330515
2023-06-30 14:00:00,4.55360754,trend_up,0.9423709533776204
2023-06-30 15:00:00,4.56337923,trend_up,0.8375576247161503
2023-07-03 10:30:00,4.57315092,trend_up,0.8959112403874824
2023-07-03 11:30:00,4.61223768,trend_up,0.9332347807542475
2023-07-03 14:00:00,4.61223768,trend_up,0.9427684372343813
2023-07-03 15:00:00,4.60246599,trend_up,0.8639326827781951
2023-07-04 10:30:00,4.5926943,trend_up,0.8959112403874824
2023-07-04 11:30:00,4.5926943,trend_up,0.7604757499852173
2023-07-04 14:00:00,4.56337923,trend_up,0.8959112403874824
2023-07-04 15:00:00,4.58292261,trend_up,0.8959112403874824
2023-07-05 10:30:00,4.58292261,trend_up,0.8959112403874824
2023-07-05 11:30:00,4.58292261,trend_up,0.808111438353901
2023-07-05 14:00:00,4.56337923,trend_up,0.7604757499852173
2023-07-05 15:00:00,4.56337923,trend_down,0.5111506662096559
2023-07-06 10:30:00,4.57315092,trend_down,0.5111506662096559
2023-07-06 11:30:00,4.56337923,range,0.6356567985997432
2023-07-06 14:00:00,4.55360754,range,0.685759807008504
2023-07-06 15:00:00,4.55360754,trend_down,0.5111506662096559
2023-07-07 10:30:00,4.57315092,range,0.6341739504397705
2023-07-07 11:30:00,4.5926943,range,0.7240131848057194
2023-07-07 14:00:00,4.61223768,range,0.7240131848057194
2023-07-07 15:00:00,4.61223768,trend_up,0.635333649758702
2023-07-10 10:30:00,4.62200937,trend_up,0.7672525490478979
2023-07-10 11:30:00,4.61223768,trend_up,0.9741497011086431
2023-07-10 14:00:00,4.61223768,trend_up,0.9735686106763175
2023-07-10 15:00:00,4.63178106,trend_up,0.8965282913525047
2023-07-11 10:30:00,4.62200937,trend_up,0.9361837824309376
2023-07-11 11:30:00,4.63178106,trend_up,0.9713217933116737
2023-07-11 14:00:00,4.63178106,trend_up,0.904808988462874
2023-07-11 15:00:00,4.64155275,trend_up,0.904808988462874
2023-07-12 10:30:00,4.64155275,trend_up,0.9713217933116737
2023-07-12 11:30:00,4.62200937,trend_up,0.9705853704545222
2023-07-12 14:00:00,4.60246599,trend_down,0.8055128184938566
2023-07-12 15:00:00,4.58292261,trend_down,0.8055128184938566
2023-07-13 10:30:00,4.63178106,trend_up,0.8176708589515124
2023-07-13 11:30:00,4.63178106,trend_up,0.9386742439641551
2023-07-13 14:00:00,4.64155275,trend_up,0.879849796755642
2023-07-13 15:00:00,4.64155275,trend_up,0.6584350990899145
2023-07-14 10:30:00,4.64155275,trend_up,0.8730805974657889
2023-07-14 11:30:00,4.63178106,trend_up,0.688050386484037
2023-07-14 14:00:00,4.64155275,trend_up,0.8730805974657889
2023-07-14 15:00:00,4.64155275,trend_up,0.5722565760865477
2023-07-17 10:30:00,4.62200937,range,0.6059263082798054
2023-07-17 11:30:00,4.62200937,range,0.8840769116367145
2023-07-17 14:00:00,4.63178106,range,0.6181897121652762
2023-07-17 15:00:00,4.64155275,range,0.6181897121652762
2023-07-18 10:30:00,4.63178106,range,0.795484194260536
2023-07-18 11:30:00,4.65132444,trend_up,0.4004285778876247
2023-07-18 14:00:00,4.64155275,trend_up,0.6044901311552546
2023-07-18 15:00:00,4.64155275,trend_up,0.5585329125631213
2023-07-19 10:30:00,4.67086782,trend_up,0.7605266453520623
2023-07-19 11:30:00,4.66109613,trend_up,0.861881937676793
2023-07-19 14:00:00,4.67086782,trend_up,0.8656902338736445
2023-07-19 15:00:00,4.68063951,trend_up,0.7732171673271343
2023-07-20 10:30:00,4.68063951,trend_up,0.8361809020388716
2023-07-20 11:30:00,4.67086782,trend_up,0.869423351545534
2023-07-20 14:00:00,4.67086782,trend_up,0.688050386484037
2023-07-20 15:00:00,4.66109613,trend_up,0.708311938945807
2023-07-21 10:30:00,4.68063951,trend_up,0.9303470205870887
2023-07-21 11:30:00,4.66109613,trend_up,0.7319312754896087
2023-07-21 14:00:00,4.67086782,trend_up,0.9070739243975289
2023-07-21 15:00:00,4.68063951,trend_up,0.4998806118782608
2023-07-24 10:30:00,4.67086782,range,0.5183750202243589
2023-07-24 11:30:00,4.68063951,trend_up,0.4936580408097815
2023-07-24 14:00:00,4.67086782,range,0.7781997547851003
2023-07-24 15:00:00,4.68063951,range,0.562538347632589
2023-07-25 10:30:00,4.7881281,breakout_up,0.448197549729136
2023-07-25 11:30:00,4.81744317,trend_up,0.504032890722713
2023-07-25 14:00:00,4.84675824,trend_up,0.8612978915360555
2023-07-25 15:00:00,4.85652993,trend_up,0.504032890722713
2023-07-26 10:30:00,4.83698655,trend_up,0.5293985367695945
2023-07-26 11:30:00,4.83698655,trend_up,0.9742323281814625
2023-07-26 14:00:00,4.84675824,trend_up,0.9742323281814625
2023-07-26 15:00:00,4.86630162,trend_up,0.9742323281814625
2023-07-27 10:30:00,4.885845,trend_up,0.8003153026697971
2023-07-27 11:30:00,4.90538838,trend_up,0.9696978493388541
2023-07-27 14:00:00,4.86630162,trend_up,0.968840342841616
2023-07-27 15:00:00,4.85652993,trend_up,0.8958711337427966
2023-07-28 10:30:00,4.91516007,trend_up,0.5275383222724065
2023-07-28 11:30:00,5.10082218,breakout_up,0.47683102472388567
2023-07-28 14:00:00,5.15945232,trend_up,0.4450736263702546
2023-07-28 15:00:00,5.23762584,trend_up,0.4450736263702546
2023-07-31 10:30:00,5.49168978,breakout_up,0.4452658905757582
2023-07-31 11:30:00,5.52100485,trend_up,0.9074700472430703
2023-07-31 14:00:00,5.42328795,trend_up,0.9679556215260039
2023-07-31 15:00:00,5.38420119,trend_up,0.9679556215260039
2023-08-01 10:30:00,5.45260302,trend_up,0.9074700472430703
2023-08-01 11:30:00,5.3744295,trend_up,0.9679556215260039
2023-08-01 14:00:00,5.3744295,trend_up,0.9679556215260039
2023-08-01 15:00:00,5.3744295,trend_up,0.9742323281814625
2023-08-02 10:30:00,5.54054823,trend_up,0.9074700472430703
2023-08-02 11:30:00,5.53077654,trend_up,0.9188033581179739
2023-08-02 14:00:00,5.4721464,trend_up,0.9608446534331625
2023-08-02 15:00:00,5.46237471,trend_up,0.8895342149017359
2023-08-03 10:30:00,5.4721464,trend_up,0.9365728327825781
2023-08-03 11:30:00,5.48191809,trend_up,0.9652070575927774
2023-08-03 14:00:00,5.57963499,trend_up,0.9652070575927774
2023-08-03 15:00:00,5.61872175,trend_up,0.966073424863376
2023-08-04 10:30:00,5.68712358,trend_up,0.5293985367695945
2023-08-04 11:30:00,5.64803682,trend_up,0.967029182099857
2023-08-04 14:00:00,5.81415555,trend_up,0.897989906797047
2023-08-04 15:00:00,5.69689527,trend_up,0.9742323281814625
2023-08-07 10:30:00,5.60895006,trend_up,0.9653094962875512
2023-08-07 11:30:00,5.6675802,trend_up,0.8902144987503774
2023-08-07 14:00:00,5.62849344,trend_up,0.8902144987503774
2023-08-07 15:00:00,5.6675802,trend_up,0.9187684356464907
2023-08-08 10:30:00,5.5698633,trend_up,0.9653094962875512
2023-08-08 11:30:00,5.61872175,trend_up,0.8952284811874971
2023-08-08 14:00:00,5.5698633,trend_up,0.8952284811874971
2023-08-08 15:00:00,5.58940668,trend_up,0.8952284811874971
2023-08-09 10:30:00,5.54054823,trend_up,0.6554353925269597
2023-08-09 11:30:00,5.50146147,range,0.49209851201904514
2023-08-09 14:00:00,5.52100485,range,0.49209851201904514
2023-08-09 15:00:00,5.50146147,range,0.49209851201904514
2023-08-10 10:30:00,5.52100485,trend_down,0.8123414493055849
2023-08-10 11:30:00,5.49168978,trend_down,0.8123414493055849
2023-08-10 14:00:00,5.50146147,trend_down,0.8123414493055849
2023-08-10 15:00:00,5.5698633,trend_up,0.6677268008176662
2023-08-11 10:30:00,5.46237471,trend_down,0.6073029387372603
2023-08-11 11:30:00,5.45260302,range,0.43720636478307423
2023-08-11 14:00:00,5.44283133,trend_down,0.5784702925237408
2023-08-11 15:00:00,5.39397288,trend_down,0.5894533561033574
2023-08-14 10:30:00,5.2767126,trend_down,0.8976590831882497
2023-08-14 11:30:00,5.31579936,trend_down,0.7990807723304278
2023-08-14 14:00:00,5.35488612,trend_down,0.7159611718510721
2023-08-14 15:00:00,5.31579936,trend_down,0.7217937969344603
2023-08-15 10:30:00,5.2767126,range,0.4910342603249249
2023-08-15 11:30:00,5.25716922,trend_down,0.5415660544584266
2023-08-15 14:00:00,5.26694091,trend_down,0.5931517438222115
2023-08-15 15:00:00,5.32557105,trend_down,0.7806749976032626
2023-08-16 10:30:00,5.52100485,reversal,0.5911381049484311
2023-08-16 11:30:00,5.58940668,reversal,0.5146751049696027
2023-08-16 14:00:00,5.54054823,trend_up,0.889427501917539
2023-08-16 15:00:00,5.51123316,trend_up,0.9141458196879277
2023-08-17 10:30:00,5.50146147,trend_up,0.9365728327825781
2023-08-17 11:30:00,5.40374457,trend_up,0.8156601237330515
2023-08-17 14:00:00,5.40374457,trend_up,0.6233777026286023
2023-08-17 15:00:00,5.4721464,trend_up,0.9423709533776204
2023-08-18 10:30:00,5.3744295,trend_up,0.7321433425985422
2023-08-18 11:30:00,5.35488612,range,0.5449917909084167
2023-08-18 14:00:00,5.35488612,trend_down,0.46836719269395266
2023-08-18 15:00:00,5.2767126,trend_down,0.48252482198700597
2023-08-21 10:30:00,5.19853908,trend_down,0.6573542631442072
2023-08-21 11:30:00,5.19853908,trend_down,0.5715959029085617
2023-08-21 14:00:00,5.18876739,trend_down,0.6975880624924743
2023-08-21 15:00:00,5.12036556,trend_down,0.7687877277365481
2023-08-22 10:30:00,5.13013725,trend_down,0.8934098402710774
2023-08-22 11:30:00,5.09105049,trend_down,0.44477976258757645
2023-08-22 14:00:00,5.12036556,trend_down,0.9187684356464907
2023-08-22 15:00:00,5.15945232,trend_down,0.9735686106763175
2023-08-23 10:30:00,5.05196373,trend_down,0.8226829336580879
2023-08-23 11:30:00,5.07150711,trend_down,0.5221839568099708
2023-08-23 14:00:00,5.10082218,trend_down,0.9136500667948829
2023-08-23 15:00:00,5.02264866,trend_down,0.8226829336580879
2023-08-24 10:30:00,5.02264866,trend_down,0.9735686106763175
2023-08-24 11:30:00,5.09105049,trend_down,0.9742323281814625
2023-08-24 14:00:00,5.07150711,trend_down,0.9742323281814625
2023-08-24 15:00:00,5.04219204,trend_down,0.9156880955987667
2023-08-25 10:30:00,5.10082218,trend_down,0.850094082048078
2023-08-25 11:30:00,5.06173542,trend_down,0.8888063780690166
2023-08-25 14:00:00,5.09105049,trend_down,0.8827596709537892
2023-08-25 15:00:00,5.05196373,trend_down,0.8888063780690166
2023-08-28 10:30:00,5.40374457,breakout_up,0.4504491163296955
2023-08-28 11:30:00,5.41351626,trend_up,0.9526892231117793
2023-08-28 14:00:00,5.32557105,trend_up,0.8992337021191241
2023-08-28 15:00:00,5.24739753,trend_up,0.8992337021191241
2023-08-29 10:30:00,5.11059387,reversal,0.5326470624383202
2023-08-29 11:30:00,5.23762584,trend_up,0.7071502087268331
2023-08-29 14:00:00,5.21808246,trend_up,0.7071502087268331
2023-08-29 15:00:00,5.22785415,range,0.4998880512009192
2023-08-30 10:30:00,5.11059387,trend_up,0.45769042081438654
2023-08-30 11:30:00,5.07150711,trend_down,0.9025533180197977
2023-08-30 14:00:00,5.05196373,trend_down,0.5568007806622373
2023-08-30 15:00:00,5.03242035,trend_down,0.533227573154796
2023-08-31 10:30:00,4.90538838,trend_down,0.682511443194515
2023-08-31 11:30:00,4.89561669,trend_down,0.7607850326959774
2023-08-31 14:00:00,4.89561669,trend_down,0.8924256327184921
2023-08-31 15:00:00,4.87607331,trend_down,0.8924256327184921
2023-09-01 10:30:00,4.89561669,trend_down,0.767061440741372
2023-09-01 11:30:00,4.85652993,trend_down,0.9206961464705191
2023-09-01 14:00:00,4.84675824,trend_down,0.5238087613397967
2023-09-01 15:00:00,4.81744317,trend_down,0.5238087613397967
2023-09-04 10:30:00,4.89561669,trend_down,0.9679511336517824
2023-09-04 11:30:00,4.87607331,trend_down,0.9206961464705191
2023-09-04 14:00:00,4.87607331,trend_down,0.9182273385573261
2023-09-04 15:00:00,4.86630162,trend_down,0.9182273385573261
2023-09-05 10:30:00,4.81744317,trend_down,0.8895342149017359
2023-09-05 11:30:00,4.80767148,trend_down,0.9182273385573261
2023-09-05 14:00:00,4.80767148,trend_down,0.8797580796645559
2023-09-05 15:00:00,4.7881281,trend_down,0.8797580796645559
2023-09-06 10:30:00,4.77835641,trend_down,0.4987806086448195
2023-09-06 11:30:00,4.75881303,trend_down,0.4987806086448195
2023-09-06 14:00:00,4.79789979,trend_down,0.8500151940332742
2023-09-06 15:00:00,4.77835641,trend_down,0.7075252337545701
2023-09-07 10:30:00,4.79789979,trend_down,0.8500151940332742
2023-09-07 11:30:00,4.75881303,trend_down,0.8459161839655458
2023-09-07 14:00:00,4.74904134,trend_down,0.7025950774983215
2023-09-07 15:00:00,4.75881303,trend_down,0.8835923464260621
2023-09-08 10:30:00,4.74904134,trend_down,0.6607659462114903
2023-09-08 11:30:00,4.75881303,trend_down,0.8835923464260621
2023-09-08 14:00:00,4.81744317,trend_down,0.8515062925947642
2023-09-08 15:00:00,4.81744317,range,0.7081129047551181
2023-09-11 10:30:00,4.80767148,trend_down,0.3895764933249306
2023-09-11 11:30:00,4.83698655,range,0.636678816530835
2023-09-11 14:00:00,4.87607331,range,0.4431127668422914
2023-09-11 15:00:00,4.85652993,range,0.8034067673847938
2023-09-12 10:30:00,4.81744317,range,0.685759807008504
2023-09-12 11:30:00,4.81744317,trend_down,0.49916722069826164
2023-09-12 14:00:00,4.79789979,trend_down,0.49916722069826164
2023-09-12 15:00:00,4.79789979,range,0.6679497269299622
2023-09-13 10:30:00,4.74904134,range,0.5216441438981175
2023-09-13 11:30:00,4.72949796,trend_down,0.5387324130397485
2023-09-13 14:00:00,4.72949796,trend_down,0.5386523344814591
2023-09-13 15:00:00,4.73926965,trend_down,0.5014225454719323
2023-09-14 10:30:00,4.73926965,trend_down,0.5386523344814591
2023-09-14 11:30:00,4.74904134,trend_down,0.5386523344814591
2023-09-14 14:00:00,4.73926965,trend_down,0.5386523344814591
2023-09-14 15:00:00,4.75881303,range,0.822907796681646
2023-09-15 10:30:00,4.7881281,range,0.8953960049953154
2023-09-15 11:30:00,4.75881303,range,0.6813037943603433
2023-09-15 14:00:00,4.73926965,range,0.6813037943603433
2023-09-15 15:00:00,4.75881303,range,0.8580254413004866
2023-09-18 10:30:00,4.72949796,range,0.5994555821322408
2023-09-18 11:30:00,4.72949796,trend_down,0.5543913490802855
2023-09-18 14:00:00,4.73926965,trend_down,0.5543913490802855
2023-09-18 15:00:00,4.74904134,range,0.7407985591665425
2023-09-19 10:30:00,4.73926965,trend_down,0.5503363746233976
2023-09-19 11:30:00,4.76858472,range,0.8600395340794738
2023-09-19 14:00:00,4.74904134,range,0.7240131848057194
2023-09-19 15:00:00,4.73926965,range,0.810331639320977
2023-09-20 10:30:00,4.74904134,range,0.8953960049953154
2023-09-20 11:30:00,4.74904134,range,0.9075020440909478
2023-09-20 14:00:00,4.73926965,range,0.5277859471530039
2023-09-20 15:00:00,4.73926965,range,0.5260256456459346
2023-09-21 10:30:00,4.72949796,range,0.5242059324304521
2023-09-21 11:30:00,4.70995458,range,0.5180600844809882
2023-09-21 14:00:00,4.70018289,trend_down,0.5674187420965986
2023-09-21 15:00:00,4.70018289,trend_down,0.6840933546682091
2023-09-22 10:30:00,4.77835641,range,0.5744299068230354
2023-09-22 11:30:00,4.7881281,range,0.6241366913594073
2023-09-22 14:00:00,4.79789979,range,0.6241366913594073
2023-09-22 15:00:00,4.81744317,range,0.5567284151249543
2023-09-25 10:30:00,4.72949796,range,0.5673837157259085
2023-09-25 11:30:00,4.72949796,range,0.7913419492900049
2023-09-25 14:00:00,4.72949796,trend_down,0.5356352519973492
2023-09-25 15:00:00,4.71972627,trend_down,0.6975880624924743
2023-09-26 10:30:00,4.73926965,trend_down,0.7269708128231741
2023-09-26 11:30:00,4.72949796,trend_down,0.5643116812574618
2023-09-26 14:00:00,4.72949796,trend_down,0.5068154483143258
2023-09-26 15:00:00,4.71972627,trend_down,0.5934129159037295
2023-09-27 10:30:00,4.73926965,trend_down,0.7137135907345468
2023-09-27 11:30:00,4.74904134,range,0.7482809570184261
2023-09-27 14:00:00,4.73926965,range,0.7482809570184261
2023-09-27 15:00:00,4.74904134,range,0.8752594922767772
2023-09-28 10:30:00,4.70995458,trend_down,0.6359685894540297
2023-09-28 11:30:00,4.70995458,trend_down,0.79441816231226
2023-09-28 14:00:00,4.70995458,trend_down,0.635333649758702
2023-09-28 15:00:00,4.70018289,trend_down,0.79441816231226
2023-10-09 10:30:00,4.60246599,trend_down,0.49682648726739087
2023-10-09 11:30:00,4.60246599,trend_down,0.8747281281567539
2023-10-09 14:00:00,4.60246599,trend_down,0.9499801362641012
2023-10-09 15:00:00,4.63178106,trend_down,0.9569306208080132
2023-10-10 10:30:00,4.63178106,trend_down,0.938106489634533
2023-10-10 11:30:00,4.64155275,trend_down,0.8895342149017359
2023-10-10 14:00:00,4.63178106,trend_down,0.967029182099857
2023-10-10 15:00:00,4.63178106,trend_down,0.8895342149017359
2023-10-11 10:30:00,4.65132444,trend_down,0.886942038506704
2023-10-11 11:30:00,4.62200937,trend_down,0.9735686106763175
2023-10-11 14:00:00,4.61223768,trend_down,0.9735686106763175
2023-10-11 15:00:00,4.5926943,trend_down,0.967029182099857
2023-10-12 10:30:00,4.64155275,trend_down,0.8538227567721062
2023-10-12 11:30:00,4.65132444,trend_down,0.8538227567721062
2023-10-12 14:00:00,4.64155275,trend_down,0.6159256428573411
2023-10-12 15:00:00,4.64155275,trend_down,0.5824918233590364
2023-10-13 10:30:00,4.62200937,trend_down,0.79441816231226
2023-10-13 11:30:00,4.61223768,trend_down,0.5858872534115398
2023-10-13 14:00:00,4.61223768,range,0.5216441438981175
2023-10-13 15:00:00,4.62200937,range,0.5216441438981175
2023-10-16 10:30:00,4.62200937,trend_down,0.5340889088243429
2023-10-16 11:30:00,4.64155275,range,0.8953960049953154
2023-10-16 14:00:00,4.61223768,range,0.7851479446904522
2023-10-16 15:00:00,4.62200937,range,0.7851479446904522
2023-10-17 10:30:00,4.63178106,range,0.8953960049953154
2023-10-17 11:30:00,4.70018289,range,0.7307444649274315
2023-10-17 14:00:00,4.67086782,range,0.7172378895645664
2023-10-17 15:00:00,4.67086782,range,0.8275746659978213
2023-10-18 10:30:00,4.67086782,range,0.5189241709150464
2023-10-18 11:30:00,4.65132444,trend_up,0.7757646083214381
2023-10-18 14:00:00,4.65132444,range,0.4910342603249249
2023-10-18 15:00:00,4.65132444,range,0.5399514009372391
2023-10-19 10:30:00,4.70018289,trend_up,0.6450384795752891
2023-10-19 11:30:00,4.65132444,range,0.596740290616225
2023-10-19 14:00:00,4.66109613,range,0.596740290616225
2023-10-19 15:00:00,4.64155275,range,0.7372292887434525
2023-10-20 10:30:00,4.64155275,range,0.5602312386351099
2023-10-20 11:30:00,4.63178106,trend_down,0.6573542631442072
2023-10-20 14:00:00,4.65132444,range,0.7813070530221972
2023-10-20 15:00:00,4.65132444,range,0.7813070530221972
2023-10-23 10:30:00,4.50474909,trend_down,0.7141085145209601
2023-10-23 11:30:00,4.52429247,trend_down,0.9479066030766391
2023-10-23 14:00:00,4.50474909,trend_down,0.9366146637350224
2023-10-23 15:00:00,4.4949774,trend_down,0.7400689145356716
2023-10-24 10:30:00,4.57315092,trend_down,0.9177303842893451
2023-10-24 11:30:00,4.57315092,trend_down,0.9581306173140381
2023-10-24 14:00:00,4.62200937,trend_down,0.7939991758485883
2023-10-24 15:00:00,4.65132444,trend_up,0.5529036999713479
2023-10-25 10:30:00,4.67086782,reversal,0.6191690191516286
2023-10-25 11:30:00,4.65132444,range,0.685759807008504
2023-10-25 14:00:00,4.68063951,trend_up,0.79441816231226
2023-10-25 15:00:00,4.65132444,trend_up,0.7040978686100972
2023-10-26 10:30:00,4.60246599,range,0.6289200282351567
2023-10-26 11:30:00,4.63178106,range,0.7638272540456548
2023-10-26 14:00:00,4.65132444,range,0.7638272540456548
2023-10-26 15:00:00,4.67086782,range,0.8780163445070504
2023-10-27 10:30:00,4.68063951,range,0.636678816530835
2023-10-27 11:30:00,4.68063951,trend_up,0.6294412414128193
2023-10-27 14:00:00,4.71972627,trend_up,0.831380302439135
2023-10-27 15:00:00,4.6904112,trend_up,0.6503686683980331
2023-10-30 10:30:00,4.6904112,trend_up,0.6980746318986955
2023-10-30 11:30:00,4.70995458,trend_up,0.8459161839655458
2023-10-30 14:00:00,4.70995458,trend_up,0.8459161839655458
2023-10-30 15:00:00,4.70995458,trend_up,0.8455987928024591
2023-10-31 10:30:00,4.71972627,trend_up,0.8251766797988759
2023-10-31 11:30:00,4.70995458,trend_up,0.886942038506704
2023-10-31 14:00:00,4.71972627,trend_up,0.9661863672976857
2023-10-31 15:00:00,4.71972627,trend_up,0.886942038506704
2023-11-01 10:30:00,4.70995458,trend_up,0.9306137682501783
2023-11-01 11:30:00,4.70995458,trend_up,0.9671310851438669
2023-11-01 14:00:00,4.70018289,trend_up,0.8596638413505254
2023-11-01 15:00:00,4.70018289,trend_up,0.6237146086002725
2023-11-02 10:30:00,4.70018289,trend_up,0.8155130958834124
2023-11-02 11:30:00,4.70995458,trend_up,0.7124680888866436
2023-11-02 14:00:00,4.68063951,trend_down,0.5894533561033574
2023-11-02 15:00:00,4.66109613,trend_down,0.5239737120696346
2023-11-03 10:30:00,4.6904112,trend_down,0.4023418816377386
2023-11-03 11:30:00,4.70018289,trend_up,0.5255368726491012
2023-11-03 14:00:00,4.6904112,trend_down,0.5255368726491012
2023-11-03 15:00:00,4.67086782,range,0.6767270180912871
2023-11-06 10:30:00,4.80767148,trend_up,0.8105915465586094
2023-11-06 11:30:00,4.85652993,trend_up,0.8532603527991378
2023-11-06 14:00:00,4.83698655,trend_up,0.7437327736490063
2023-11-06 15:00:00,4.86630162,trend_up,0.8609048307728409
2023-11-07 10:30:00,4.93470345,trend_up,0.5293985367695945
2023-11-07 11:30:00,4.91516007,trend_up,0.9742323281814625
2023-11-07 14:00:00,4.93470345,trend_up,0.9206961464705191
2023-11-07 15:00:00,4.92493176,trend_up,0.9742323281814625
2023-11-08 10:30:00,4.94447514,trend_up,0.8003153026697971
2023-11-08 11:30:00,4.885845,trend_up,0.9679511336517824
2023-11-08 14:00:00,4.87607331,trend_up,0.9671310851438669
2023-11-08 15:00:00,4.87607331,trend_up,0.9671310851438669
2023-11-09 10:30:00,4.83698655,trend_up,0.9569493631443057
2023-11-09 11:30:00,4.82721486,trend_down,0.8156601237330515
2023-11-09 14:00:00,4.82721486,trend_up,0.8156601237330515
2023-11-09 15:00:00,4.82721486,trend_up,0.8156601237330515
2023-11-10 10:30:00,4.81744317,trend_up,0.8156601237330515
2023-11-10 11:30:00,4.84675824,trend_up,0.8724350267186767
2023-11-10 14:00:00,4.82721486,trend_up,0.6491959135829651
2023-11-10 15:00:00,4.82721486,trend_up,0.6491959135829651
2023-11-13 10:30:00,4.80767148,trend_down,0.6073029387372603
2023-11-13 11:30:00,4.7881281,range,0.455445798709778
2023-11-13 14:00:00,4.80767148,trend_down,0.9096603708933312
2023-11-13 15:00:00,4.80767148,trend_down,0.808111438353901
2023-11-14 10:30:00,4.82721486,trend_down,0.6073029387372603
2023-11-14 11:30:00,4.89561669,trend_up,0.8135403095324131
2023-11-14 14:00:00,4.87607331,trend_up,0.5824918233590364
2023-11-14 15:00:00,4.885845,trend_up,0.8336073750509411
2023-11-15 10:30:00,4.93470345,trend_up,0.8532603527991378
2023-11-15 11:30:00,4.90538838,trend_up,0.9742323281814625
2023-11-15 14:00:00,4.89561669,trend_up,0.8927407182097999
2023-11-15 15:00:00,4.90538838,trend_up,0.8927407182097999
2023-11-16 10:30:00,4.91516007,trend_up,0.9742323281814625
2023-11-16 11:30:00,4.89561669,trend_up,0.9230955164120815
2023-11-16 14:00:00,4.90538838,trend_up,0.8192822453641552
2023-11-16 15:00:00,4.885845,trend_up,0.9212211388208612
2023-11-17 10:30:00,4.885845,trend_up,0.8983132835346506
2023-11-17 11:30:00,4.91516007,trend_up,0.9212211388208612
2023-11-17 14:00:00,4.89561669,trend_up,0.9421127839593577
2023-11-17 15:00:00,4.91516007,trend_up,0.7674418169778482
2023-11-20 10:30:00,4.86630162,trend_up,0.6615824891304735
2023-11-20 11:30:00,4.87607331,range,0.5592954350852848
2023-11-20 14:00:00,4.87607331,range,0.5592954350852848
2023-11-20 15:00:00,4.87607331,range,0.7687647182774826
2023-11-21 10:30:00,4.92493176,trend_up,0.5911936780532816
2023-11-21 11:30:00,4.92493176,trend_up,0.49102642257521434
2023-11-21 14:00:00,4.90538838,trend_up,0.49102642257521434
2023-11-21 15:00:00,4.87607331,range,0.6121192117337858
2023-11-22 10:30:00,4.86630162,range,0.5376925074681689
2023-11-22 11:30:00,4.85652993,range,0.7650296528715808
2023-11-22 14:00:00,4.84675824,range,0.6181897121652762
2023-11-22 15:00:00,4.82721486,trend_down,0.7065708320159619
2023-11-23 10:30:00,4.83698655,trend_down,0.8170083148418114
2023-11-23 11:30:00,4.82721486,trend_down,0.8585837581824726
2023-11-23 14:00:00,4.83698655,trend_down,0.8614997794086688
2023-11-23 15:00:00,4.84675824,trend_down,0.6099509534841757
2023-11-24 10:30:00,4.82721486,trend_down,0.6099509534841757
2023-11-24 11:30:00,4.81744317,trend_down,0.6099509534841757
2023-11-24 14:00:00,4.81744317,trend_down,0.7854902754014125
2023-11-24 15:00:00,4.81744317,trend_down,0.5475586497718523
2023-11-27 10:30:00,4.7881281,trend_down,0.7160586614608828
2023-11-27 11:30:00,4.77835641,trend_down,0.6584350990899146
2023-11-27 14:00:00,4.7881281,trend_down,0.8719930168204418
2023-11-27 15:00:00,4.7881281,trend_down,0.6832735614254086
2023-11-28 10:30:00,4.7881281,trend_down,0.8656902338736445
2023-11-28 11:30:00,4.77835641,trend_down,0.7224166514371863
2023-11-28 14:00:00,4.76858472,trend_down,0.8226829336580879
2023-11-28 15:00:00,4.77835641,trend_down,0.8226829336580879
2023-11-29 10:30:00,4.76858472,trend_down,0.8237904192896002
2023-11-29 11:30:00,4.74904134,trend_down,0.9742323281814625
2023-11-29 14:00:00,4.73926965,trend_down,0.9705246689210671
2023-11-29 15:00:00,4.72949796,trend_down,0.8237904192896002
2023-11-30 10:30:00,4.75881303,trend_down,0.9339013390805402
2023-11-30 11:30:00,4.76858472,trend_down,0.8934098402710774
2023-11-30 14:00:00,4.74904134,trend_down,0.9679511336517824
2023-11-30 15:00:00,4.75881303,trend_down,0.8540433404472647
2023-12-01 10:30:00,4.76858472,trend_down,0.5995452105459698
2023-12-01 11:30:00,4.76858472,trend_down,0.6518016609119309
2023-12-01 14:00:00,4.7881281,trend_down,0.5183425986193364
2023-12-01 15:00:00,4.79789979,trend_down,0.5183425986193364
2023-12-04 10:30:00,4.80767148,trend_up,0.3962382467876507
2023-12-04 11:30:00,4.79789979,range,0.8862011044689261
2023-12-04 14:00:00,4.80767148,trend_up,0.6519587470986764
2023-12-04 15:00:00,4.7881281,trend_up,0.5415660544584266
2023-12-05 10:30:00,4.75881303,trend_down,0.6401706852213175
2023-12-05 11:30:00,4.75881303,trend_down,0.5415660544584266
2023-12-05 14:00:00,4.77835641,range,0.7870762248465117
2023-12-05 15:00:00,4.72949796,trend_down,0.6519587470986764
2023-12-06 10:30:00,4.72949796,trend_down,0.7177052005971692
2023-12-06 11:30:00,4.71972627,trend_down,0.7174726011309654
2023-12-06 14:00:00,4.72949796,trend_down,0.9120400247192051
2023-12-06 15:00:00,4.71972627,trend_down,0.7860743496917144
2023-12-07 10:30:00,4.72949796,trend_down,0.9303470205870887
2023-12-07 11:30:00,4.74904134,trend_down,0.9098331151729132
2023-12-07 14:00:00,4.74904134,trend_down,0.9098331151729132
2023-12-07 15:00:00,4.74904134,trend_down,0.7319312754896087
2023-12-08 10:30:00,4.74904134,trend_down,0.7319312754896087
2023-12-08 11:30:00,4.73926965,trend_down,0.7363228666705195
2023-12-08 14:00:00,4.71972627,trend_down,0.9098331151729132
2023-12-08 15:00:00,4.70995458,trend_down,0.7272221723537485
2023-12-11 10:30:00,4.70018289,trend_down,0.4975047184137909
2023-12-11 11:30:00,4.70995458,trend_down,0.9537249019251469
2023-12-11 14:00:00,4.74904134,trend_up,0.8156601237330515
2023-12-11 15:00:00,4.79789979,trend_up,0.5529036999713479
2023-12-12 10:30:00,4.79789979,trend_up,0.737823825568231
2023-12-12 11:30:00,4.79789979,trend_up,0.7806749976032626
2023-12-12 14:00:00,4.79789979,trend_up,0.879849796755642
2023-12-12 15:00:00,4.82721486,trend_up,0.949189092921581
2023-12-13 10:30:00,4.80767148,trend_up,0.9376630151002645
2023-12-13 11:30:00,4.80767148,trend_up,0.6519587470986764
2023-12-13 14:00:00,4.80767148,trend_up,0.8036700552552861
2023-12-13 15:00:00,4.7881281,trend_up,0.8036700552552861
2023-12-14 10:30:00,4.7881281,trend_up,0.7990807723304278
2023-12-14 11:30:00,4.79789979,trend_up,0.8414240059105436
2023-12-14 14:00:00,4.77835641,trend_up,0.5894533561033574
2023-12-14 15:00:00,4.75881303,trend_down,0.5894533561033574
2023-12-15 10:30:00,4.81744317,trend_up,0.8414240059105436
2023-12-15 11:30:00,4.81744317,trend_up,0.8414240059105436
2023-12-15 14:00:00,4.76858472,trend_down,0.5183425986193364
2023-12-15 15:00:00,4.77835641,range,0.6210429185113224
2023-12-18 10:30:00,4.7881281,trend_up,0.5111506662096559
2023-12-18 11:30:00,4.76858472,range,0.7960741648574148
2023-12-18 14:00:00,4.73926965,trend_down,0.5428037142509133
2023-12-18 15:00:00,4.73926965,trend_down,0.6163768648874587
2023-12-19 10:30:00,4.72949796,trend_down,0.6357311226644753
2023-12-19 11:30:00,4.71972627,trend_down,0.6981159566911366
2023-12-19 14:00:00,4.71972627,trend_down,0.7075252337545701
2023-12-19 15:00:00,4.71972627,trend_down,0.7122429260535842
2023-12-20 10:30:00,4.67086782,trend_down,0.9285794203562051
2023-12-20 11:30:00,4.63178106,trend_down,0.9578115151458179
2023-12-20 14:00:00,4.63178106,trend_down,0.9679511336517824
2023-12-20 15:00:00,4.60246599,trend_down,0.9152237074484002
2023-12-21 10:30:00,4.55360754,trend_down,0.897989906797047
2023-12-21 11:30:00,4.56337923,trend_down,0.9679511336517824
2023-12-21 14:00:00,4.5926943,trend_down,0.9679511336517824
2023-12-21 15:00:00,4.58292261,trend_down,0.8927407182097999
2023-12-22 10:30:00,4.55360754,trend_down,0.8003153026697971
2023-12-22 11:30:00,4.58292261,trend_down,0.968840342841616
2023-12-22 14:00:00,4.55360754,trend_down,0.968840342841616
2023-12-22 15:00:00,4.53406416,trend_down,0.8958711337427966
2023-12-25 10:30:00,4.52429247,trend_down,0.968840342841616
2023-12-25 11:30:00,4.52429247,trend_down,0.7693713625113313
2023-12-25 14:00:00,4.4949774,trend_down,0.7693713625113313
2023-12-25 15:00:00,4.50474909,trend_down,0.8958711337427966
2023-12-26 10:30:00,4.46566233,trend_down,0.5390484451925946
2023-12-26 11:30:00,4.45589064,trend_down,0.9230955164120815
2023-12-26 14:00:00,4.46566233,trend_down,0.5146402051572644
2023-12-26 15:00:00,4.44611895,trend_down,0.7646930085095981
2023-12-27 10:30:00,4.43634726,trend_down,0.5384873087544113
2023-12-27 11:30:00,4.55360754,trend_down,0.5414110904703863
2023-12-27 14:00:00,4.51452078,trend_down,0.5414110904703863
2023-12-27 15:00:00,4.54383585,trend_down,0.5824918233590364
2023-12-28 10:30:00,4.5926943,trend_up,0.737823825568231
2023-12-28 11:30:00,4.61223768,trend_up,0.8724350267186767
2023-12-28 14:00:00,4.66109613,trend_up,0.9423709533776204
2023-12-28 15:00:00,4.66109613,trend_up,0.8985627599325946
2023-12-29 10:30:00,4.75881303,trend_up,0.4975047184137909
2023-12-29 11:30:00,4.74904134,trend_up,0.8528484063173296
2023-12-29 14:00:00,4.75881303,trend_up,0.9567949741861582
2023-12-29 15:00:00,4.76858472,trend_up,0.9025533180197977
2024-01-02 10:30:00,4.73926965,trend_up,0.9558414499823895
2024-01-02 11:30:00,4.71972627,trend_up,0.8722053219439818
2024-01-02 14:00:00,4.70995458,trend_up,0.8639326827781951
2024-01-02 15:00:00,4.68063951,trend_up,0.9450935403116844
2024-01-03 10:30:00,4.70995458,trend_up,0.9669242414729065
2024-01-03 11:30:00,4.68063951,trend_up,0.9716442844366692
2024-01-03 14:00:00,4.68063951,trend_up,0.9105308622735405
2024-01-03 15:00:00,4.70018289,trend_up,0.9741497011086431
2024-01-04 10:30:00,4.68063951,trend_up,0.9448570951446239
2024-01-04 11:30:00,4.64155275,trend_down,0.8156601237330515
2024-01-04 14:00:00,4.64155275,trend_down,0.8156601237330515
2024-01-04 15:00:00,4.66109613,trend_down,0.8156601237330515
2024-01-05 10:30:00,4.6904112,trend_down,0.8156601237330515
2024-01-05 11:30:00,4.65132444,trend_down,0.8156601237330515
2024-01-05 14:00:00,4.62200937,trend_down,0.5824918233590364
2024-01-05 15:00:00,4.62200937,trend_down,0.8753697464663617
2024-01-08 10:30:00,4.56337923,trend_down,0.8434095799572288
2024-01-08 11:30:00,4.55360754,trend_down,0.8361265851275418
2024-01-08 14:00:00,4.53406416,trend_down,0.6697004484743548
2024-01-08 15:00:00,4.51452078,trend_down,0.9400266246632737
2024-01-09 10:30:00,4.56337923,trend_down,0.7917996214816444
2024-01-09 11:30:00,4.54383585,trend_down,0.9671310851438669
2024-01-09 14:00:00,4.51452078,trend_down,0.9671310851438669
2024-01-09 15:00:00,4.52429247,trend_down,0.9675462898052438
2024-01-10 10:30:00,4.51452078,trend_down,0.923679665090039
2024-01-10 11:30:00,4.4949774,trend_down,0.968840342841616
2024-01-10 14:00:00,4.51452078,trend_down,0.8958711337427966
2024-01-10 15:00:00,4.48520571,trend_down,0.968840342841616
2024-01-11 10:30:00,4.51452078,trend_down,0.9331059479786932
2024-01-11 11:30:00,4.50474909,trend_down,0.8958711337427966
2024-01-11 14:00:00,4.54383585,trend_down,0.9680422957267861
2024-01-11 15:00:00,4.54383585,trend_down,0.863612138995893
2024-01-12 10:30:00,4.55360754,trend_down,0.8156601237330515
2024-01-12 11:30:00,4.53406416,trend_down,0.7970122181324113
2024-01-12 14:00:00,4.50474909,trend_down,0.8705313301600581
2024-01-12 15:00:00,4.48520571,trend_down,0.8403711591520251
2024-01-15 10:30:00,4.52429247,trend_down,0.29351144642906485
2024-01-15 11:30:00,4.51452078,trend_down,0.7174331767668176
2024-01-15 14:00:00,4.4949774,trend_down,0.7174331767668176
2024-01-15 15:00:00,4.4949774,trend_down,0.5618073999884746
2024-01-16 10:30:00,4.53406416,range,0.5294037623753223
2024-01-16 11:30:00,4.48520571,range,0.6241366913594073
2024-01-16 14:00:00,4.4949774,trend_down,0.5911936780532816
2024-01-16 15:00:00,4.56337923,range,0.632630144067792
2024-01-17 10:30:00,4.56337923,range,0.45611619011967564
2024-01-17 11:30:00,4.54383585,range,0.5521940070910744
2024-01-17 14:00:00,4.52429247,range,0.7669299850682175
2024-01-17 15:00:00,4.48520571,range,0.516177559255072
2024-01-18 10:30:00,4.3972605,trend_down,0.5129809128191052
2024-01-18 11:30:00,4.36794543,trend_down,0.8247895281347408
2024-01-18 14:00:00,4.34840205,trend_down,0.9152237074484002
2024-01-18 15:00:00,4.45589064,trend_down,0.8581487862286942
2024-01-19 10:30:00,4.3972605,trend_down,0.9365728327825781
2024-01-19 11:30:00,4.3972605,trend_down,0.9735686106763175
2024-01-19 14:00:00,4.40703219,trend_down,0.8995701894473405
2024-01-19 15:00:00,4.40703219,trend_down,0.9697684139280737
2024-01-22 10:30:00,4.37771712,trend_down,0.9689210597843152
2024-01-22 11:30:00,4.33863036,trend_down,0.9696978493388541
2024-01-22 14:00:00,4.30931529,trend_down,0.9276509167099622
2024-01-22 15:00:00,4.19205501,breakout_down,0.46298278782617086
2024-01-23 10:30:00,4.28000022,trend_down,0.4850766622556711
2024-01-23 11:30:00,4.28977191,trend_down,0.9019048519618212
2024-01-23 14:00:00,4.30931529,trend_down,0.8989257226588602
2024-01-23 15:00:00,4.33863036,trend_down,0.9689210597843152
2024-01-24 10:30:00,4.2995436,trend_down,0.9696978493388541
2024-01-24 11:30:00,4.2995436,trend_down,0.9680422957267861
2024-01-24 14:00:00,4.3972605,trend_down,0.5442715107740077
2024-01-24 15:00:00,4.48520571,trend_up,0.7321029289697483
2024-01-25 10:30:00,4.51452078,trend_up,0.5529036999713479
2024-01-25 11:30:00,4.52429247,range,0.47585590379728915
2024-01-25 14:00:00,4.55360754,trend_up,0.9217584689840824
2024-01-25 15:00:00,4.55360754,trend_up,0.7958286637388137
2024-01-26 10:30:00,4.57315092,trend_up,0.9423709533776204
2024-01-26 11:30:00,4.58292261,trend_up,0.8556157856122064
2024-01-26 14:00:00,4.62200937,trend_up,0.9391312154392848
2024-01-26 15:00:00,4.5926943,trend_up,0.8594906003022483
2024-01-29 10:30:00,4.52429247,trend_up,0.9055490583478151
2024-01-29 11:30:00,4.5926943,trend_up,0.9713729172296236
2024-01-29 14:00:00,4.52429247,trend_up,0.9388368488281297
2024-01-29 15:00:00,4.50474909,trend_up,0.9448570951446239
2024-01-30 10:30:00,4.50474909,trend_up,0.937195172922291
2024-01-30 11:30:00,4.50474909,trend_down,0.5538489168798224
2024-01-30 14:00:00,4.48520571,trend_down,0.5415660544584266
2024-01-30 15:00:00,4.42657557,trend_down,0.6100032138997542
2024-01-31 10:30:00,4.34840205,trend_down,0.8844144323996881
2024-01-31 11:30:00,4.45589064,trend_down,0.8525171527028197
2024-01-31 14:00:00,4.43634726,trend_down,0.8516456712124527
2024-01-31 15:00:00,4.37771712,trend_down,0.9689210597843152
2024-02-01 10:30:00,4.3972605,trend_down,0.9252105033811109
2024-02-01 11:30:00,4.37771712,trend_down,0.8870571817206062
2024-02-01 14:00:00,4.32885867,trend_down,0.9705246689210671
2024-02-01 15:00:00,4.31908698,trend_down,0.8989257226588602
2024-02-02 10:30:00,4.25068515,trend_down,0.923679665090039
2024-02-02 11:30:00,4.21159839,trend_down,0.9578115151458179
2024-02-02 14:00:00,4.18228332,trend_down,0.9569087689327896
2024-02-02 15:00:00,4.19205501,trend_down,0.9578115151458179
2024-02-05 10:30:00,4.01616459,trend_down,0.8003153026697971
2024-02-05 11:30:00,4.02593628,trend_down,0.9639613855702905
2024-02-05 14:00:00,4.19205501,trend_down,0.9742323281814625
2024-02-05 15:00:00,4.09433811,trend_down,0.9742323281814625
2024-02-06 10:30:00,4.1041098,trend_down,0.938106489634533
2024-02-06 11:30:00,4.12365318,trend_down,0.968840342841616
2024-02-06 14:00:00,4.34840205,trend_up,0.7310250647575071
2024-02-06 15:00:00,4.35817374,trend_up,0.8452061671728198
2024-02-07 10:30:00,4.52429247,trend_up,0.8405112352464331
2024-02-07 11:30:00,4.53406416,trend_up,0.9013965819316142
2024-02-07 14:00:00,4.50474909,trend_up,0.9005434653394521
2024-02-07 15:00:00,4.57315092,trend_up,0.9563981051889822
2024-02-08 10:30:00,4.73926965,trend_up,0.7387241672517241
2024-02-08 11:30:00,4.64155275,trend_up,0.9742323281814625
2024-02-08 14:00:00,4.56337923,trend_up,0.9742323281814625
2024-02-08 15:00:00,4.55360754,trend_up,0.8989257226588602
2024-02-19 10:30:00,4.47543402,trend_up,0.9321427773149108
2024-02-19 11:30:00,4.43634726,range,0.5189241709150464
2024-02-19 14:00:00,4.40703219,range,0.5189241709150464
2024-02-19 15:00:00,4.45589064,range,0.5278516112988646
2024-02-20 10:30:00,4.42657557,trend_down,0.5963623155074708
2024-02-20 11:30:00,4.40703219,trend_down,0.8164731192348211
2024-02-20 14:00:00,4.48520571,trend_up,0.8156601237330515
2024-02-20 15:00:00,4.47543402,range,0.6299592696573502
2024-02-21 10:30:00,4.46566233,range,0.6299592696573502
2024-02-21 11:30:00,4.57315092,trend_up,0.6412619597296555
2024-02-21 14:00:00,4.55360754,trend_up,0.5599199789840714
2024-02-21 15:00:00,4.4949774,range,0.4987464144289901
2024-02-22 10:30:00,4.48520571,range,0.6356567985997432
2024-02-22 11:30:00,4.47543402,range,0.624153360056055
2024-02-22 14:00:00,4.48520571,range,0.655257203448431
2024-02-22 15:00:00,4.52429247,trend_up,0.5079855202092495
2024-02-23 10:30:00,4.4949774,range,0.7722451375612671
2024-02-23 11:30:00,4.53406416,range,0.5543668809139047
2024-02-23 14:00:00,4.52429247,range,0.5543668809139047
2024-02-23 15:00:00,4.53406416,range,0.5604425702404716
2024-02-26 10:30:00,4.50474909,range,0.8233818968516226
2024-02-26 11:30:00,4.51452078,range,0.5604425702404716
2024-02-26 14:00:00,4.52429247,range,0.5604425702404716
2024-02-26 15:00:00,4.4949774,range,0.8076301088394207
2024-02-27 10:30:00,4.53406416,range,0.7874824008533569
2024-02-27 11:30:00,4.55360754,range,0.7738946113840957
2024-02-27 14:00:00,4.54383585,range,0.5586815927789716
2024-02-27 15:00:00,4.61223768,range,0.5216441438981175
2024-02-28 10:30:00,4.6904112,trend_up,0.5517542778145802
2024-02-28 11:30:00,4.65132444,trend_up,0.7901268861007262
2024-02-28 14:00:00,4.65132444,trend_up,0.8722053219439818
2024-02-28 15:00:00,4.54383585,trend_up,0.5824918233590364
2024-02-29 10:30:00,4.65132444,trend_up,0.7398631123240655
2024-02-29 11:30:00,4.64155275,trend_up,0.8414240059105436
2024-02-29 14:00:00,4.65132444,trend_up,0.6412619597296555
2024-02-29 15:00:00,4.70995458,trend_up,0.8414240059105436
2024-03-01 10:30:00,4.70995458,trend_up,0.8936651007153303
2024-03-01 11:30:00,4.67086782,trend_up,0.8579993070247722
2024-03-01 14:00:00,4.66109613,trend_up,0.6692163404760045
2024-03-01 15:00:00,4.70018289,trend_up,0.8579993070247722
2024-03-04 10:30:00,4.62200937,range,0.795484194260536
2024-03-04 11:30:00,4.62200937,range,0.7472219107038316
2024-03-04 14:00:00,4.61223768,range,0.7472219107038316
2024-03-04 15:00:00,4.63178106,range,0.7472219107038316
2024-03-05 10:30:00,4.58292261,range,0.8862011044689261
2024-03-05 11:30:00,4.5926943,range,0.9070860827310898
2024-03-05 14:00:00,4.5926943,range,0.9072981748131455
2024-03-05 15:00:00,4.58292261,range,0.9072981748131455
2024-03-06 10:30:00,4.56337923,range,0.4987464144289901
2024-03-06 11:30:00,4.62200937,range,0.8872046872473589
2024-03-06 14:00:00,4.62200937,range,0.8872046872473589
2024-03-06 15:00:00,4.5926943,range,0.9072981748131455
2024-03-07 10:30:00,4.5926943,range,0.9090151530166732
2024-03-07 11:30:00,4.58292261,range,0.8600395340794738
2024-03-07 14:00:00,4.56337923,range,0.6476432824118017
2024-03-07 15:00:00,4.55360754,range,0.5363314901913395
2024-03-08 10:30:00,4.55360754,range,0.5375381114711176
2024-03-08 11:30:00,4.57315092,trend_down,0.4973434871893228
2024-03-08 14:00:00,4.55360754,range,0.5375381114711176
2024-03-08 15:00:00,4.5926943,range,0.861983580007161
2024-03-11 10:30:00,4.58292261,range,0.6379345134897959
2024-03-11 11:30:00,4.60246599,range,0.861983580007161
2024-03-11 14:00:00,4.5926943,range,0.7968608643409986
2024-03-11 15:00:00,4.63178106,range,0.5233487015796652
2024-03-12 10:30:00,4.62200937,range,0.4658276207823905
2024-03-12 11:30:00,4.61223768,trend_up,0.49531233898561716
2024-03-12 14:00:00,4.63178106,trend_up,0.5331812904942943
2024-03-12 15:00:00,4.62200937,trend_up,0.5593734999415976
2024-03-13 10:30:00,4.56337923,range,0.5813666543680974
2024-03-13 11:30:00,4.58292261,range,0.6299592696573502
2024-03-13 14:00:00,4.60246599,range,0.7705357985483827
2024-03-13 15:00:00,4.5926943,range,0.7995050735526689
2024-03-14 10:30:00,4.57315092,range,0.7851479446904522
2024-03-14 11:30:00,4.5926943,range,0.9090151530166732
2024-03-14 14:00:00,4.56337923,range,0.7705357985483827
2024-03-14 15:00:00,4.57315092,range,0.5198817745810703
2024-03-15 10:30:00,4.54383585,range,0.5179186491818901
2024-03-15 11:30:00,4.58292261,range,0.516177559255072
2024-03-15 14:00:00,4.57315092,range,0.516177559255072
2024-03-15 15:00:00,4.60246599,range,0.8939982410047287
2024-03-18 10:30:00,4.66109613,trend_up,0.5104380535293352
2024-03-18 11:30:00,4.65132444,trend_up,0.7120327792700281
2024-03-18 14:00:00,4.67086782,trend_up,0.7120327792700281
2024-03-18 15:00:00,4.68063951,trend_up,0.8398586768254631
2024-03-19 10:30:00,4.64155275,trend_up,0.9438657732455722
2024-03-19 11:30:00,4.63178106,trend_up,0.9254264981159408
2024-03-19 14:00:00,4.64155275,trend_up,0.772069769738
2024-03-19 15:00:00,4.60246599,trend_up,0.8784154790480619
2024-03-20 10:30:00,4.58292261,trend_down,0.6615824891304735
2024-03-20 11:30:00,4.62200937,trend_up,0.6615824891304735
2024-03-20 14:00:00,4.60246599,range,0.43720636478307423
2024-03-20 15:00:00,4.61223768,range,0.7482809570184261
2024-03-21 10:30:00,4.64155275,trend_up,0.4775185035089532
2024-03-21 11:30:00,4.62200937,trend_up,0.6615824891304735
2024-03-21 14:00:00,4.64155275,trend_up,0.8784154790480619
2024-03-21 15:00:00,4.62200937,range,0.43720636478307423
2024-03-22 10:30:00,4.57315092,trend_down,0.6554353925269597
2024-03-22 11:30:00,4.54383585,trend_down,0.6491959135829651
2024-03-22 14:00:00,4.56337923,trend_down,0.8123414493055849
2024-03-22 15:00:00,4.55360754,trend_down,0.8164731192348211
2024-03-25 10:30:00,4.50474909,trend_down,0.8539551581757132
2024-03-25 11:30:00,4.52429247,trend_down,0.9212211388208612
2024-03-25 14:00:00,4.4949774,trend_down,0.9212211388208612
2024-03-25 15:00:00,4.45589064,trend_down,0.8187333645894984
2024-03-26 10:30:00,4.46566233,trend_down,0.5390484451925946
2024-03-26 11:30:00,4.45589064,trend_down,0.9696978493388541
2024-03-26 14:00:00,4.45589064,trend_down,0.9705246689210671
2024-03-26 15:00:00,4.46566233,trend_down,0.9705246689210671
2024-03-27 10:30:00,4.45589064,trend_down,0.8237904192896002
2024-03-27 11:30:00,4.44611895,trend_down,0.9742323281814625
2024-03-27 14:00:00,4.43634726,trend_down,0.9742323281814625
2024-03-27 15:00:00,4.3972605,trend_down,0.8264601616968841
2024-03-28 10:30:00,4.38748881,trend_down,0.5395694509594747
2024-03-28 11:30:00,4.4949774,trend_down,0.8169034320649832
2024-03-28 14:00:00,4.43634726,trend_down,0.9521781241922769
2024-03-28 15:00:00,4.44611895,trend_down,0.9423709533776204
2024-03-29 10:30:00,4.44611895,trend_up,0.737823825568231
2024-03-29 11:30:00,4.4949774,trend_up,0.9096603708933312
2024-03-29 14:00:00,4.47543402,trend_up,0.6073029387372603
2024-03-29 15:00:00,4.48520571,trend_up,0.6073029387372603
2024-04-01 10:30:00,4.57315092,trend_up,0.7349938092554127
2024-04-01 11:30:00,4.56337923,trend_up,0.8123414493055849
2024-04-01 14:00:00,4.54383585,range,0.5592954350852848
2024-04-01 15:00:00,4.57315092,trend_up,0.7428243732053119
2024-04-02 10:30:00,4.63178106,trend_up,0.5826985342056947
2024-04-02 11:30:00,4.64155275,trend_up,0.9029645626213624
2024-04-02 14:00:00,4.63178106,trend_up,0.9029645626213624
2024-04-02 15:00:00,4.63178106,trend_up,0.9206961464705191
2024-04-03 10:30:00,4.60246599,trend_up,0.9742323281814625
2024-04-03 11:30:00,4.60246599,trend_up,0.8927407182097999
2024-04-03 14:00:00,4.60246599,trend_up,0.9206961464705191
2024-04-03 15:00:00,4.5926943,trend_up,0.9206961464705191
2024-04-08 10:30:00,4.57315092,trend_up,0.9735686106763175
2024-04-08 11:30:00,4.56337923,trend_up,0.9423709533776204
2024-04-08 14:00:00,4.54383585,trend_down,0.8156601237330515
2024-04-08 15:00:00,4.51452078,trend_down,0.8156601237330515
2024-04-09 10:30:00,4.52429247,trend_down,0.8123414493055849
2024-04-09 11:30:00,4.53406416,trend_down,0.9423709533776204
2024-04-09 14:00:00,4.52429247,trend_down,0.8754655967026245
2024-04-09 15:00:00,4.52429247,trend_down,0.9187684356464907
2024-04-10 10:30:00,4.48520571,trend_down,0.8902144987503774
2024-04-10 11:30:00,4.47543402,trend_down,0.7171215582709535
2024-04-10 14:00:00,4.43634726,trend_down,0.8781979095869835
2024-04-10 15:00:00,4.46566233,trend_down,0.8753697464663618
2024-04-11 10:30:00,4.4949774,trend_down,0.8540433404472647
2024-04-11 11:30:00,4.47543402,trend_down,0.8902144987503774
2024-04-11 14:00:00,4.47543402,trend_down,0.8500151940332742
2024-04-11 15:00:00,4.46566233,trend_down,0.886942038506704
2024-04-12 10:30:00,4.42657557,trend_down,0.9675462898052438
2024-04-12 11:30:00,4.40703219,trend_down,0.8924256327184921
2024-04-12 14:00:00,4.42657557,trend_down,0.8924256327184921
2024-04-12 15:00:00,4.37771712,trend_down,0.9675462898052438
2024-04-15 10:30:00,4.50474909,breakout_down,0.4434248391633026
2024-04-15 11:30:00,4.48520571,trend_up,0.8156601237330515
2024-04-15 14:00:00,4.48520571,trend_up,0.6615824891304735
2024-04-15 15:00:00,4.4949774,trend_up,0.6073029387372603
2024-04-16 10:30:00,4.45589064,trend_down,0.5529036999713479
2024-04-16 11:30:00,4.42657557,trend_down,0.8156601237330515
2024-04-16 14:00:00,4.44611895,trend_down,0.5255368726491012
2024-04-16 15:00:00,4.38748881,trend_down,0.8036700552552861
2024-04-17 10:30:00,4.44611895,trend_down,0.8253312789987652
2024-04-17 11:30:00,4.44611895,range,0.783641678197764
2024-04-17 14:00:00,4.45589064,trend_down,0.7050507489841378
2024-04-17 15:00:00,4.48520571,trend_up,0.6554353925269597
2024-04-18 10:30:00,4.53406416,trend_up,0.4716510399169881
2024-04-18 11:30:00,4.55360754,trend_up,0.6701273185583778
2024-04-18 14:00:00,4.55360754,trend_up,0.5845824471871092
2024-04-18 15:00:00,4.53406416,trend_up,0.8784154790480619
2024-04-19 10:30:00,4.55360754,trend_up,0.6465933116478583
2024-04-19 11:30:00,4.55360754,trend_up,0.6465933116478583
2024-04-19 14:00:00,4.53406416,trend_up,0.5142803300338894
2024-04-19 15:00:00,4.53406416,trend_up,0.5142803300338894
2024-04-22 10:30:00,4.55360754,trend_up,0.7124680888866436
2024-04-22 11:30:00,4.53406416,trend_up,0.8902144987503774
2024-04-22 14:00:00,4.52429247,trend_up,0.6518016609119309
2024-04-22 15:00:00,4.50474909,range,0.7995050735526689
2024-04-23 10:30:00,4.51452078,range,0.6813037943603433
2024-04-23 11:30:00,4.51452078,range,0.7995050735526689
2024-04-23 14:00:00,4.48520571,trend_down,0.5894533561033574
2024-04-23 15:00:00,4.48520571,range,0.6299592696573502
2024-04-24 10:30:00,4.4949774,trend_down,0.5906161733765932
2024-04-24 11:30:00,4.4949774,range,0.5198817745810702
2024-04-24 14:00:00,4.47543402,trend_down,0.5386523344814593
2024-04-24 15:00:00,4.50474909,range,0.6767270180912871
2024-04-25 10:30:00,4.4949774,range,0.5337863967105769
2024-04-25 11:30:00,4.50474909,range,0.7944082812778827
2024-04-25 14:00:00,4.47543402,trend_down,0.5548862772930867
2024-04-25 15:00:00,4.47543402,trend_down,0.5016488489938569
2024-04-26 10:30:00,4.54383585,range,0.6792305422128827
2024-04-26 11:30:00,4.57315092,trend_up,0.5954143118264487
2024-04-26 14:00:00,4.64155275,trend_up,0.8105915465586094
2024-04-26 15:00:00,4.73926965,trend_up,0.6008592647342702
2024-04-29 10:30:00,4.77835641,trend_up,0.4450736263702546
2024-04-29 11:30:00,4.77835641,trend_up,0.938106489634533
2024-04-29 14:00:00,4.74904134,trend_up,0.9742323281814625
2024-04-29 15:00:00,4.80767148,trend_up,0.9742323281814625
2024-04-30 10:30:00,4.72949796,trend_up,0.938106489634533
2024-04-30 11:30:00,4.73926965,trend_up,0.9696978493388541
2024-04-30 14:00:00,4.72949796,trend_up,0.9696978493388541
2024-04-30 15:00:00,4.70995458,trend_up,0.9696978493388541
2024-05-06 10:30:00,4.76858472,trend_up,0.9696978493388541
2024-05-06 11:30:00,4.73926965,trend_up,0.9254264981159408
2024-05-06 14:00:00,4.73926965,trend_up,0.9742323281814625
2024-05-06 15:00:00,4.73926965,trend_up,0.9212211388208612
2024-05-07 10:30:00,4.68063951,trend_up,0.8156601237330515
2024-05-07 11:30:00,4.70995458,trend_up,0.8156601237330515
2024-05-07 14:00:00,4.70995458,trend_up,0.6554353925269597
2024-05-07 15:00:00,4.70995458,range,0.4463221082749991
2024-05-08 10:30:00,4.65132444,trend_down,0.6073029387372603
2024-05-08 11:30:00,4.63178106,trend_down,0.6491959135829651
2024-05-08 14:00:00,4.65132444,trend_down,0.6554353925269597
2024-05-08 15:00:00,4.63178106,trend_down,0.6554353925269597
2024-05-09 10:30:00,4.68063951,trend_up,0.8156601237330515
2024-05-09 11:30:00,4.70995458,trend_up,0.8156601237330515
2024-05-09 14:00:00,4.68063951,range,0.5455324485346053
2024-05-09 15:00:00,4.68063951,range,0.8960555700076558
2024-05-10 10:30:00,4.67086782,range,0.8600395340794738
2024-05-10 11:30:00,4.70018289,range,0.7240131848057194
2024-05-10 14:00:00,4.70995458,range,0.685759807008504
2024-05-10 15:00:00,4.70018289,range,0.8072668076257075
2024-05-13 10:30:00,4.67086782,range,0.7965110756279783
2024-05-13 11:30:00,4.68063951,range,0.8960555700076558
2024-05-13 14:00:00,4.70995458,range,0.7863367821971079
2024-05-13 15:00:00,4.70018289,range,0.7863367821971079
2024-05-14 10:30:00,4.68063951,range,0.8960555700076558
2024-05-14 11:30:00,4.68063951,range,0.9091523182718814
2024-05-14 14:00:00,4.71972627,range,0.7863367821971079
2024-05-14 15:00:00,4.71972627,range,0.46034280339655637
2024-05-15 10:30:00,4.64155275,range,0.6803949028958726
2024-05-15 11:30:00,4.66109613,range,0.8064962037434751
2024-05-15 14:00:00,4.63178106,range,0.6629975606461551
2024-05-15 15:00:00,4.62200937,range,0.6629975606461551
2024-05-16 10:30:00,4.63178106,trend_down,0.53795574256754
2024-05-16 11:30:00,4.63178106,range,0.516177559255072
2024-05-16 14:00:00,4.61223768,range,0.5574051340513307
2024-05-16 15:00:00,4.5926943,trend_down,0.6517091912780055
2024-05-17 10:30:00,4.60246599,trend_down,0.812621349618431
2024-05-17 11:30:00,4.60246599,trend_down,0.6052085078829801
2024-05-17 14:00:00,4.60246599,trend_down,0.6052085078829801
2024-05-17 15:00:00,4.66109613,range,0.596740290616225
2024-05-20 10:30:00,4.6904112,trend_up,0.410712223826284
2024-05-20 11:30:00,4.68063951,trend_up,0.5399094434744496
2024-05-20 14:00:00,4.68063951,range,0.6672066495870824
2024-05-20 15:00:00,4.67086782,trend_up,0.6785402064872875
2024-05-21 10:30:00,4.67086782,trend_up,0.8656902338736445
2024-05-21 11:30:00,4.66109613,trend_up,0.7274146089053374
2024-05-21 14:00:00,4.64155275,range,0.8707257407161615
2024-05-21 15:00:00,4.63178106,range,0.9068654402922653
2024-05-22 10:30:00,4.65132444,range,0.8862011044689261
2024-05-22 11:30:00,4.65132444,range,0.9070860827310898
2024-05-22 14:00:00,4.63178106,range,0.5525671821101094
2024-05-22 15:00:00,4.63178106,range,0.5525671821101094
2024-05-23 10:30:00,4.58292261,trend_down,0.5817061940041655
2024-05-23 11:30:00,4.57315092,trend_down,0.8434095799572288
2024-05-23 14:00:00,4.54383585,trend_down,0.8107397006424614
2024-05-23 15:00:00,4.55360754,trend_down,0.8471799711672638
2024-05-24 10:30:00,4.57315092,trend_down,0.8902144987503774
2024-05-24 11:30:00,4.56337923,trend_down,0.8540433404472647
2024-05-24 14:00:00,4.53406416,trend_down,0.9671310851438669
2024-05-24 15:00:00,4.51452078,trend_down,0.8219355018305541
2024-05-27 10:30:00,4.50474909,trend_down,0.5212898803958179
2024-05-27 11:30:00,4.4949774,trend_down,0.9696978493388541
2024-05-27 14:00:00,4.4949774,trend_down,0.9696978493388541
2024-05-27 15:00:00,4.54383585,trend_down,0.9689210597843152
2024-05-28 10:30:00,4.53406416,trend_down,0.9696978493388541
2024-05-28 11:30:00,4.52429247,trend_down,0.9696978493388541
2024-05-28 14:00:00,4.50474909,trend_down,0.9689210597843152
2024-05-28 15:00:00,4.4949774,trend_down,0.9696978493388541
2024-05-29 10:30:00,4.52429247,trend_down,0.7377913016586114
2024-05-29 11:30:00,4.52429247,trend_down,0.8643692320187244
2024-05-29 14:00:00,4.4949774,trend_down,0.9592704627017886
2024-05-29 15:00:00,4.4949774,trend_down,0.9593939632520089
2024-05-30 10:30:00,4.4949774,trend_down,0.815005404942124
2024-05-30 11:30:00,4.50474909,range,0.5223252786344997
2024-05-30 14:00:00,4.4949774,trend_down,0.6095051648586621
2024-05-30 15:00:00,4.50474909,range,0.5242059324304521
2024-05-31 10:30:00,4.52429247,range,0.8947105530629855
2024-05-31 11:30:00,4.51452078,range,0.9070860827310898
2024-05-31 14:00:00,4.51452078,range,0.9070860827310898
2024-05-31 15:00:00,4.4949774,range,0.7687647182774826
2024-06-03 10:30:00,4.50474909,range,0.7056467217477775
2024-06-03 11:30:00,4.47543402,range,0.4845018156528272
2024-06-03 14:00:00,4.46566233,trend_down,0.5150352171756635
2024-06-03 15:00:00,4.47543402,range,0.5024058566247694
2024-06-04 10:30:00,4.48520571,range,0.458376930114946
2024-06-04 11:30:00,4.4949774,range,0.7818914962549456
2024-06-04 14:00:00,4.47543402,range,0.5203821520414154
2024-06-04 15:00:00,4.50474909,range,0.8932580625140008
2024-06-05 10:30:00,4.4949774,range,0.8932580625140008
2024-06-05 11:30:00,4.4949774,range,0.9085694331485682
2024-06-05 14:00:00,4.4949774,range,0.8932580625140008
2024-06-05 15:00:00,4.45589064,range,0.7813070530221972
2024-06-06 10:30:00,4.38748881,trend_down,0.7635756484551439
2024-06-06 11:30:00,4.3972605,trend_down,0.9513612180331552
2024-06-06 14:00:00,4.37771712,trend_down,0.5353414024884853
2024-06-06 15:00:00,4.38748881,trend_down,0.5407135016471885
2024-06-07 10:30:00,4.38748881,trend_down,0.9742323281814625
2024-06-07 11:30:00,4.35817374,trend_down,0.8237904192896002
2024-06-07 14:00:00,4.32885867,trend_down,0.5283018173322191
2024-06-07 15:00:00,4.33863036,trend_down,0.9713217933116737
2024-06-11 10:30:00,4.33863036,trend_down,0.938106489634533
2024-06-11 11:30:00,4.32885867,trend_down,0.9713217933116737
2024-06-11 14:00:00,4.32885867,trend_down,0.9713217933116737
2024-06-11 15:00:00,4.31908698,trend_down,0.9705246689210671
2024-06-12 10:30:00,4.31908698,trend_down,0.9696978493388541
2024-06-12 11:30:00,4.30931529,trend_down,0.9254264981159408
2024-06-12 14:00:00,4.31908698,trend_down,0.9230955164120815
2024-06-12 15:00:00,4.30931529,trend_down,0.9230955164120815
2024-06-13 10:30:00,4.28000022,trend_down,0.968840342841616
2024-06-13 11:30:00,4.28977191,trend_down,0.9230955164120815
2024-06-13 14:00:00,4.30931529,trend_down,0.9212211388208612
2024-06-13 15:00:00,4.30931529,trend_down,0.9680422957267861
2024-06-14 10:30:00,4.28977191,trend_down,0.9314574362320277
2024-06-14 11:30:00,4.31908698,trend_down,0.9581306173140381
2024-06-14 14:00:00,4.38748881,trend_up,0.737823825568231
2024-06-14 15:00:00,4.37771712,trend_up,0.9423709533776204
2024-06-17 10:30:00,4.42657557,trend_up,0.737823825568231
2024-06-17 11:30:00,4.40703219,trend_up,0.8812855876076623
2024-06-17 14:00:00,4.38748881,trend_up,0.8840769116367145
2024-06-17 15:00:00,4.40703219,trend_up,0.7757646083214381
2024-06-18 10:30:00,4.43634726,trend_up,0.8989569418665566
2024-06-18 11:30:00,4.42657557,trend_up,0.7478098839523799
2024-06-18 14:00:00,4.41680388,trend_up,0.9013965819316143
2024-06-18 15:00:00,4.41680388,trend_up,0.7757646083214381
2024-06-19 10:30:00,4.3972605,trend_up,0.900980090619673
2024-06-19 11:30:00,4.3972605,trend_up,0.8205066479738508
2024-06-19 14:00:00,4.3972605,trend_up,0.8205066479738508
2024-06-19 15:00:00,4.38748881,range,0.5189241709150464
2024-06-20 10:30:00,4.37771712,trend_up,0.582891918217398
2024-06-20 11:30:00,4.33863036,trend_down,0.6032138335566802
2024-06-20 14:00:00,4.33863036,trend_down,0.883838202927371
2024-06-20 15:00:00,4.32885867,trend_down,0.881474001786309
2024-06-21 10:30:00,4.36794543,trend_down,0.7168482183270487
2024-06-21 11:30:00,4.3972605,trend_down,0.532727735048976
2024-06-21 14:00:00,4.38748881,trend_down,0.5255368726491012
2024-06-21 15:00:00,4.36794543,trend_down,0.5906161733765932
2024-06-24 10:30:00,4.31908698,trend_down,0.7411093228820071
2024-06-24 11:30:00,4.33863036,trend_down,0.8438850894919662
2024-06-24 14:00:00,4.32885867,trend_down,0.7990807723304278
2024-06-24 15:00:00,4.31908698,trend_down,0.9505140032602493
2024-06-25 10:30:00,4.2995436,trend_down,0.9742323281814625
2024-06-25 11:30:00,4.28000022,trend_down,0.968840342841616
2024-06-25 14:00:00,4.27022853,trend_down,0.9684347549889223
2024-06-25 15:00:00,4.28000022,trend_down,0.92445906048994
2024-06-26 10:30:00,4.27022853,trend_down,0.9742323281814625
2024-06-26 11:30:00,4.28000022,trend_down,0.9705246689210671
2024-06-26 14:00:00,4.30931529,trend_down,0.9259188089160423
2024-06-26 15:00:00,4.32885867,trend_down,0.8840769116367145
2024-06-27 10:30:00,4.28000022,trend_down,0.9098701378212137
2024-06-27 11:30:00,4.2995436,trend_down,0.9098701378212137
2024-06-27 14:00:00,4.28000022,trend_down,0.9098701378212137
2024-06-27 15:00:00,4.28000022,trend_down,0.9117246531901516
2024-06-28 10:30:00,4.31,trend_down,0.4837419474561697
2024-06-28 11:30:00,4.31,trend_down,0.6735886903367564
2024-06-28 14:00:00,4.27,trend_down,0.6573542631442072
2024-06-28 15:00:00,4.21,trend_down,0.8322145192590896
2024-07-01 10:30:00,4.22,trend_down,0.5903462125643385
2024-07-01 11:30:00,4.25,trend_down,0.9288321601726122
2024-07-01 14:00:00,4.24,trend_down,0.8281636651260168
2024-07-01 15:00:00,4.24,trend_down,0.8237515454134446
2024-07-02 10:30:00,4.26,trend_down,0.9212211388208612
2024-07-02 11:30:00,4.21,trend_down,0.9230955164120815
2024-07-02 14:00:00,4.21,trend_down,0.7769491061590438
2024-07-02 15:00:00,4.21,trend_down,0.9098009843105702
2024-07-03 10:30:00,4.21,trend_down,0.9075479579203247
2024-07-03 11:30:00,4.23,trend_down,0.8192822453641552
2024-07-03 14:00:00,4.21,trend_down,0.8192822453641552
2024-07-03 15:00:00,4.21,trend_down,0.8192822453641552
2024-07-04 10:30:00,4.17,trend_down,0.9435205639145571
2024-07-04 11:30:00,4.14,trend_down,0.8880678046235817
2024-07-04 14:00:00,4.14,trend_down,0.5801051781729364
2024-07-04 15:00:00,4.1,trend_down,0.5337092170960941
2024-07-05 10:30:00,4.13,trend_down,0.539313794585776
2024-07-05 11:30:00,4.13,trend_down,0.9696978493388541
2024-07-05 14:00:00,4.11,trend_down,0.9705246689210671
2024-07-05 15:00:00,4.12,trend_down,0.9019048519618212
2024-07-08 10:30:00,4.04,trend_down,0.5293985367695945
2024-07-08 11:30:00,4.03,trend_down,0.539313794585776
2024-07-08 14:00:00,4.02,trend_down,0.9696978493388541
2024-07-08 15:00:00,4.01,trend_down,0.539313794585776
2024-07-09 10:30:00,3.95,trend_down,0.4850766622556711
2024-07-09 11:30:00,3.97,trend_down,0.5407135016471885
2024-07-09 14:00:00,4.06,trend_down,0.9735686106763175
2024-07-09 15:00:00,4.06,trend_down,0.9212211388208612
2024-07-10 10:30:00,4.1,trend_down,0.5529036999713479
2024-07-10 11:30:00,4.09,trend_down,0.5963623155074708
2024-07-10 14:00:00,4.08,trend_down,0.5963623155074708
2024-07-10 15:00:00,4.08,trend_down,0.5963623155074708
2024-07-11 10:30:00,4.18,trend_up,0.7310250647575071
2024-07-11 11:30:00,4.17,trend_up,0.8784154790480619
2024-07-11 14:00:00,4.17,trend_up,0.8784154790480619
2024-07-11 15:00:00,4.17,trend_up,0.7547601062651265
2024-07-12 10:30:00,4.16,trend_up,0.8123414493055849
2024-07-12 11:30:00,4.14,trend_up,0.8493096640531225
2024-07-12 14:00:00,4.13,trend_up,0.808111438353901
2024-07-12 15:00:00,4.14,trend_up,0.808111438353901
2024-07-15 10:30:00,4.21,trend_up,0.7271389531433591
2024-07-15 11:30:00,4.22,trend_up,0.8414240059105436
2024-07-15 14:00:00,4.21,trend_up,0.5854776871579885
2024-07-15 15:00:00,4.22,trend_up,0.8414240059105436
2024-07-16 10:30:00,4.23,trend_up,0.7425545113860129
2024-07-16 11:30:00,4.23,trend_up,0.8375576247161503
2024-07-16 14:00:00,4.23,trend_up,0.8375576247161503
2024-07-16 15:00:00,4.23,trend_up,0.8375576247161503
2024-07-17 10:30:00,4.28,trend_up,0.8038227130337542
2024-07-17 11:30:00,4.3,trend_up,0.8664121568616737
2024-07-17 14:00:00,4.31,trend_up,0.8533842709695522
2024-07-17 15:00:00,4.31,trend_up,0.8927407182097999
2024-07-18 10:30:00,4.28,trend_up,0.938106489634533
2024-07-18 11:30:00,4.27,trend_up,0.9679511336517824
2024-07-18 14:00:00,4.28,trend_up,0.9671310851438669
2024-07-18 15:00:00,4.3,trend_up,0.9679511336517824
2024-07-19 10:30:00,4.29,trend_up,0.9671310851438669
2024-07-19 11:30:00,4.32,trend_up,0.9630431473640584
2024-07-19 14:00:00,4.32,trend_up,0.9735686106763175
2024-07-19 15:00:00,4.32,trend_up,0.9293420397512221
2024-07-22 10:30:00,4.33,trend_up,0.634565033529252
2024-07-22 11:30:00,4.34,trend_up,0.9679511336517824
2024-07-22 14:00:00,4.3,trend_up,0.9569493631443057
2024-07-22 15:00:00,4.32,trend_up,0.8155130958834124
2024-07-23 10:30:00,4.36,trend_up,0.8538930337598477
2024-07-23 11:30:00,4.35,trend_up,0.6692163404760045
2024-07-23 14:00:00,4.33,trend_up,0.8579993070247722
2024-07-23 15:00:00,4.28,range,0.6130512033176081
2024-07-24 10:30:00,4.3,trend_down,0.5255368726491012
2024-07-24 11:30:00,4.3,range,0.6130512033176081
2024-07-24 14:00:00,4.3,range,0.6130512033176081
2024-07-24 15:00:00,4.27,range,0.795484194260536
2024-07-25 10:30:00,4.32,range,0.5168886633652346
2024-07-25 11:30:00,4.32,range,0.7826346264475538
2024-07-25 14:00:00,4.31,range,0.8095349036905007
2024-07-25 15:00:00,4.31,range,0.8095349036905007
2024-07-26 10:30:00,4.41,trend_up,0.5081895229423784
2024-07-26 11:30:00,4.4,trend_up,0.7172619588291982
2024-07-26 14:00:00,4.41,trend_up,0.7653156989197472
2024-07-26 15:00:00,4.41,trend_up,0.907635003707718
2024-07-29 10:30:00,4.43,trend_up,0.8842259038384984
2024-07-29 11:30:00,4.44,trend_up,0.7693713625113313
2024-07-29 14:00:00,4.42,trend_up,0.8958711337427966
2024-07-29 15:00:00,4.41,trend_up,0.8958711337427966
2024-07-30 10:30:00,4.44,trend_up,0.9679511336517824
2024-07-30 11:30:00,4.45,trend_up,0.7876092458734775
2024-07-30 14:00:00,4.45,trend_up,0.8219355018305541
2024-07-30 15:00:00,4.45,trend_up,0.8927407182097999
2024-07-31 10:30:00,4.59,breakout_up,0.48512049459319745
2024-07-31 11:30:00,4.68,trend_up,0.5293985367695945
2024-07-31 14:00:00,4.67,trend_up,0.504032890722713
2024-07-31 15:00:00,4.68,trend_up,0.9028419690136968
2024-08-01 10:30:00,4.66,trend_up,0.8003153026697971
2024-08-01 11:30:00,4.66,trend_up,0.9182273385573261
2024-08-01 14:00:00,4.69,trend_up,0.9742323281814625
2024-08-01 15:00:00,4.68,trend_up,0.9182273385573261
2024-08-02 10:30:00,4.66,trend_up,0.8264601616968841
2024-08-02 11:30:00,4.65,trend_up,0.8895342149017359
2024-08-02 14:00:00,4.61,trend_up,0.9557253993927181
2024-08-02 15:00:00,4.61,trend_up,0.9557253993927181
2024-08-05 10:30:00,4.62,trend_up,0.9090635430530795
2024-08-05 11:30:00,4.63,trend_up,0.886942038506704
2024-08-05 14:00:00,4.56,trend_up,0.790893365222354
2024-08-05 15:00:00,4.55,trend_down,0.790893365222354
2024-08-06 10:30:00,4.57,trend_up,0.790893365222354
2024-08-06 11:30:00,4.56,trend_up,0.8156601237330515
2024-08-06 14:00:00,4.55,trend_down,0.9096603708933312
2024-08-06 15:00:00,4.6,trend_up,0.9423709533776204
2024-08-07 10:30:00,4.57,trend_up,0.8156601237330515
2024-08-07 11:30:00,4.57,range,0.455445798709778
2024-08-07 14:00:00,4.58,trend_down,0.6073029387372603
2024-08-07 15:00:00,4.57,range,0.455445798709778
2024-08-08 10:30:00,4.59,trend_up,0.8156601237330515
2024-08-08 11:30:00,4.64,trend_up,0.9423709533776204
2024-08-08 14:00:00,4.63,trend_up,0.8693229371688215
2024-08-08 15:00:00,4.63,trend_up,0.5812297646283645
2024-08-09 10:30:00,4.61,trend_up,0.8364706572086146
2024-08-09 11:30:00,4.6,trend_up,0.8106573326538037
2024-08-09 14:00:00,4.6,trend_up,0.5145769405993377
2024-08-09 15:00:00,4.58,range,0.7521371808182002
2024-08-12 10:30:00,4.59,range,0.6356567985997432
2024-08-12 11:30:00,4.56,range,0.5731823569743637
2024-08-12 14:00:00,4.56,range,0.5731823569743637
2024-08-12 15:00:00,4.57,range,0.5882663822619455
2024-08-13 10:30:00,4.62,trend_up,0.5780151778860745
2024-08-13 11:30:00,4.6,range,0.5011696763574541
2024-08-13 14:00:00,4.6,range,0.5011696763574541
2024-08-13 15:00:00,4.64,trend_up,0.6981159566911367
2024-08-14 10:30:00,4.64,trend_up,0.7177877360565809
2024-08-14 11:30:00,4.65,trend_up,0.5622955236539501
2024-08-14 14:00:00,4.64,trend_up,0.5647392265623256
2024-08-14 15:00:00,4.61,trend_up,0.5643116812574618
2024-08-15 10:30:00,4.67,trend_up,0.8155882582746559
2024-08-15 11:30:00,4.63,trend_up,0.9119887865116667
2024-08-15 14:00:00,4.62,trend_up,0.7659730145623967
2024-08-15 15:00:00,4.63,trend_up,0.9098701378212136
2024-08-16 10:30:00,4.6,trend_up,0.7224773335313012
2024-08-16 11:30:00,4.58,trend_down,0.6676344334317177
2024-08-16 14:00:00,4.57,trend_up,0.6676344334317177
2024-08-16 15:00:00,4.58,range,0.5521940070910742
2024-08-19 10:30:00,4.61,trend_up,0.6676344334317177
2024-08-19 11:30:00,4.62,range,0.5521940070910742
2024-08-19 14:00:00,4.62,range,0.49367613118705433
2024-08-19 15:00:00,4.61,range,0.49367613118705433
2024-08-20 10:30:00,4.57,range,0.7870762248465117
2024-08-20 11:30:00,4.56,trend_down,0.4810831506231631
2024-08-20 14:00:00,4.55,trend_down,0.5872122288736993
2024-08-20 15:00:00,4.54,trend_down,0.6100032138997542
2024-08-21 10:30:00,4.56,trend_down,0.9017801636116093
2024-08-21 11:30:00,4.54,trend_down,0.900980090619673
2024-08-21 14:00:00,4.52,trend_down,0.9327239608453954
2024-08-21 15:00:00,4.53,trend_down,0.8164731192348211
2024-08-22 10:30:00,4.49,breakout_down,0.5113385853298299
2024-08-22 11:30:00,4.49,trend_down,0.5269348729574833
2024-08-22 14:00:00,4.47,trend_down,0.9679511336517824
2024-08-22 15:00:00,4.46,trend_down,0.5387730654631989
2024-08-23 10:30:00,4.43,trend_down,0.8219355018305541
2024-08-23 11:30:00,4.47,trend_down,0.5390484451925946
2024-08-23 14:00:00,4.44,trend_down,0.968840342841616
2024-08-23 15:00:00,4.46,trend_down,0.968840342841616
2024-08-26 10:30:00,4.46,trend_down,0.968840342841616
2024-08-26 11:30:00,4.47,trend_down,0.968840342841616
2024-08-26 14:00:00,4.45,trend_down,0.968840342841616
2024-08-26 15:00:00,4.46,trend_down,0.968840342841616
2024-08-27 10:30:00,4.42,trend_down,0.9261119987479053
2024-08-27 11:30:00,4.43,trend_down,0.9742323281814625
2024-08-27 14:00:00,4.41,trend_down,0.9742323281814625
2024-08-27 15:00:00,4.4,trend_down,0.5156789627930598
2024-08-28 10:30:00,4.42,trend_down,0.6349470762771685
2024-08-28 11:30:00,4.41,trend_down,0.968840342841616
2024-08-28 14:00:00,4.39,trend_down,0.9696978493388541
2024-08-28 15:00:00,4.4,trend_down,0.9696978493388541
2024-08-29 10:30:00,4.44,trend_down,0.8739401467364921
2024-08-29 11:30:00,4.44,trend_down,0.6628559907031637
2024-08-29 14:00:00,4.41,trend_down,0.7224166514371863
2024-08-29 15:00:00,4.38,trend_down,0.8385540002081114
2024-08-30 10:30:00,4.51,trend_up,0.7906342251986189
2024-08-30 11:30:00,4.55,trend_up,0.9181602103582699
2024-08-30 14:00:00,4.56,trend_up,0.9181602103582699
2024-08-30 15:00:00,4.52,trend_up,0.855581000415728
2024-09-02 10:30:00,4.41,reversal,0.5447871049920667
2024-09-02 11:30:00,4.37,trend_down,0.8247895281347408
2024-09-02 14:00:00,4.37,trend_down,0.7958286637388137
2024-09-02 15:00:00,4.36,trend_down,0.7958286637388137
2024-09-03 10:30:00,4.38,trend_down,0.943345182942301
2024-09-03 11:30:00,4.38,trend_down,0.9212211388208612
2024-09-03 14:00:00,4.37,trend_down,0.7674418169778482
2024-09-03 15:00:00,4.36,trend_down,0.7446898409641253
2024-09-04 10:30:00,4.37,trend_down,0.9183940335578761
2024-09-04 11:30:00,4.33,trend_down,0.9403025693492182
2024-09-04 14:00:00,4.35,trend_down,0.879410007901863
2024-09-04 15:00:00,4.33,trend_down,0.9179802441287964
2024-09-05 10:30:00,4.35,trend_down,0.9661863672976857
2024-09-05 11:30:00,4.33,trend_down,0.9735686106763175
2024-09-05 14:00:00,4.32,trend_down,0.9179802441287964
2024-09-05 15:00:00,4.34,trend_down,0.9735686106763175
2024-09-06 10:30:00,4.43,range,0.434889322393725
2024-09-06 11:30:00,4.39,range,0.6289200282351567
2024-09-06 14:00:00,4.37,range,0.8034067673847938
2024-09-06 15:00:00,4.36,trend_down,0.5812297646283645
2024-09-09 10:30:00,4.37,range,0.6988894492332515
2024-09-09 11:30:00,4.37,range,0.8600395340794738
2024-09-09 14:00:00,4.33,trend_down,0.5503363746233976
2024-09-09 15:00:00,4.34,trend_down,0.5314785125189843
2024-09-10 10:30:00,4.27,trend_down,0.680486574280573
2024-09-10 11:30:00,4.25,trend_down,0.5187881851152121
2024-09-10 14:00:00,4.28,trend_down,0.7124680888866436
2024-09-10 15:00:00,4.31,trend_down,0.7029277703122272
2024-09-11 10:30:00,4.29,trend_down,0.7124680888866436
2024-09-11 11:30:00,4.28,trend_down,0.7624714097997891
2024-09-11 14:00:00,4.28,trend_down,0.7177877360565809
2024-09-11 15:00:00,4.3,trend_down,0.8902144987503774
2024-09-12 10:30:00,4.31,trend_down,0.6237146086002725
2024-09-12 11:30:00,4.29,trend_down,0.6518016609119309
2024-09-12 14:00:00,4.33,range,0.5367232051589758
2024-09-12 15:00:00,4.31,range,0.7995050735526689
2024-09-13 10:30:00,4.34,range,0.42664829619252953
2024-09-13 11:30:00,4.34,range,0.8335407204208519
2024-09-13 14:00:00,4.34,range,0.6210429185113224
2024-09-13 15:00:00,4.35,range,0.8335407204208519
2024-09-18 10:30:00,4.27,trend_down,0.5111506662096559
2024-09-18 11:30:00,4.25,range,0.5067820346763223
2024-09-18 14:00:00,4.33,range,0.6289200282351567
2024-09-18 15:00:00,4.32,range,0.836379350546799
2024-09-19 10:30:00,4.42,trend_up,0.4247525245250973
2024-09-19 11:30:00,4.38,trend_up,0.7806899454595977
2024-09-19 14:00:00,4.36,trend_up,0.9423709533776204
2024-09-19 15:00:00,4.38,trend_up,0.9526892231117793
2024-09-20 10:30:00,4.39,trend_up,0.8491236163364417
2024-09-20 11:30:00,4.38,trend_up,0.7428243732053119
2024-09-20 14:00:00,4.35,trend_up,0.8989569418665566
2024-09-20 15:00:00,4.38,trend_up,0.8989569418665566
2024-09-23 10:30:00,4.39,trend_up,0.8061753562504116
2024-09-23 11:30:00,4.4,trend_up,0.8989569418665566
2024-09-23 14:00:00,4.39,trend_up,0.7563838706517836
2024-09-23 15:00:00,4.4,trend_up,0.7563838706517836
2024-09-24 10:30:00,4.42,trend_up,0.7875590463930038
2024-09-24 11:30:00,4.58,trend_up,0.504032890722713
2024-09-24 14:00:00,4.62,trend_up,0.8273627485107009
2024-09-24 15:00:00,4.64,trend_up,0.504032890722713
2024-09-25 10:30:00,4.81,breakout_up,0.4452658905757582
2024-09-25 11:30:00,4.76,trend_up,0.938106489634533
2024-09-25 14:00:00,4.73,trend_up,0.9742323281814625
2024-09-25 15:00:00,4.73,trend_up,0.9742323281814625
2024-09-26 10:30:00,4.81,trend_up,0.938106489634533
2024-09-26 11:30:00,4.77,trend_up,0.9742323281814625
2024-09-26 14:00:00,4.93,trend_up,0.5293985367695945
2024-09-26 15:00:00,5.01,trend_up,0.47675406878691773
2024-09-27 10:30:00,5.14,breakout_up,0.47683102472388567
2024-09-27 11:30:00,5.26,trend_up,0.5387744558789236
2024-09-27 14:00:00,5.28,trend_up,0.8264601616968841
2024-09-27 15:00:00,5.43,trend_up,0.5387744558789236
2024-09-30 10:30:00,5.92,breakout_up,0.47683102472388567
2024-09-30 11:30:00,5.97,trend_up,0.5195010918436814
2024-09-30 14:00:00,5.97,trend_up,0.9206961464705191
2024-09-30 15:00:00,5.97,trend_up,0.9206961464705191
2024-10-08 10:30:00,6.57,trend_up,0.4867176642252086
2024-10-08 11:30:00,6.57,trend_up,0.9074700472430703
2024-10-08 14:00:00,6.57,trend_up,0.9126494725783159
2024-10-08 15:00:00,6.57,trend_up,0.9182273385573261
2024-10-09 10:30:00,6.31,trend_up,0.9074700472430703
2024-10-09 11:30:00,6.14,trend_up,0.9671356839524399
2024-10-09 14:00:00,6.19,trend_up,0.9679556215260039
2024-10-09 15:00:00,5.91,trend_up,0.956955323110568
2024-10-10 10:30:00,5.87,trend_down,0.8163339908524693
2024-10-10 11:30:00,6.16,trend_up,0.9671356839524399
2024-10-10 14:00:00,6.08,trend_up,0.932025720133591
2024-10-10 15:00:00,5.99,trend_down,0.7551989029526169
2024-10-11 10:30:00,5.67,trend_down,0.8941029787259807
2024-10-11 11:30:00,5.64,trend_down,0.5754827443311201
2024-10-11 14:00:00,5.65,trend_down,0.8156601237330515
2024-10-11 15:00:00,5.61,trend_down,0.6428670560630614
2024-10-14 10:30:00,5.41,trend_down,0.8941029787259807
2024-10-14 11:30:00,5.63,trend_down,0.9096603708933312
2024-10-14 14:00:00,5.62,trend_down,0.8037830379511186
2024-10-14 15:00:00,5.65,trend_down,0.8037830379511186
2024-10-15 10:30:00,5.6,trend_down,0.8037830379511186
2024-10-15 11:30:00,5.61,trend_down,0.8037830379511186
2024-10-15 14:00:00,5.56,trend_down,0.8037830379511186
2024-10-15 15:00:00,5.46,trend_down,0.8037830379511186
2024-10-16 10:30:00,5.49,trend_down,0.9088717738996209
2024-10-16 11:30:00,5.55,trend_down,0.9096603708933312
2024-10-16 14:00:00,5.52,trend_down,0.8912103162014117
2024-10-16 15:00:00,5.51,trend_down,0.8912103162014117
2024-10-17 10:30:00,5.5,trend_down,0.8912103162014117
2024-10-17 11:30:00,5.5,trend_down,0.8693229371688215
2024-10-17 14:00:00,5.48,trend_down,0.8037830379511186
2024-10-17 15:00:00,5.42,trend_down,0.8693229371688215
2024-10-18 10:30:00,5.47,trend_down,0.8693229371688215
2024-10-18 11:30:00,5.54,trend_down,0.9096603708933312
2024-10-18 14:00:00,5.7,trend_up,0.5399094434744496
2024-10-18 15:00:00,5.68,trend_up,0.5492969148346772
2024-10-21 10:30:00,5.65,trend_up,0.5529036999713479
2024-10-21 11:30:00,5.62,trend_up,0.6491959135829651
2024-10-21 14:00:00,5.59,trend_up,0.6491959135829651
2024-10-21 15:00:00,5.6,range,0.6356567985997432
2024-10-22 10:30:00,5.61,trend_up,0.5858872534115398
2024-10-22 11:30:00,5.63,trend_up,0.5079855202092495
2024-10-22 14:00:00,5.61,trend_up,0.5079855202092495
2024-10-22 15:00:00,5.64,trend_up,0.5774656010470498
2024-10-23 10:30:00,5.72,trend_up,0.6486254732789563
2024-10-23 11:30:00,5.71,trend_up,0.6563220120971588
2024-10-23 14:00:00,5.72,trend_up,0.6614523778828112
2024-10-23 15:00:00,5.66,trend_up,0.8540433404472647
2024-10-24 10:30:00,5.65,trend_up,0.5995452105459698
2024-10-24 11:30:00,5.65,trend_up,0.6518016609119309
2024-10-24 14:00:00,5.62,range,0.6299592696573502
2024-10-24 15:00:00,5.67,trend_up,0.8414240059105436
2024-10-25 10:30:00,5.78,trend_up,0.572944149949324
2024-10-25 11:30:00,5.8,trend_up,0.63984502046001
2024-10-25 14:00:00,5.78,trend_up,0.83445980475675
2024-10-25 15:00:00,5.76,trend_up,0.6563220120971588
2024-10-28 10:30:00,5.76,trend_up,0.9365728327825781
2024-10-28 11:30:00,5.76,trend_up,0.8934098402710774
2024-10-28 14:00:00,5.77,trend_up,0.8934098402710774
2024-10-28 15:00:00,5.82,trend_up,0.968840342841616
2024-10-29 10:30:00,5.92,trend_up,0.6372585403282438
2024-10-29 11:30:00,5.89,trend_up,0.9742323281814625
2024-10-29 14:00:00,5.85,trend_up,0.9742323281814625
2024-10-29 15:00:00,5.8,trend_up,0.9735686106763175
2024-10-30 10:30:00,5.87,trend_up,0.9742323281814625
2024-10-30 11:30:00,5.96,trend_up,0.9360297430545271
2024-10-30 14:00:00,5.9,trend_up,0.9569306208080132
2024-10-30 15:00:00,5.95,trend_up,0.9569306208080132
2024-10-31 10:30:00,6.22,breakout_up,0.47683102472388567
2024-10-31 11:30:00,6.2,trend_up,0.9679556215260039
2024-10-31 14:00:00,6.14,trend_up,0.9569306208080132
2024-10-31 15:00:00,6.16,trend_up,0.9742323281814625
2024-11-01 10:30:00,6.75,breakout_up,0.47683102472388567
2024-11-01 11:30:00,6.55,trend_up,0.5195010918436814
2024-11-01 14:00:00,6.44,trend_up,0.9679556215260039
2024-11-01 15:00:00,6.35,trend_up,0.9679556215260039
2024-11-04 10:30:00,6.51,trend_up,0.9074700472430703
2024-11-04 11:30:00,6.58,trend_up,0.9679556215260039
2024-11-04 14:00:00,6.51,trend_up,0.9705246689210671
2024-11-04 15:00:00,6.71,trend_up,0.9705246689210671
2024-11-05 10:30:00,6.81,trend_up,0.5195010918436814
2024-11-05 11:30:00,6.9,trend_up,0.9713217933116737
2024-11-05 14:00:00,6.82,trend_up,0.9705246689210671
2024-11-05 15:00:00,6.86,trend_up,0.9705246689210671
2024-11-06 10:30:00,6.81,trend_up,0.938106489634533
2024-11-06 11:30:00,6.67,trend_up,0.9697684139280737
2024-11-06 14:00:00,6.69,trend_up,0.8712464509372875
2024-11-06 15:00:00,6.6,trend_up,0.9592704627017886
2024-11-07 10:30:00,6.53,trend_down,0.7999342837378464
2024-11-07 11:30:00,6.52,trend_up,0.6676344334317177
2024-11-07 14:00:00,7.03,trend_up,0.5925146604594679
2024-11-07 15:00:00,6.97,trend_up,0.7773993997391854
2024-11-08 10:30:00,6.79,trend_up,0.7926480844888746
2024-11-08 11:30:00,6.73,range,0.5521940070910742
2024-11-08 14:00:00,6.73,trend_up,0.7137135907345468
2024-11-08 15:00:00,6.66,trend_up,0.7137135907345468
2024-11-11 10:30:00,6.63,trend_down,0.6615824891304735
2024-11-11 11:30:00,6.67,range,0.4842447860690605
2024-11-11 14:00:00,6.69,range,0.4842447860690605
2024-11-11 15:00:00,6.71,range,0.4842447860690605
2024-11-12 10:30:00,6.66,range,0.6941415031866094
2024-11-12 11:30:00,6.65,range,0.6941415031866094
2024-11-12 14:00:00,6.58,range,0.6941415031866094
2024-11-12 15:00:00,6.55,range,0.49209851201904514
2024-11-13 10:30:00,6.45,trend_down,0.9096603708933312
2024-11-13 11:30:00,6.47,trend_down,0.8784154790480619
2024-11-13 14:00:00,6.5,trend_down,0.5297699603102178
2024-11-13 15:00:00,6.5,trend_down,0.5297699603102178
2024-11-14 10:30:00,6.48,trend_down,0.5297699603102178
2024-11-14 11:30:00,6.5,trend_down,0.5297699603102178
2024-11-14 14:00:00,6.47,trend_down,0.5297699603102178
2024-11-14 15:00:00,6.4,trend_down,0.5239737120696346
2024-11-15 10:30:00,6.36,trend_down,0.5118483811467051
2024-11-15 11:30:00,6.28,trend_down,0.6300146308119627
2024-11-15 14:00:00,6.26,trend_down,0.6300146308119627
2024-11-15 15:00:00,6.14,breakout_down,0.5580215164796193
2024-11-18 10:30:00,6.19,breakout_down,0.44778010532456397
2024-11-18 11:30:00,6.16,trend_down,0.9470025662049734
2024-11-18 14:00:00,6.07,trend_down,0.9505140032602493
2024-11-18 15:00:00,6.05,trend_down,0.7579381359386135
2024-11-19 10:30:00,6.05,trend_down,0.968840342841616
2024-11-19 11:30:00,6.02,trend_down,0.9230955164120815
2024-11-19 14:00:00,6.01,trend_down,0.8264601616968841
2024-11-19 15:00:00,6.11,trend_down,0.968840342841616
2024-11-20 10:30:00,6.07,trend_down,0.9679511336517824
2024-11-20 11:30:00,6.14,trend_down,0.9647550446694093
2024-11-20 14:00:00,6.13,trend_down,0.7904472738941067
2024-11-20 15:00:00,6.14,trend_down,0.7904472738941067
2024-11-21 10:30:00,6.12,trend_down,0.9647550446694093
2024-11-21 11:30:00,6.13,trend_down,0.8402943511389828
2024-11-21 14:00:00,6.15,trend_down,0.9319157352306672
2024-11-21 15:00:00,6.15,range,0.5114861692670563
2024-11-22 10:30:00,6.08,trend_down,0.8540433404472647
2024-11-22 11:30:00,6.05,trend_down,0.8572684278457645
2024-11-22 14:00:00,5.96,trend_down,0.7083516709142998
2024-11-22 15:00:00,5.82,trend_down,0.42540197189731205
2024-11-25 10:30:00,5.83,trend_down,0.638097334732534
2024-11-25 11:30:00,5.79,trend_down,0.966073424863376
2024-11-25 14:00:00,5.76,trend_down,0.6500417381001691
2024-11-25 15:00:00,5.85,trend_down,0.6504743209313293
2024-11-26 10:30:00,5.99,trend_down,0.9365728327825781
2024-11-26 11:30:00,5.97,trend_down,0.9557253993927181
2024-11-26 14:00:00,5.93,trend_down,0.886942038506704
2024-11-26 15:00:00,5.92,trend_down,0.9162450753751263
2024-11-27 10:30:00,5.98,trend_down,0.5529036999713479
2024-11-27 11:30:00,6.0,trend_up,0.5693234864679636
2024-11-27 14:00:00,5.99,range,0.5455324485346053
2024-11-27 15:00:00,6.13,trend_up,0.5414110904703863
2024-11-28 10:30:00,6.24,trend_up,0.5366100519903155
2024-11-28 11:30:00,6.17,trend_up,0.8156601237330515
2024-11-28 14:00:00,6.17,trend_up,0.8156601237330515
2024-11-28 15:00:00,6.12,trend_up,0.9423709533776204
2024-11-29 10:30:00,6.09,trend_up,0.9423709533776204
2024-11-29 11:30:00,6.32,trend_up,0.7736577567616959
2024-11-29 14:00:00,6.28,trend_up,0.5925146604594678
2024-11-29 15:00:00,6.25,trend_up,0.878459223905384
2024-12-02 10:30:00,6.32,trend_up,0.8581487862286942
2024-12-02 11:30:00,6.31,trend_up,0.8808754331114961
2024-12-02 14:00:00,6.29,trend_up,0.8958711337427966
2024-12-02 15:00:00,6.31,trend_up,0.9206961464705191
2024-12-03 10:30:00,6.23,trend_up,0.9671310851438669
2024-12-03 11:30:00,6.25,trend_up,0.9206961464705191
2024-12-03 14:00:00,6.24,trend_up,0.9187684356464907
2024-12-03 15:00:00,6.3,trend_up,0.9742323281814625
2024-12-04 10:30:00,6.28,trend_up,0.9206961464705191
2024-12-04 11:30:00,6.28,trend_up,0.7177877360565809
2024-12-04 14:00:00,6.28,trend_up,0.7177877360565809
2024-12-04 15:00:00,6.21,range,0.5662926162526309
2024-12-05 10:30:00,6.24,range,0.7535994836059334
2024-12-05 11:30:00,6.29,range,0.5731823569743637
2024-12-05 14:00:00,6.28,range,0.7521371808182002
2024-12-05 15:00:00,6.3,range,0.7521371808182002
2024-12-06 10:30:00,6.29,trend_up,0.6901246879786478
2024-12-06 11:30:00,6.39,trend_up,0.6866347235484179
2024-12-06 14:00:00,6.38,trend_up,0.5547125544476372
2024-12-06 15:00:00,6.39,trend_up,0.5603436505264106
2024-12-09 10:30:00,6.39,trend_up,0.7467088075887622
2024-12-09 11:30:00,6.28,range,0.7587811733891006
2024-12-09 14:00:00,6.27,range,0.7722451375612671
2024-12-09 15:00:00,6.31,range,0.8034067673847938
2024-12-10 10:30:00,6.48,trend_up,0.5063625133791191
2024-12-10 11:30:00,6.42,trend_up,0.6956124261749731
2024-12-10 14:00:00,6.37,trend_up,0.6956124261749731
2024-12-10 15:00:00,6.32,range,0.5662926162526309
2024-12-11 10:30:00,6.32,range,0.7497206378675046
2024-12-11 11:30:00,6.29,range,0.6299592696573502
2024-12-11 14:00:00,6.28,range,0.7705357985483827
2024-12-11 15:00:00,6.29,trend_down,0.5110918184132843
2024-12-12 10:30:00,6.32,range,0.5662926162526309
2024-12-12 11:30:00,6.45,range,0.6299592696573502
2024-12-12 14:00:00,6.4,trend_up,0.6465933116478583
2024-12-12 15:00:00,6.43,range,0.4962490207082196
2024-12-13 10:30:00,6.28,range,0.795484194260536
2024-12-13 11:30:00,6.29,range,0.7687647182774826
2024-12-13 14:00:00,6.33,range,0.6241366913594073
2024-12-13 15:00:00,6.25,range,0.43720636478307423
2024-12-16 10:30:00,6.22,trend_down,0.8158377606251345
2024-12-16 11:30:00,6.25,trend_down,0.5908897730935443
2024-12-16 14:00:00,6.24,trend_down,0.5142803300338894
2024-12-16 15:00:00,6.3,trend_down,0.5908897730935443
2024-12-17 10:30:00,6.24,trend_down,0.5297699603102178
2024-12-17 11:30:00,6.2,trend_down,0.6465933116478583
2024-12-17 14:00:00,6.23,trend_down,0.5297699603102178
2024-12-17 15:00:00,6.22,trend_down,0.5297699603102178
2024-12-18 10:30:00,6.23,trend_down,0.5297699603102178
2024-12-18 11:30:00,6.23,range,0.5819078489731289
2024-12-18 14:00:00,6.21,trend_down,0.5901611865688013
2024-12-18 15:00:00,6.2,trend_down,0.5964619998421714
2024-12-19 10:30:00,6.1,trend_down,0.6174834065405933
2024-12-19 11:30:00,6.13,trend_down,0.7269708128231741
2024-12-19 14:00:00,6.18,trend_down,0.8934098402710774
2024-12-19 15:00:00,6.2,range,0.5242059324304521
2024-12-20 10:30:00,6.2,range,0.5399098038701242
2024-12-20 11:30:00,6.22,range,0.7980726928403754
2024-12-20 14:00:00,6.22,range,0.7980726928403754
2024-12-20 15:00:00,6.21,range,0.7839144015868765
2024-12-23 10:30:00,6.18,trend_down,0.5033600054900631
2024-12-23 11:30:00,6.18,trend_down,0.5467480466815917
2024-12-23 14:00:00,6.14,trend_down,0.5331812904942943
2024-12-23 15:00:00,6.11,trend_down,0.5396748250599501
2024-12-24 10:30:00,6.21,range,0.7953641163337866
2024-12-24 11:30:00,6.21,range,0.8960555700076558
2024-12-24 14:00:00,6.23,range,0.7863367821971079
2024-12-24 15:00:00,6.27,range,0.7722451375612671
2024-12-25 10:30:00,6.19,range,0.6890721388401949
2024-12-25 11:30:00,6.16,range,0.7851479446904522
2024-12-25 14:00:00,6.24,range,0.7851479446904522
2024-12-25 15:00:00,6.23,range,0.7851479446904522
2024-12-26 10:30:00,6.24,range,0.7851479446904522
2024-12-26 11:30:00,6.24,range,0.7722451375612671
2024-12-26 14:00:00,6.23,range,0.503616096073202
2024-12-26 15:00:00,6.24,range,0.5537895366448894
2024-12-27 10:30:00,6.3,range,0.48317694930821176
2024-12-27 11:30:00,6.37,trend_up,0.5981115284978522
2024-12-27 14:00:00,6.32,trend_up,0.9496354774399214
2024-12-27 15:00:00,6.32,trend_up,0.9052286302355669
2024-12-30 10:30:00,6.35,trend_up,0.9742323281814625
2024-12-30 11:30:00,6.33,trend_up,0.8927407182097999
2024-12-30 14:00:00,6.36,trend_up,0.8927407182097999
2024-12-30 15:00:00,6.38,trend_up,0.8927407182097999
2024-12-31 10:30:00,6.28,trend_up,0.8144270115893723
2024-12-31 11:30:00,6.18,trend_down,0.8144270115893723
2024-12-31 14:00:00,6.17,trend_down,0.9526892231117793
2024-12-31 15:00:00,6.06,trend_down,0.8200793002316316
2025-01-02 10:30:00,5.92,trend_down,0.504032890722713
2025-01-02 11:30:00,5.88,trend_down,0.5407135016471885
2025-01-02 14:00:00,5.82,trend_down,0.8139754305656954
2025-01-02 15:00:00,5.73,trend_down,0.5293985367695945
2025-01-03 10:30:00,5.75,trend_down,0.9742323281814625
2025-01-03 11:30:00,5.66,trend_down,0.9679511336517824
2025-01-03 14:00:00,5.6,trend_down,0.8219355018305541
2025-01-03 15:00:00,5.56,trend_down,0.5390484451925946
2025-01-06 10:30:00,5.58,trend_down,0.5390484451925946
2025-01-06 11:30:00,5.57,trend_down,0.9230955164120815
2025-01-06 14:00:00,5.55,trend_down,0.8264601616968841
2025-01-06 15:00:00,5.56,trend_down,0.9742323281814625
2025-01-07 10:30:00,5.55,trend_down,0.9742323281814625
2025-01-07 11:30:00,5.5,trend_down,0.7876092458734775
2025-01-07 14:00:00,5.54,trend_down,0.5407135016471885
2025-01-07 15:00:00,5.59,trend_down,0.9742323281814625
2025-01-08 10:30:00,5.45,trend_down,0.6537255360960815
2025-01-08 11:30:00,5.39,trend_down,0.6159946169915211
2025-01-08 14:00:00,5.51,trend_down,0.6445142267203092
2025-01-08 15:00:00,5.55,trend_down,0.9557253993927181
2025-01-09 10:30:00,5.53,trend_down,0.886942038506704
2025-01-09 11:30:00,5.52,trend_down,0.886942038506704
2025-01-09 14:00:00,5.51,trend_down,0.9162450753751263
2025-01-09 15:00:00,5.51,trend_down,0.9162450753751263
